         218
  0.175000000000000        1312500.00000000     
         418
  0.525000000000000        3937500.00000000     
         161
  0.875000000000000        6562500.00000000     
         487
   1.22500000000000        9187500.00000000     
         202
   1.57500000000000        11812500.0000000     
          23
   1.92500000000000        14437500.0000000     
         193
   2.27500000000000        17062500.0000000     
           8
   2.62500000000000        19687500.0000000     
         341
   2.97500000000000        22312500.0000000     
         377
   3.32500000000000        24937500.0000000     
         395
   3.67500000000000        27562500.0000000     
         182
   4.02500000000000        30187500.0000000     
         125
   4.37500000000000        32812500.0000000     
          40
   4.72500000000000        35437500.0000000     
          54
   5.07500000000000        38062500.0000000     
         168
   5.42500000000000        40687500.0000000     
         320
   5.77500000000000        43312500.0000000     
         466
   6.12500000000000        45937500.0000000     
          19
   6.47500000000000        48562500.0000000     
         333
   6.82500000000000        51187500.0000000     
         467
   7.17500000000000        53812500.0000000     
         158
   7.52500000000000        56437500.0000000     
         157
   7.87500000000000        59062500.0000000     
         137
   8.22500000000000        61687500.0000000     
         267
   8.57500000000000        64312500.0000000     
         452
   8.92500000000000        66937500.0000000     
         269
   9.27500000000000        69562500.0000000     
         178
   9.62499999999999        72187500.0000000     
         157
   9.97499999999999        74812500.0000000     
         173
   10.3250000000000        77437500.0000000     
         238
   10.6750000000000        80062500.0000000     
         160
   11.0250000000000        82687500.0000000     
         402
   11.3750000000000        85312499.9999999     
         435
   11.7250000000000        87937499.9999999     
          85
   12.0750000000000        90562499.9999999     
          38
   12.4250000000000        93187499.9999999     
         155
   12.7750000000000        95812499.9999999     
         532
   13.1250000000000        98437499.9999999     
         462
   13.4750000000000        101062500.000000     
         214
   13.8250000000000        103687500.000000     
         354
   14.1750000000000        106312500.000000     
         222
   14.5250000000000        108937500.000000     
         215
   14.8750000000000        111562500.000000     
          47
   15.2250000000000        114187500.000000     
         526
   15.5750000000000        116812500.000000     
         298
   15.9250000000000        119437500.000000     
         521
   16.2750000000000        122062500.000000     
         295
   16.6250000000000        124687500.000000     
         449
   16.9750000000000        127312500.000000     
         526
   17.3250000000000        129937500.000000     
         440
   17.6750000000000        132562500.000000     
          21
   18.0250000000000        135187500.000000     
         428
   18.3750000000000        137812500.000000     
         529
   18.7250000000000        140437500.000000     
         313
   19.0750000000000        143062500.000000     
         324
   19.4250000000000        145687500.000000     
         280
   19.7750000000000        148312500.000000     
         462
   20.1250000000000        150937500.000000     
          94
   20.4750000000000        153562500.000000     
          74
   20.8250000000000        156187500.000000     
          66
   21.1750000000000        158812500.000000     
         338
   21.5250000000000        161437500.000000     
         429
   21.8750000000000        164062500.000000     
         163
   22.2250000000000        166687500.000000     
          90
   22.5750000000000        169312500.000000     
         174
   22.9250000000000        171937500.000000     
         347
   23.2750000000000        174562500.000000     
         514
   23.6250000000000        177187500.000000     
          63
   23.9750000000000        179812500.000000     
         100
   24.3250000000000        182437500.000000     
         103
   24.6750000000000        185062500.000000     
         383
   25.0250000000000        187687500.000000     
         429
   25.3750000000000        190312500.000000     
         361
   25.7250000000000        192937500.000000     
         284
   26.0750000000000        195562500.000000     
         410
   26.4250000000000        198187500.000000     
         294
   26.7750000000000        200812500.000000     
         316
   27.1250000000000        203437500.000000     
          43
   27.4750000000000        206062500.000000     
         116
   27.8250000000000        208687500.000000     
         266
   28.1750000000000        211312500.000000     
         119
   28.5250000000000        213937500.000000     
         373
   28.8750000000000        216562500.000000     
          30
   29.2250000000000        219187500.000000     
         383
   29.5750000000000        221812500.000000     
          89
   29.9250000000000        224437500.000000     
          53
   30.2750000000000        227062500.000000     
         471
   30.6250000000000        229687500.000000     
         221
   30.9750000000001        232312500.000000     
         236
   31.3250000000001        234937500.000000     
         105
   31.6750000000001        237562500.000000     
         314
   32.0250000000001        240187500.000000     
          86
   32.3750000000001        242812500.000000     
         382
   32.7250000000001        245437500.000000     
         337
   33.0750000000001        248062500.000000     
         533
   33.4250000000001        250687500.000000     
         252
   33.7750000000001        253312500.000000     
         118
   34.1250000000001        255937500.000000     
         436
   34.4750000000001        258562500.000000     
         510
   34.8250000000001        261187500.000001     
         171
   35.1750000000001        263812500.000001     
         436
   35.5250000000001        266437500.000001     
         145
   35.8750000000001        269062500.000001     
         120
   36.2250000000001        271687500.000001     
         412
   36.5750000000001        274312500.000001     
         428
   36.9250000000001        276937500.000001     
          46
   37.2750000000001        279562500.000001     
         468
   37.6250000000001        282187500.000001     
         228
   37.9750000000001        284812500.000001     
         283
   38.3250000000001        287437500.000001     
         526
   38.6750000000001        290062500.000001     
         201
   39.0250000000001        292687500.000001     
         410
   39.3750000000001        295312500.000001     
         499
   39.7250000000001        297937500.000001     
          17
   40.0750000000001        300562500.000001     
         265
   40.4250000000001        303187500.000001     
         239
   40.7750000000001        305812500.000001     
         156
   41.1250000000001        308437500.000001     
         137
   41.4750000000001        311062500.000001     
          67
   41.8250000000001        313687500.000001     
         177
   42.1750000000001        316312500.000001     
          25
   42.5250000000001        318937500.000001     
         520
   42.8750000000001        321562500.000001     
         431
   43.2250000000001        324187500.000001     
         530
   43.5750000000001        326812500.000001     
          15
   43.9250000000001        329437500.000001     
         171
   44.2750000000001        332062500.000001     
         331
   44.6250000000001        334687500.000001     
         234
   44.9750000000001        337312500.000001     
         358
   45.3250000000001        339937500.000001     
         139
   45.6750000000001        342562500.000001     
         290
   46.0250000000001        345187500.000001     
         321
   46.3750000000001        347812500.000001     
         456
   46.7250000000001        350437500.000001     
         194
   47.0750000000001        353062500.000001     
          70
   47.4250000000001        355687500.000001     
         389
   47.7750000000001        358312500.000001     
         163
   48.1250000000001        360937500.000001     
         132
   48.4750000000001        363562500.000001     
         211
   48.8250000000001        366187500.000001     
         271
   49.1750000000001        368812500.000001     
         536
   49.5250000000001        371437500.000001     
         401
   49.8750000000001        374062500.000001     
         453
   50.2250000000001        376687500.000001     
         237
   50.5750000000001        379312500.000001     
         408
   50.9250000000001        381937500.000001     
         172
   51.2750000000001        384562500.000001     
          70
   51.6250000000001        387187500.000001     
         490
   51.9750000000001        389812500.000001     
         202
   52.3250000000001        392437500.000001     
         439
   52.6750000000001        395062500.000001     
         249
   53.0250000000001        397687500.000001     
         411
   53.3750000000001        400312500.000001     
         262
   53.7250000000001        402937500.000001     
         393
   54.0750000000001        405562500.000001     
         505
   54.4250000000001        408187500.000001     
         209
   54.7750000000001        410812500.000001     
         534
   55.1250000000001        413437500.000001     
         238
   55.4750000000002        416062500.000001     
          84
   55.8250000000002        418687500.000001     
         262
   56.1750000000002        421312500.000001     
         472
   56.5250000000002        423937500.000001     
         414
   56.8750000000002        426562500.000001     
          50
   57.2250000000002        429187500.000001     
         157
   57.5750000000002        431812500.000001     
         232
   57.9250000000002        434437500.000001     
         220
   58.2750000000002        437062500.000001     
          98
   58.6250000000002        439687500.000001     
         115
   58.9750000000002        442312500.000001     
          20
   59.3250000000002        444937500.000001     
         267
   59.6750000000002        447562500.000001     
         458
   60.0250000000002        450187500.000001     
         492
   60.3750000000002        452812500.000001     
         359
   60.7250000000002        455437500.000001     
          83
   61.0750000000002        458062500.000001     
         153
   61.4250000000002        460687500.000001     
         310
   61.7750000000002        463312500.000001     
         193
   62.1250000000002        465937500.000001     
         511
   62.4750000000002        468562500.000001     
         459
   62.8250000000002        471187500.000001     
         401
   63.1750000000002        473812500.000001     
         409
   63.5250000000002        476437500.000001     
         236
   63.8750000000002        479062500.000001     
         276
   64.2250000000002        481687500.000001     
         115
   64.5750000000002        484312500.000001     
         444
   64.9250000000002        486937500.000001     
          27
   65.2750000000002        489562500.000001     
         474
   65.6250000000002        492187500.000001     
          40
   65.9750000000002        494812500.000001     
         335
   66.3250000000001        497437500.000001     
         332
   66.6750000000001        500062500.000001     
         258
   67.0250000000001        502687500.000001     
         498
   67.3750000000001        505312500.000001     
          91
   67.7250000000001        507937500.000001     
         293
   68.0750000000001        510562500.000001     
          66
   68.4250000000001        513187500.000001     
          13
   68.7750000000001        515812500.000001     
         194
   69.1250000000001        518437500.000001     
         405
   69.4750000000001        521062500.000001     
         445
   69.8250000000001        523687500.000001     
         212
   70.1750000000001        526312500.000001     
         139
   70.5250000000001        528937500.000001     
         274
   70.8750000000001        531562500.000001     
          78
   71.2250000000001        534187500.000000     
         130
   71.5750000000001        536812500.000000     
         219
   71.9250000000001        539437500.000000     
         466
   72.2750000000000        542062500.000000     
         172
   72.6250000000000        544687500.000000     
         496
   72.9750000000000        547312500.000000     
         377
   73.3250000000000        549937500.000000     
         288
   73.6750000000000        552562500.000000     
         500
   74.0250000000000        555187500.000000     
         198
   74.3750000000000        557812500.000000     
         425
   74.7250000000000        560437500.000000     
         313
   75.0750000000000        563062500.000000     
         464
   75.4250000000000        565687500.000000     
          71
   75.7750000000000        568312500.000000     
         405
   76.1250000000000        570937500.000000     
         501
   76.4750000000000        573562500.000000     
         183
   76.8250000000000        576187500.000000     
         154
   77.1750000000000        578812500.000000     
          89
   77.5250000000000        581437500.000000     
         122
   77.8750000000000        584062500.000000     
         281
   78.2250000000000        586687500.000000     
          80
   78.5749999999999        589312500.000000     
         390
   78.9249999999999        591937500.000000     
         252
   79.2749999999999        594562500.000000     
         350
   79.6249999999999        597187500.000000     
         132
   79.9749999999999        599812499.999999     
         189
   80.3249999999999        602437499.999999     
         120
   80.6749999999999        605062499.999999     
         217
   81.0249999999999        607687499.999999     
         108
   81.3749999999999        610312499.999999     
          37
   81.7249999999999        612937499.999999     
          82
   82.0749999999999        615562499.999999     
         317
   82.4249999999999        618187499.999999     
         373
   82.7749999999999        620812499.999999     
         407
   83.1249999999999        623437499.999999     
         174
   83.4749999999999        626062499.999999     
         205
   83.8249999999999        628687499.999999     
         200
   84.1749999999999        631312499.999999     
         275
   84.5249999999998        633937499.999999     
         130
   84.8749999999998        636562499.999999     
         306
   85.2249999999998        639187499.999999     
         431
   85.5749999999998        641812499.999999     
         526
   85.9249999999998        644437499.999999     
         486
   86.2749999999998        647062499.999999     
         222
   86.6249999999998        649687499.999999     
         215
   86.9749999999998        652312499.999999     
         347
   87.3249999999998        654937499.999999     
          69
   87.6749999999998        657562499.999998     
          30
   88.0249999999998        660187499.999998     
         363
   88.3749999999998        662812499.999998     
         229
   88.7249999999998        665437499.999998     
         416
   89.0749999999998        668062499.999998     
         444
   89.4249999999998        670687499.999998     
         361
   89.7749999999998        673312499.999998     
         141
   90.1249999999998        675937499.999998     
         504
   90.4749999999998        678562499.999998     
          67
   90.8249999999997        681187499.999998     
         393
   91.1749999999997        683812499.999998     
         219
   91.5249999999997        686437499.999998     
           6
   91.8749999999997        689062499.999998     
         509
   92.2249999999997        691687499.999998     
         351
   92.5749999999997        694312499.999998     
         229
   92.9249999999997        696937499.999998     
         230
   93.2749999999997        699562499.999998     
         103
   93.6249999999997        702187499.999998     
           7
   93.9749999999997        704812499.999998     
         319
   94.3249999999997        707437499.999998     
         176
   94.6749999999997        710062499.999998     
          68
   95.0249999999997        712687499.999998     
         419
   95.3749999999997        715312499.999997     
          36
   95.7249999999997        717937499.999997     
         494
   96.0749999999997        720562499.999997     
         317
   96.4249999999997        723187499.999997     
         506
   96.7749999999997        725812499.999997     
         488
   97.1249999999996        728437499.999997     
         384
   97.4749999999996        731062499.999997     
         357
   97.8249999999996        733687499.999997     
         124
   98.1749999999996        736312499.999997     
         291
   98.5249999999996        738937499.999997     
         406
   98.8749999999996        741562499.999997     
         413
   99.2249999999996        744187499.999997     
         484
   99.5749999999996        746812499.999997     
         371
   99.9249999999996        749437499.999997     
         493
   100.275000000000        752062499.999997     
         230
   100.625000000000        754687499.999997     
         477
   100.975000000000        757312499.999997     
         490
   101.325000000000        759937499.999997     
         194
   101.675000000000        762562499.999997     
         177
   102.025000000000        765187499.999997     
         243
   102.375000000000        767812499.999997     
         306
   102.725000000000        770437499.999997     
         511
   103.075000000000        773062499.999997     
         442
   103.425000000000        775687499.999997     
         331
   103.775000000000        778312499.999997     
         448
   104.125000000000        780937499.999996     
         229
   104.475000000000        783562499.999996     
         233
   104.825000000000        786187499.999996     
         286
   105.175000000000        788812499.999996     
         396
   105.525000000000        791437499.999996     
         258
   105.875000000000        794062499.999996     
         482
   106.224999999999        796687499.999996     
         474
   106.574999999999        799312499.999996     
         180
   106.924999999999        801937499.999996     
         170
   107.274999999999        804562499.999996     
          19
   107.624999999999        807187499.999996     
         252
   107.974999999999        809812499.999996     
          58
   108.324999999999        812437499.999996     
         213
   108.674999999999        815062499.999996     
         315
   109.024999999999        817687499.999996     
         315
   109.374999999999        820312499.999996     
          33
   109.724999999999        822937499.999996     
         134
   110.074999999999        825562499.999996     
         239
   110.424999999999        828187499.999996     
         513
   110.774999999999        830812499.999996     
         479
   111.124999999999        833437499.999996     
         432
   111.474999999999        836062499.999996     
         128
   111.824999999999        838687499.999996     
         143
   112.174999999999        841312499.999995     
          73
   112.524999999999        843937499.999995     
         438
   112.874999999999        846562499.999995     
         207
   113.224999999999        849187499.999995     
         335
   113.574999999999        851812499.999995     
          92
   113.924999999999        854437499.999995     
         175
   114.274999999999        857062499.999995     
         299
   114.624999999999        859687499.999995     
         534
   114.974999999999        862312499.999995     
         401
   115.324999999999        864937499.999995     
         478
   115.674999999999        867562499.999995     
         191
   116.024999999999        870187499.999995     
         441
   116.374999999999        872812499.999995     
          33
   116.724999999999        875437499.999995     
         161
   117.074999999999        878062499.999995     
         349
   117.424999999999        880687499.999995     
         347
   117.774999999999        883312499.999995     
         252
   118.124999999999        885937499.999995     
          31
   118.474999999999        888562499.999995     
         236
   118.824999999999        891187499.999995     
         432
   119.174999999999        893812499.999995     
         523
   119.524999999999        896437499.999995     
          18
   119.874999999999        899062499.999995     
         459
   120.224999999999        901687499.999995     
         338
   120.574999999999        904312499.999995     
         140
   120.924999999999        906937499.999994     
         378
   121.274999999999        909562499.999994     
         135
   121.624999999999        912187499.999994     
         261
   121.974999999999        914812499.999994     
         305
   122.324999999999        917437499.999994     
         255
   122.674999999999        920062499.999994     
         361
   123.024999999999        922687499.999994     
         385
   123.374999999999        925312499.999994     
         436
   123.724999999999        927937499.999994     
         251
   124.074999999999        930562499.999994     
          54
   124.424999999999        933187499.999994     
           1
   124.774999999999        935812499.999994     
         349
   125.124999999999        938437499.999994     
         420
   125.474999999999        941062499.999994     
         455
   125.824999999999        943687499.999994     
         231
   126.174999999999        946312499.999994     
         282
   126.524999999999        948937499.999994     
         100
   126.874999999999        951562499.999994     
         474
   127.224999999999        954187499.999994     
          57
   127.574999999999        956812499.999994     
         352
   127.924999999999        959437499.999994     
           8
   128.274999999999        962062499.999993     
         417
   128.624999999999        964687499.999993     
         262
   128.974999999999        967312499.999993     
         296
   129.324999999999        969937499.999993     
         106
   129.674999999999        972562499.999993     
         108
   130.024999999999        975187499.999993     
         506
   130.374999999999        977812499.999993     
         320
   130.724999999999        980437499.999993     
         502
   131.074999999999        983062499.999993     
         486
   131.424999999999        985687499.999993     
          69
   131.774999999999        988312499.999993     
          63
   132.124999999999        990937499.999993     
         191
   132.474999999999        993562499.999993     
         208
   132.824999999999        996187499.999993     
         463
   133.174999999999        998812499.999993     
           3
   133.524999999999        1001437499.99999     
         343
   133.874999999999        1004062499.99999     
         187
   134.224999999999        1006687499.99999     
         194
   134.574999999999        1009312499.99999     
         537
   134.924999999999        1011937499.99999     
          97
   135.274999999999        1014562499.99999     
         316
   135.624999999999        1017187499.99999     
          66
   135.974999999999        1019812499.99999     
         372
   136.324999999999        1022437499.99999     
         517
   136.674999999999        1025062499.99999     
         411
   137.024999999999        1027687499.99999     
         127
   137.374999999999        1030312499.99999     
         384
   137.724999999999        1032937499.99999     
          31
   138.074999999999        1035562499.99999     
          11
   138.424999999999        1038187499.99999     
         411
   138.774999999999        1040812499.99999     
         136
   139.124999999999        1043437499.99999     
         251
   139.474999999999        1046062499.99999     
         461
   139.824999999999        1048687499.99999     
         168
   140.174999999999        1051312499.99999     
         106
   140.524999999999        1053937499.99999     
         466
   140.874999999999        1056562499.99999     
         344
   141.224999999999        1059187499.99999     
         255
   141.574999999999        1061812499.99999     
         285
   141.924999999999        1064437499.99999     
          18
   142.274999999999        1067062499.99999     
         143
   142.624999999999        1069687499.99999     
          51
   142.974999999999        1072312499.99999     
         261
   143.324999999999        1074937499.99999     
         504
   143.674999999999        1077562499.99999     
          31
   144.024999999999        1080187499.99999     
         526
   144.374999999999        1082812499.99999     
         481
   144.724999999999        1085437499.99999     
         217
   145.074999999999        1088062499.99999     
         272
   145.424999999999        1090687499.99999     
         245
   145.774999999999        1093312499.99999     
         157
   146.124999999999        1095937499.99999     
         341
   146.474999999999        1098562499.99999     
         525
   146.824999999999        1101187499.99999     
         120
   147.174999999999        1103812499.99999     
         349
   147.524999999999        1106437499.99999     
         171
   147.874999999999        1109062499.99999     
          11
   148.224999999999        1111687499.99999     
         204
   148.574999999999        1114312499.99999     
         113
   148.924999999999        1116937499.99999     
         362
   149.274999999999        1119562499.99999     
         329
   149.624999999999        1122187499.99999     
         311
   149.974999999999        1124812499.99999     
         207
   150.324999999999        1127437499.99999     
         511
   150.674999999999        1130062499.99999     
         295
   151.024999999999        1132687499.99999     
         384
   151.374999999999        1135312499.99999     
         380
   151.724999999999        1137937499.99999     
         354
   152.074999999999        1140562499.99999     
         468
   152.424999999999        1143187499.99999     
         181
   152.774999999999        1145812499.99999     
         507
   153.124999999999        1148437499.99999     
         390
   153.474999999999        1151062499.99999     
         229
   153.824999999999        1153687499.99999     
         134
   154.174999999999        1156312499.99999     
         491
   154.524999999999        1158937499.99999     
         259
   154.874999999999        1161562499.99999     
         300
   155.224999999999        1164187499.99999     
         185
   155.574999999999        1166812499.99999     
         312
   155.924999999999        1169437499.99999     
          26
   156.274999999999        1172062499.99999     
         297
   156.624999999999        1174687499.99999     
         149
   156.974999999999        1177312499.99999     
          73
   157.324999999999        1179937499.99999     
         528
   157.674999999999        1182562499.99999     
          20
   158.024999999999        1185187499.99999     
         149
   158.374999999999        1187812499.99999     
         365
   158.724999999999        1190437499.99999     
         296
   159.074999999999        1193062499.99999     
         531
   159.424999999999        1195687499.99999     
         514
   159.774999999999        1198312499.99999     
         497
   160.124999999999        1200937499.99999     
          34
   160.474999999999        1203562499.99999     
         499
   160.824999999999        1206187499.99999     
          28
   161.174999999999        1208812499.99999     
          56
   161.524999999999        1211437499.99999     
          96
   161.874999999999        1214062499.99999     
         246
   162.224999999999        1216687499.99999     
         522
   162.574999999999        1219312499.99999     
          61
   162.924999999999        1221937499.99999     
         493
   163.274999999999        1224562499.99999     
         424
   163.624999999999        1227187499.99999     
         133
   163.974999999999        1229812499.99999     
         479
   164.324999999999        1232437499.99999     
         343
   164.674999999999        1235062499.99999     
         206
   165.024999999999        1237687499.99999     
         216
   165.374999999999        1240312499.99999     
         479
   165.724999999999        1242937499.99999     
           1
   166.074999999999        1245562499.99999     
         163
   166.424999999999        1248187499.99999     
         110
   166.774999999998        1250812499.99999     
          69
   167.124999999998        1253437499.99999     
          45
   167.474999999998        1256062499.99999     
         116
   167.824999999998        1258687499.99999     
         263
   168.174999999998        1261312499.99999     
         273
   168.524999999998        1263937499.99999     
         196
   168.874999999998        1266562499.99999     
         168
   169.224999999998        1269187499.99999     
         394
   169.574999999998        1271812499.99999     
         128
   169.924999999998        1274437499.99999     
         346
   170.274999999998        1277062499.99999     
          17
   170.624999999998        1279687499.99999     
         436
   170.974999999998        1282312499.99999     
          71
   171.324999999998        1284937499.99999     
         205
   171.674999999998        1287562499.99999     
         341
   172.024999999998        1290187499.99999     
          86
   172.374999999998        1292812499.99999     
         250
   172.724999999998        1295437499.99999     
         519
   173.074999999998        1298062499.99999     
         457
   173.424999999998        1300687499.99999     
         496
   173.774999999998        1303312499.99999     
         343
   174.124999999998        1305937499.99999     
         182
   174.474999999998        1308562499.99999     
          90
   174.824999999998        1311187499.99999     
         131
   175.174999999998        1313812499.99999     
          72
   175.524999999998        1316437499.99999     
         434
   175.874999999998        1319062499.99999     
         512
   176.224999999998        1321687499.99999     
          60
   176.574999999998        1324312499.99999     
         407
   176.924999999998        1326937499.99999     
         247
   177.274999999998        1329562499.99999     
         384
   177.624999999998        1332187499.99999     
         468
   177.974999999998        1334812499.99999     
         486
   178.324999999998        1337437499.99999     
         240
   178.674999999998        1340062499.99999     
         274
   179.024999999998        1342687499.99999     
         344
   179.374999999998        1345312499.99999     
         168
   179.724999999998        1347937499.99999     
         478
   180.074999999998        1350562499.99999     
          74
   180.424999999998        1353187499.99999     
         534
   180.774999999998        1355812499.99999     
         153
   181.124999999998        1358437499.99999     
         505
   181.474999999998        1361062499.99999     
         421
   181.824999999998        1363687499.99999     
         236
   182.174999999998        1366312499.99999     
           0
   182.524999999998        1368937499.99999     
         322
   182.874999999998        1371562499.99999     
         101
   183.224999999998        1374187499.99999     
         230
   183.574999999998        1376812499.99999     
         265
   183.924999999998        1379437499.99999     
         229
   184.274999999998        1382062499.99999     
         476
   184.624999999998        1384687499.99999     
          72
   184.974999999998        1387312499.99999     
         295
   185.324999999998        1389937499.99999     
         454
   185.674999999998        1392562499.99999     
         436
   186.024999999998        1395187499.99999     
         533
   186.374999999998        1397812499.99999     
         421
   186.724999999998        1400437499.99999     
         294
   187.074999999998        1403062499.99999     
         377
   187.424999999998        1405687499.99999     
         220
   187.774999999998        1408312499.99999     
         255
   188.124999999998        1410937499.99999     
          16
   188.474999999998        1413562499.99999     
         228
   188.824999999998        1416187499.99999     
         481
   189.174999999998        1418812499.99999     
         317
   189.524999999998        1421437499.99999     
         500
   189.874999999998        1424062499.99999     
         333
   190.224999999998        1426687499.99999     
         513
   190.574999999998        1429312499.99999     
         331
   190.924999999998        1431937499.99999     
          59
   191.274999999998        1434562499.99999     
          45
   191.624999999998        1437187499.99999     
          43
   191.974999999998        1439812499.99999     
         221
   192.324999999998        1442437499.99999     
         462
   192.674999999998        1445062499.99999     
         236
   193.024999999998        1447687499.99999     
         302
   193.374999999998        1450312499.99999     
          74
   193.724999999998        1452937499.99999     
         504
   194.074999999998        1455562499.99999     
         442
   194.424999999998        1458187499.99999     
         362
   194.774999999998        1460812499.99999     
         230
   195.124999999998        1463437499.99999     
         134
   195.474999999998        1466062499.99999     
         510
   195.824999999998        1468687499.99999     
         105
   196.174999999998        1471312499.99999     
         389
   196.524999999998        1473937499.99999     
         449
   196.874999999998        1476562499.99998     
         270
   197.224999999998        1479187499.99998     
         528
   197.574999999998        1481812499.99998     
         518
   197.924999999998        1484437499.99998     
          30
   198.274999999998        1487062499.99998     
         182
   198.624999999998        1489687499.99998     
         375
   198.974999999998        1492312499.99998     
         168
   199.324999999998        1494937499.99998     
          26
   199.674999999998        1497562499.99998     
         265
   200.024999999998        1500187499.99998     
           6
   200.374999999998        1502812499.99998     
         177
   200.724999999998        1505437499.99998     
         169
   201.074999999998        1508062499.99998     
         410
   201.424999999998        1510687499.99998     
         470
   201.774999999998        1513312499.99998     
         368
   202.124999999998        1515937499.99998     
         296
   202.474999999998        1518562499.99998     
         504
   202.824999999998        1521187499.99998     
         149
   203.174999999998        1523812499.99998     
          55
   203.524999999998        1526437499.99998     
         232
   203.874999999998        1529062499.99998     
         325
   204.224999999998        1531687499.99998     
         133
   204.574999999998        1534312499.99998     
         207
   204.924999999998        1536937499.99998     
         243
   205.274999999998        1539562499.99998     
         540
   205.624999999998        1542187499.99998     
         516
   205.974999999998        1544812499.99998     
         448
   206.324999999998        1547437499.99998     
         247
   206.674999999998        1550062499.99998     
         260
   207.024999999998        1552687499.99998     
         122
   207.374999999998        1555312499.99998     
         384
   207.724999999998        1557937499.99998     
         304
   208.074999999998        1560562499.99998     
         297
   208.424999999998        1563187499.99998     
          65
   208.774999999998        1565812499.99998     
         356
   209.124999999998        1568437499.99998     
         534
   209.474999999998        1571062499.99998     
          83
   209.824999999998        1573687499.99998     
         219
   210.174999999998        1576312499.99998     
         224
   210.524999999998        1578937499.99998     
         126
   210.874999999998        1581562499.99998     
         482
   211.224999999998        1584187499.99998     
          76
   211.574999999998        1586812499.99998     
         223
   211.924999999998        1589437499.99998     
          81
   212.274999999998        1592062499.99998     
         469
   212.624999999998        1594687499.99998     
         139
   212.974999999998        1597312499.99998     
         448
   213.324999999998        1599937499.99998     
         469
   213.674999999998        1602562499.99998     
         179
   214.024999999998        1605187499.99998     
         449
   214.374999999998        1607812499.99998     
          62
   214.724999999998        1610437499.99998     
          34
   215.074999999998        1613062499.99998     
         284
   215.424999999998        1615687499.99998     
         439
   215.774999999998        1618312499.99998     
         322
   216.124999999998        1620937499.99998     
         385
   216.474999999998        1623562499.99998     
         165
   216.824999999998        1626187499.99998     
         437
   217.174999999998        1628812499.99998     
          13
   217.524999999998        1631437499.99998     
         500
   217.874999999998        1634062499.99998     
         383
   218.224999999998        1636687499.99998     
         159
   218.574999999998        1639312499.99998     
         141
   218.924999999998        1641937499.99998     
         284
   219.274999999998        1644562499.99998     
         182
   219.624999999998        1647187499.99998     
         285
   219.974999999998        1649812499.99998     
         322
   220.324999999998        1652437499.99998     
         339
   220.674999999998        1655062499.99998     
          60
   221.024999999998        1657687499.99998     
         150
   221.374999999998        1660312499.99998     
           0
   221.724999999998        1662937499.99998     
         184
   222.074999999998        1665562499.99998     
         335
   222.424999999998        1668187499.99998     
          76
   222.774999999998        1670812499.99998     
          32
   223.124999999998        1673437499.99998     
         171
   223.474999999998        1676062499.99998     
         452
   223.824999999998        1678687499.99998     
         243
   224.174999999998        1681312499.99998     
         415
   224.524999999998        1683937499.99998     
          26
   224.874999999998        1686562499.99998     
          78
   225.224999999998        1689187499.99998     
         206
   225.574999999998        1691812499.99998     
         439
   225.924999999998        1694437499.99998     
         224
   226.274999999998        1697062499.99998     
         459
   226.624999999998        1699687499.99998     
          18
   226.974999999998        1702312499.99998     
         110
   227.324999999998        1704937499.99998     
         424
   227.674999999998        1707562499.99998     
         161
   228.024999999998        1710187499.99998     
          40
   228.374999999997        1712812499.99998     
         133
   228.724999999997        1715437499.99998     
         532
   229.074999999997        1718062499.99998     
         177
   229.424999999997        1720687499.99998     
         298
   229.774999999997        1723312499.99998     
         502
   230.124999999997        1725937499.99998     
         124
   230.474999999997        1728562499.99998     
         215
   230.824999999997        1731187499.99998     
         399
   231.174999999997        1733812499.99998     
         533
   231.524999999997        1736437499.99998     
         405
   231.874999999997        1739062499.99998     
         507
   232.224999999997        1741687499.99998     
         275
   232.574999999997        1744312499.99998     
         499
   232.924999999997        1746937499.99998     
         366
   233.274999999997        1749562499.99998     
         284
   233.624999999997        1752187499.99998     
         237
   233.974999999997        1754812499.99998     
         265
   234.324999999997        1757437499.99998     
          59
   234.674999999997        1760062499.99998     
         535
   235.024999999997        1762687499.99998     
         441
   235.374999999997        1765312499.99998     
          79
   235.724999999997        1767937499.99998     
         535
   236.074999999997        1770562499.99998     
         172
   236.424999999997        1773187499.99998     
         495
   236.774999999997        1775812499.99998     
         153
   237.124999999997        1778437499.99998     
         308
   237.474999999997        1781062499.99998     
         356
   237.824999999997        1783687499.99998     
         367
   238.174999999997        1786312499.99998     
          86
   238.524999999997        1788937499.99998     
         115
   238.874999999997        1791562499.99998     
          35
   239.224999999997        1794187499.99998     
          79
   239.574999999997        1796812499.99998     
         383
   239.924999999997        1799437499.99998     
         514
   240.274999999997        1802062499.99998     
         190
   240.624999999997        1804687499.99998     
         240
   240.974999999997        1807312499.99998     
         224
   241.324999999997        1809937499.99998     
          72
   241.674999999997        1812562499.99998     
         147
   242.024999999997        1815187499.99998     
           8
   242.374999999997        1817812499.99998     
         496
   242.724999999997        1820437499.99998     
         293
   243.074999999997        1823062499.99998     
         310
   243.424999999997        1825687499.99998     
         257
   243.774999999997        1828312499.99998     
          72
   244.124999999997        1830937499.99998     
         162
   244.474999999997        1833562499.99998     
         492
   244.824999999997        1836187499.99998     
         496
   245.174999999997        1838812499.99998     
         276
   245.524999999997        1841437499.99998     
         428
   245.874999999997        1844062499.99998     
         137
   246.224999999997        1846687499.99998     
         429
   246.574999999997        1849312499.99998     
         432
   246.924999999997        1851937499.99998     
         279
   247.274999999997        1854562499.99998     
          14
   247.624999999997        1857187499.99998     
         331
   247.974999999997        1859812499.99998     
         463
   248.324999999997        1862437499.99998     
          75
   248.674999999997        1865062499.99998     
         309
   249.024999999997        1867687499.99998     
         356
   249.374999999997        1870312499.99998     
         413
   249.724999999997        1872937499.99998     
           0
   250.074999999997        1875562499.99998     
         453
   250.424999999997        1878187499.99998     
         394
   250.774999999997        1880812499.99998     
         380
   251.124999999997        1883437499.99998     
         425
   251.474999999997        1886062499.99998     
         529
   251.824999999997        1888687499.99998     
         367
   252.174999999997        1891312499.99998     
          47
   252.524999999997        1893937499.99998     
         431
   252.874999999997        1896562499.99998     
         185
   253.224999999997        1899187499.99998     
         342
   253.574999999997        1901812499.99998     
         466
   253.924999999997        1904437499.99998     
         191
   254.274999999997        1907062499.99998     
          27
   254.624999999997        1909687499.99998     
           5
   254.974999999997        1912312499.99998     
         257
   255.324999999997        1914937499.99998     
          53
   255.674999999997        1917562499.99998     
         413
   256.024999999997        1920187499.99998     
         502
   256.374999999997        1922812499.99998     
         344
   256.724999999997        1925437499.99998     
         527
   257.074999999997        1928062499.99998     
         227
   257.424999999997        1930687499.99998     
         423
   257.774999999997        1933312499.99998     
          62
   258.124999999997        1935937499.99998     
          37
   258.474999999997        1938562499.99998     
         379
   258.824999999997        1941187499.99998     
         102
   259.174999999997        1943812499.99998     
         269
   259.524999999997        1946437499.99998     
         116
   259.874999999997        1949062499.99998     
         246
   260.224999999997        1951687499.99998     
         282
   260.574999999997        1954312499.99998     
         410
   260.924999999997        1956937499.99998     
         510
   261.274999999997        1959562499.99998     
          27
   261.624999999997        1962187499.99998     
         340
   261.974999999997        1964812499.99998     
         389
   262.324999999997        1967437499.99998     
         221
   262.674999999998        1970062499.99998     
         164
   263.024999999998        1972687499.99998     
         521
   263.374999999998        1975312499.99998     
           3
   263.724999999998        1977937499.99998     
         416
   264.074999999998        1980562499.99998     
         370
   264.424999999998        1983187499.99998     
         299
   264.774999999998        1985812499.99998     
         446
   265.124999999998        1988437499.99998     
         242
   265.474999999998        1991062499.99998     
         491
   265.824999999998        1993687499.99998     
         344
   266.174999999998        1996312499.99998     
          66
   266.524999999998        1998937499.99998     
         192
   266.874999999998        2001562499.99998     
         228
   267.224999999998        2004187499.99998     
         315
   267.574999999998        2006812499.99998     
         355
   267.924999999998        2009437499.99998     
         332
   268.274999999998        2012062499.99998     
         403
   268.624999999998        2014687499.99998     
         335
   268.974999999998        2017312499.99998     
         420
   269.324999999998        2019937499.99998     
         407
   269.674999999998        2022562499.99998     
         231
   270.024999999998        2025187499.99998     
         446
   270.374999999998        2027812499.99998     
         278
   270.724999999998        2030437499.99999     
         303
   271.074999999998        2033062499.99999     
         133
   271.424999999998        2035687499.99999     
         210
   271.774999999998        2038312499.99999     
         490
   272.124999999998        2040937499.99999     
          73
   272.474999999998        2043562499.99999     
           5
   272.824999999998        2046187499.99999     
         248
   273.174999999998        2048812499.99999     
         226
   273.524999999998        2051437499.99999     
         344
   273.874999999998        2054062499.99999     
         320
   274.224999999998        2056687499.99999     
           6
   274.574999999998        2059312499.99999     
         366
   274.924999999998        2061937499.99999     
          33
   275.274999999998        2064562499.99999     
         460
   275.624999999998        2067187499.99999     
         105
   275.974999999998        2069812499.99999     
         221
   276.324999999998        2072437499.99999     
         160
   276.674999999998        2075062499.99999     
           9
   277.024999999998        2077687499.99999     
         304
   277.374999999998        2080312499.99999     
         453
   277.724999999998        2082937499.99999     
         386
   278.074999999999        2085562499.99999     
         160
   278.424999999999        2088187499.99999     
         496
   278.774999999999        2090812499.99999     
         245
   279.124999999999        2093437499.99999     
         387
   279.474999999999        2096062499.99999     
          11
   279.824999999999        2098687499.99999     
         419
   280.174999999999        2101312499.99999     
          31
   280.524999999999        2103937499.99999     
         421
   280.874999999999        2106562499.99999     
          45
   281.224999999999        2109187499.99999     
          25
   281.574999999999        2111812499.99999     
         427
   281.924999999999        2114437499.99999     
         388
   282.274999999999        2117062499.99999     
         122
   282.624999999999        2119687499.99999     
         416
   282.974999999999        2122312499.99999     
         109
   283.324999999999        2124937499.99999     
         405
   283.674999999999        2127562499.99999     
         158
   284.024999999999        2130187499.99999     
         273
   284.374999999999        2132812499.99999     
         110
   284.724999999999        2135437499.99999     
          20
   285.074999999999        2138062499.99999     
         350
   285.424999999999        2140687499.99999     
         287
   285.774999999999        2143312499.99999     
         344
   286.124999999999        2145937499.99999     
         231
   286.474999999999        2148562499.99999     
         221
   286.824999999999        2151187499.99999     
         208
   287.174999999999        2153812499.99999     
          10
   287.524999999999        2156437499.99999     
         159
   287.874999999999        2159062499.99999     
         323
   288.224999999999        2161687499.99999     
         284
   288.574999999999        2164312499.99999     
          70
   288.924999999999        2166937499.99999     
         483
   289.274999999999        2169562499.99999     
          87
   289.624999999999        2172187499.99999     
         476
   289.974999999999        2174812499.99999     
         396
   290.324999999999        2177437499.99999     
         141
   290.674999999999        2180062499.99999     
          67
   291.024999999999        2182687500.00000     
         391
   291.374999999999        2185312500.00000     
         364
   291.724999999999        2187937500.00000     
         402
   292.074999999999        2190562500.00000     
         239
   292.424999999999        2193187500.00000     
         208
   292.774999999999        2195812500.00000     
         393
   293.124999999999        2198437500.00000     
          85
   293.475000000000        2201062500.00000     
         519
   293.825000000000        2203687500.00000     
          52
   294.175000000000        2206312500.00000     
         370
   294.525000000000        2208937500.00000     
         330
   294.875000000000        2211562500.00000     
         431
   295.225000000000        2214187500.00000     
         210
   295.575000000000        2216812500.00000     
         539
   295.925000000000        2219437500.00000     
         214
   296.275000000000        2222062500.00000     
         403
   296.625000000000        2224687500.00000     
         254
   296.975000000000        2227312500.00000     
         431
   297.325000000000        2229937500.00000     
          41
   297.675000000000        2232562500.00000     
         487
   298.025000000000        2235187500.00000     
           6
   298.375000000000        2237812500.00000     
         146
   298.725000000000        2240437500.00000     
         104
   299.075000000000        2243062500.00000     
          61
   299.425000000000        2245687500.00000     
          40
   299.775000000000        2248312500.00000     
         109
   300.125000000000        2250937500.00000     
         464
   300.475000000000        2253562500.00000     
         234
   300.825000000000        2256187500.00000     
         233
   301.175000000000        2258812500.00000     
         112
   301.525000000000        2261437500.00000     
         123
   301.875000000000        2264062500.00000     
         485
   302.225000000000        2266687500.00000     
         217
   302.575000000000        2269312500.00000     
          51
   302.925000000000        2271937500.00000     
         282
   303.275000000000        2274562500.00000     
         194
   303.625000000000        2277187500.00000     
         516
   303.975000000000        2279812500.00000     
         466
   304.325000000000        2282437500.00000     
         490
   304.675000000000        2285062500.00000     
           6
   305.025000000000        2287687500.00000     
         110
   305.375000000000        2290312500.00000     
         407
   305.725000000000        2292937500.00000     
         256
   306.075000000000        2295562500.00000     
         165
   306.425000000000        2298187500.00000     
         296
   306.775000000000        2300812500.00000     
         370
   307.125000000000        2303437500.00000     
         462
   307.475000000000        2306062500.00000     
         234
   307.825000000000        2308687500.00000     
         533
   308.175000000000        2311312500.00000     
         235
   308.525000000000        2313937500.00000     
         423
   308.875000000001        2316562500.00000     
         406
   309.225000000001        2319187500.00000     
          88
   309.575000000001        2321812500.00000     
         300
   309.925000000001        2324437500.00000     
         487
   310.275000000001        2327062500.00000     
         295
   310.625000000001        2329687500.00000     
          75
   310.975000000001        2332312500.00000     
         296
   311.325000000001        2334937500.00001     
         276
   311.675000000001        2337562500.00001     
         372
   312.025000000001        2340187500.00001     
         260
   312.375000000001        2342812500.00001     
         353
   312.725000000001        2345437500.00001     
         515
   313.075000000001        2348062500.00001     
          82
   313.425000000001        2350687500.00001     
         524
   313.775000000001        2353312500.00001     
          66
   314.125000000001        2355937500.00001     
         509
   314.475000000001        2358562500.00001     
          18
   314.825000000001        2361187500.00001     
         269
   315.175000000001        2363812500.00001     
          45
   315.525000000001        2366437500.00001     
         290
   315.875000000001        2369062500.00001     
         211
   316.225000000001        2371687500.00001     
         169
   316.575000000001        2374312500.00001     
         375
   316.925000000001        2376937500.00001     
         130
   317.275000000001        2379562500.00001     
         129
   317.625000000001        2382187500.00001     
         485
   317.975000000001        2384812500.00001     
         329
   318.325000000001        2387437500.00001     
          84
   318.675000000001        2390062500.00001     
         198
   319.025000000001        2392687500.00001     
          70
   319.375000000001        2395312500.00001     
         267
   319.725000000001        2397937500.00001     
         420
   320.075000000001        2400562500.00001     
         318
   320.425000000001        2403187500.00001     
          28
   320.775000000001        2405812500.00001     
         314
   321.125000000001        2408437500.00001     
         375
   321.475000000001        2411062500.00001     
         260
   321.825000000001        2413687500.00001     
          95
   322.175000000001        2416312500.00001     
         453
   322.525000000001        2418937500.00001     
         188
   322.875000000001        2421562500.00001     
         302
   323.225000000001        2424187500.00001     
         392
   323.575000000001        2426812500.00001     
          68
   323.925000000001        2429437500.00001     
         250
   324.275000000002        2432062500.00001     
         211
   324.625000000002        2434687500.00001     
         254
   324.975000000002        2437312500.00001     
         183
   325.325000000002        2439937500.00001     
         436
   325.675000000002        2442562500.00001     
         105
   326.025000000002        2445187500.00001     
         434
   326.375000000002        2447812500.00001     
          91
   326.725000000002        2450437500.00001     
         372
   327.075000000002        2453062500.00001     
         322
   327.425000000002        2455687500.00001     
         274
   327.775000000002        2458312500.00001     
          37
   328.125000000002        2460937500.00001     
         422
   328.475000000002        2463562500.00001     
         109
   328.825000000002        2466187500.00001     
         235
   329.175000000002        2468812500.00001     
         166
   329.525000000002        2471437500.00001     
         432
   329.875000000002        2474062500.00001     
         161
   330.225000000002        2476687500.00001     
         286
   330.575000000002        2479312500.00001     
         448
   330.925000000002        2481937500.00001     
          69
   331.275000000002        2484562500.00001     
         136
   331.625000000002        2487187500.00001     
         140
   331.975000000002        2489812500.00002     
         320
   332.325000000002        2492437500.00002     
         117
   332.675000000002        2495062500.00002     
         152
   333.025000000002        2497687500.00002     
         295
   333.375000000002        2500312500.00002     
         365
   333.725000000002        2502937500.00002     
         511
   334.075000000002        2505562500.00002     
          17
   334.425000000002        2508187500.00002     
         432
   334.775000000002        2510812500.00002     
         281
   335.125000000002        2513437500.00002     
         413
   335.475000000002        2516062500.00002     
         416
   335.825000000002        2518687500.00002     
         236
   336.175000000002        2521312500.00002     
         535
   336.525000000002        2523937500.00002     
          92
   336.875000000002        2526562500.00002     
         525
   337.225000000002        2529187500.00002     
         429
   337.575000000002        2531812500.00002     
         173
   337.925000000002        2534437500.00002     
         406
   338.275000000002        2537062500.00002     
         518
   338.625000000002        2539687500.00002     
           7
   338.975000000002        2542312500.00002     
         243
   339.325000000002        2544937500.00002     
         192
   339.675000000003        2547562500.00002     
         419
   340.025000000003        2550187500.00002     
         502
   340.375000000003        2552812500.00002     
         340
   340.725000000003        2555437500.00002     
         172
   341.075000000003        2558062500.00002     
          59
   341.425000000003        2560687500.00002     
         388
   341.775000000003        2563312500.00002     
         444
   342.125000000003        2565937500.00002     
         394
   342.475000000003        2568562500.00002     
         355
   342.825000000003        2571187500.00002     
         174
   343.175000000003        2573812500.00002     
         445
   343.525000000003        2576437500.00002     
          43
   343.875000000003        2579062500.00002     
         273
   344.225000000003        2581687500.00002     
          72
   344.575000000003        2584312500.00002     
         346
   344.925000000003        2586937500.00002     
         230
   345.275000000003        2589562500.00002     
          35
   345.625000000003        2592187500.00002     
         336
   345.975000000003        2594812500.00002     
         260
   346.325000000003        2597437500.00002     
         257
   346.675000000003        2600062500.00002     
         356
   347.025000000003        2602687500.00002     
         408
   347.375000000003        2605312500.00002     
         365
   347.725000000003        2607937500.00002     
          91
   348.075000000003        2610562500.00002     
          16
   348.425000000003        2613187500.00002     
         505
   348.775000000003        2615812500.00002     
          95
   349.125000000003        2618437500.00002     
         359
   349.475000000003        2621062500.00002     
         484
   349.825000000003        2623687500.00002     
           2
   350.175000000003        2626312500.00002     
         465
   350.525000000003        2628937500.00002     
          23
   350.875000000003        2631562500.00002     
         468
   351.225000000003        2634187500.00002     
          97
   351.575000000003        2636812500.00002     
         108
   351.925000000003        2639437500.00002     
         113
   352.275000000003        2642062500.00002     
         392
   352.625000000003        2644687500.00003     
         122
   352.975000000003        2647312500.00003     
         396
   353.325000000003        2649937500.00003     
         209
   353.675000000003        2652562500.00003     
         316
   354.025000000003        2655187500.00003     
         530
   354.375000000003        2657812500.00003     
         365
   354.725000000003        2660437500.00003     
         106
   355.075000000004        2663062500.00003     
         329
   355.425000000004        2665687500.00003     
         330
   355.775000000004        2668312500.00003     
         518
   356.125000000004        2670937500.00003     
         282
   356.475000000004        2673562500.00003     
         131
   356.825000000004        2676187500.00003     
          30
   357.175000000004        2678812500.00003     
         335
   357.525000000004        2681437500.00003     
         300
   357.875000000004        2684062500.00003     
          46
   358.225000000004        2686687500.00003     
         299
   358.575000000004        2689312500.00003     
          90
   358.925000000004        2691937500.00003     
          34
   359.275000000004        2694562500.00003     
         267
   359.625000000004        2697187500.00003     
           9
   359.975000000004        2699812500.00003     
         382
   360.325000000004        2702437500.00003     
          91
   360.675000000004        2705062500.00003     
         288
   361.025000000004        2707687500.00003     
          11
   361.375000000004        2710312500.00003     
         101
   361.725000000004        2712937500.00003     
         500
   362.075000000004        2715562500.00003     
         458
   362.425000000004        2718187500.00003     
         409
   362.775000000004        2720812500.00003     
          41
   363.125000000004        2723437500.00003     
         256
   363.475000000004        2726062500.00003     
         325
   363.825000000004        2728687500.00003     
         439
   364.175000000004        2731312500.00003     
         535
   364.525000000004        2733937500.00003     
         459
   364.875000000004        2736562500.00003     
         173
   365.225000000004        2739187500.00003     
         457
   365.575000000004        2741812500.00003     
         482
   365.925000000004        2744437500.00003     
         209
   366.275000000004        2747062500.00003     
         453
   366.625000000004        2749687500.00003     
          63
   366.975000000004        2752312500.00003     
         499
   367.325000000004        2754937500.00003     
          96
   367.675000000004        2757562500.00003     
          82
   368.025000000004        2760187500.00003     
         288
   368.375000000004        2762812500.00003     
         441
   368.725000000004        2765437500.00003     
         122
   369.075000000004        2768062500.00003     
          85
   369.425000000004        2770687500.00003     
         123
   369.775000000004        2773312500.00003     
         240
   370.125000000004        2775937500.00003     
         308
   370.475000000005        2778562500.00003     
         535
   370.825000000005        2781187500.00003     
         389
   371.175000000005        2783812500.00003     
         124
   371.525000000005        2786437500.00003     
         132
   371.875000000005        2789062500.00003     
          35
   372.225000000005        2791687500.00003     
         241
   372.575000000005        2794312500.00003     
         360
   372.925000000005        2796937500.00003     
          94
   373.275000000005        2799562500.00004     
         305
   373.625000000005        2802187500.00004     
         248
   373.975000000005        2804812500.00004     
         187
   374.325000000005        2807437500.00004     
          35
   374.675000000005        2810062500.00004     
         182
   375.025000000005        2812687500.00004     
         351
   375.375000000005        2815312500.00004     
         271
   375.725000000005        2817937500.00004     
          14
   376.075000000005        2820562500.00004     
         496
   376.425000000005        2823187500.00004     
         296
   376.775000000005        2825812500.00004     
         518
   377.125000000005        2828437500.00004     
          83
   377.475000000005        2831062500.00004     
          50
   377.825000000005        2833687500.00004     
         269
   378.175000000005        2836312500.00004     
         106
   378.525000000005        2838937500.00004     
           0
   378.875000000005        2841562500.00004     
         540
   379.225000000005        2844187500.00004     
         267
   379.575000000005        2846812500.00004     
         134
   379.925000000005        2849437500.00004     
         339
   380.275000000005        2852062500.00004     
         264
   380.625000000005        2854687500.00004     
          54
   380.975000000005        2857312500.00004     
          10
   381.325000000005        2859937500.00004     
         471
   381.675000000005        2862562500.00004     
          31
   382.025000000005        2865187500.00004     
         391
   382.375000000005        2867812500.00004     
         387
   382.725000000005        2870437500.00004     
         434
   383.075000000005        2873062500.00004     
          25
   383.425000000005        2875687500.00004     
         484
   383.775000000005        2878312500.00004     
         239
   384.125000000005        2880937500.00004     
         303
   384.475000000005        2883562500.00004     
          73
   384.825000000005        2886187500.00004     
          60
   385.175000000005        2888812500.00004     
         135
   385.525000000005        2891437500.00004     
         514
   385.875000000006        2894062500.00004     
         476
   386.225000000006        2896687500.00004     
         358
   386.575000000006        2899312500.00004     
         526
   386.925000000006        2901937500.00004     
         535
   387.275000000006        2904562500.00004     
         426
   387.625000000006        2907187500.00004     
         472
   387.975000000006        2909812500.00004     
         432
   388.325000000006        2912437500.00004     
         507
   388.675000000006        2915062500.00004     
         232
   389.025000000006        2917687500.00004     
         348
   389.375000000006        2920312500.00004     
         466
   389.725000000006        2922937500.00004     
         158
   390.075000000006        2925562500.00004     
         446
   390.425000000006        2928187500.00004     
          35
   390.775000000006        2930812500.00004     
         397
   391.125000000006        2933437500.00004     
          20
   391.475000000006        2936062500.00004     
         258
   391.825000000006        2938687500.00004     
         308
   392.175000000006        2941312500.00004     
         243
   392.525000000006        2943937500.00004     
          58
   392.875000000006        2946562500.00004     
          32
   393.225000000006        2949187500.00004     
         313
   393.575000000006        2951812500.00005     
         193
   393.925000000006        2954437500.00005     
          75
   394.275000000006        2957062500.00005     
         395
   394.625000000006        2959687500.00005     
         386
   394.975000000006        2962312500.00005     
          50
   395.325000000006        2964937500.00005     
         141
   395.675000000006        2967562500.00005     
         222
   396.025000000006        2970187500.00005     
         407
   396.375000000006        2972812500.00005     
         177
   396.725000000006        2975437500.00005     
         447
   397.075000000006        2978062500.00005     
         322
   397.425000000006        2980687500.00005     
         300
   397.775000000006        2983312500.00005     
          22
   398.125000000006        2985937500.00005     
         415
   398.475000000006        2988562500.00005     
          86
   398.825000000006        2991187500.00005     
         395
   399.175000000006        2993812500.00005     
         385
   399.525000000006        2996437500.00005     
         243
   399.875000000006        2999062500.00005     
         397
   400.225000000006        3001687500.00005     
         431
   400.575000000006        3004312500.00005     
          36
   400.925000000006        3006937500.00005     
         386
   401.275000000007        3009562500.00005     
         340
   401.625000000007        3012187500.00005     
         314
   401.975000000007        3014812500.00005     
         416
   402.325000000007        3017437500.00005     
         512
   402.675000000007        3020062500.00005     
         136
   403.025000000007        3022687500.00005     
         534
   403.375000000007        3025312500.00005     
         427
   403.725000000007        3027937500.00005     
         295
   404.075000000007        3030562500.00005     
         290
   404.425000000007        3033187500.00005     
         448
   404.775000000007        3035812500.00005     
         174
   405.125000000007        3038437500.00005     
         509
   405.475000000007        3041062500.00005     
         228
   405.825000000007        3043687500.00005     
          94
   406.175000000007        3046312500.00005     
         440
   406.525000000007        3048937500.00005     
         136
   406.875000000007        3051562500.00005     
         430
   407.225000000007        3054187500.00005     
         289
   407.575000000007        3056812500.00005     
         503
   407.925000000007        3059437500.00005     
         503
   408.275000000007        3062062500.00005     
         241
   408.625000000007        3064687500.00005     
         246
   408.975000000007        3067312500.00005     
         522
   409.325000000007        3069937500.00005     
         133
   409.675000000007        3072562500.00005     
         442
   410.025000000007        3075187500.00005     
          86
   410.375000000007        3077812500.00005     
         193
   410.725000000007        3080437500.00005     
          94
   411.075000000007        3083062500.00005     
         520
   411.425000000007        3085687500.00005     
          67
   411.775000000007        3088312500.00005     
         509
   412.125000000007        3090937500.00005     
          20
   412.475000000007        3093562500.00005     
         281
   412.825000000007        3096187500.00005     
          35
   413.175000000007        3098812500.00005     
         308
   413.525000000007        3101437500.00005     
         307
   413.875000000007        3104062500.00005     
         446
   414.225000000007        3106687500.00006     
         488
   414.575000000007        3109312500.00006     
         353
   414.925000000007        3111937500.00006     
         501
   415.275000000007        3114562500.00006     
         493
   415.625000000007        3117187500.00006     
         165
   415.975000000007        3119812500.00006     
         225
   416.325000000007        3122437500.00006     
          61
   416.675000000008        3125062500.00006     
         371
   417.025000000008        3127687500.00006     
         179
   417.375000000008        3130312500.00006     
         506
   417.725000000008        3132937500.00006     
         480
   418.075000000008        3135562500.00006     
         530
   418.425000000008        3138187500.00006     
          76
   418.775000000008        3140812500.00006     
         176
   419.125000000008        3143437500.00006     
         420
   419.475000000008        3146062500.00006     
         155
   419.825000000008        3148687500.00006     
