       time        TW        TE         hW        hE
   0.17500E+00   0.29449E+02   0.29396E+02   0.37084E-02  -0.24013E-01
   0.52500E+00   0.28669E+02   0.28096E+02   0.28756E-01  -0.84417E-01
   0.87500E+00   0.28471E+02   0.26511E+02   0.67863E-01  -0.16597E+00
   0.12250E+01   0.28623E+02   0.24870E+02   0.11153E+00  -0.26075E+00
   0.15750E+01   0.28904E+02   0.23624E+02   0.16598E+00  -0.34929E+00
   0.19250E+01   0.29218E+02   0.22943E+02   0.22473E+00  -0.41823E+00
   0.22750E+01   0.29485E+02   0.22848E+02   0.29370E+00  -0.47978E+00
   0.26250E+01   0.29679E+02   0.22866E+02   0.36845E+00  -0.54755E+00
   0.29750E+01   0.29811E+02   0.22745E+02   0.44261E+00  -0.61303E+00
   0.33250E+01   0.29894E+02   0.22824E+02   0.51598E+00  -0.65768E+00
   0.36750E+01   0.29940E+02   0.23395E+02   0.58553E+00  -0.67508E+00
   0.40250E+01   0.29965E+02   0.24452E+02   0.64874E+00  -0.65939E+00
   0.43750E+01   0.29979E+02   0.25531E+02   0.70507E+00  -0.61849E+00
   0.47250E+01   0.29987E+02   0.26370E+02   0.75457E+00  -0.56261E+00
   0.50750E+01   0.29992E+02   0.27046E+02   0.78848E+00  -0.48529E+00
   0.54250E+01   0.29995E+02   0.27609E+02   0.79873E+00  -0.40228E+00
   0.57750E+01   0.29998E+02   0.28084E+02   0.78097E+00  -0.32241E+00
   0.61250E+01   0.30000E+02   0.28476E+02   0.74319E+00  -0.23486E+00
   0.64750E+01   0.29999E+02   0.28795E+02   0.69129E+00  -0.15518E+00
   0.68250E+01   0.29997E+02   0.28992E+02   0.62936E+00  -0.99274E-01
   0.71750E+01   0.29994E+02   0.29155E+02   0.56579E+00  -0.49550E-01
   0.75250E+01   0.29988E+02   0.29172E+02   0.51245E+00  -0.61235E-02
   0.78750E+01   0.29980E+02   0.29010E+02   0.46712E+00   0.20797E-01
   0.82250E+01   0.29970E+02   0.28853E+02   0.42152E+00   0.30915E-01
   0.85750E+01   0.29956E+02   0.28620E+02   0.38424E+00   0.22581E-01
   0.89250E+01   0.29940E+02   0.28476E+02   0.36033E+00   0.25755E-01
   0.92750E+01   0.29925E+02   0.28394E+02   0.34195E+00   0.29018E-01
   0.96250E+01   0.29909E+02   0.28258E+02   0.32967E+00   0.12502E-01
   0.99750E+01   0.29894E+02   0.28143E+02   0.32715E+00   0.27887E-02
   0.10325E+02   0.29883E+02   0.28050E+02   0.32558E+00  -0.35734E-02
   0.10675E+02   0.29878E+02   0.27883E+02   0.32284E+00  -0.18370E-01
   0.11025E+02   0.29875E+02   0.27659E+02   0.31474E+00  -0.36075E-01
   0.11375E+02   0.29867E+02   0.27381E+02   0.30556E+00  -0.50559E-01
   0.11725E+02   0.29853E+02   0.27118E+02   0.29431E+00  -0.57263E-01
   0.12075E+02   0.29837E+02   0.26855E+02   0.28091E+00  -0.73993E-01
   0.12425E+02   0.29815E+02   0.26574E+02   0.27291E+00  -0.95084E-01
   0.12775E+02   0.29798E+02   0.26398E+02   0.27379E+00  -0.10892E+00
   0.13125E+02   0.29796E+02   0.26115E+02   0.27681E+00  -0.13037E+00
   0.13475E+02   0.29792E+02   0.25936E+02   0.27584E+00  -0.14971E+00
   0.13825E+02   0.29789E+02   0.25982E+02   0.28124E+00  -0.15958E+00
   0.14175E+02   0.29798E+02   0.25840E+02   0.29091E+00  -0.17006E+00
   0.14525E+02   0.29811E+02   0.25620E+02   0.29985E+00  -0.18493E+00
   0.14875E+02   0.29823E+02   0.25764E+02   0.30601E+00  -0.19668E+00
   0.15225E+02   0.29836E+02   0.25696E+02   0.31662E+00  -0.20727E+00
   0.15575E+02   0.29852E+02   0.25341E+02   0.32869E+00  -0.22408E+00
   0.15925E+02   0.29866E+02   0.25004E+02   0.33747E+00  -0.24786E+00
   0.16275E+02   0.29879E+02   0.24786E+02   0.34726E+00  -0.26323E+00
   0.16625E+02   0.29892E+02   0.24626E+02   0.36154E+00  -0.27530E+00
   0.16975E+02   0.29905E+02   0.24519E+02   0.38104E+00  -0.29860E+00
   0.17325E+02   0.29919E+02   0.24637E+02   0.40042E+00  -0.31582E+00
   0.17675E+02   0.29932E+02   0.24685E+02   0.41898E+00  -0.32320E+00
   0.18025E+02   0.29943E+02   0.24763E+02   0.43844E+00  -0.33053E+00
   0.18375E+02   0.29953E+02   0.25296E+02   0.45900E+00  -0.32388E+00
   0.18725E+02   0.29961E+02   0.26189E+02   0.47690E+00  -0.30040E+00
   0.19075E+02   0.29968E+02   0.26606E+02   0.49031E+00  -0.28221E+00
   0.19425E+02   0.29972E+02   0.26899E+02   0.49919E+00  -0.26869E+00
   0.19775E+02   0.29974E+02   0.27383E+02   0.50220E+00  -0.24433E+00
   0.20125E+02   0.29975E+02   0.27834E+02   0.50105E+00  -0.21255E+00
   0.20475E+02   0.29976E+02   0.27951E+02   0.49587E+00  -0.19109E+00
   0.20825E+02   0.29975E+02   0.27542E+02   0.47967E+00  -0.18100E+00
   0.21175E+02   0.29972E+02   0.27579E+02   0.45500E+00  -0.15470E+00
   0.21525E+02   0.29967E+02   0.27905E+02   0.43839E+00  -0.11426E+00
   0.21875E+02   0.29961E+02   0.27864E+02   0.42632E+00  -0.94405E-01
   0.22225E+02   0.29954E+02   0.27814E+02   0.41058E+00  -0.85043E-01
   0.22575E+02   0.29947E+02   0.27783E+02   0.39674E+00  -0.75777E-01
   0.22925E+02   0.29937E+02   0.27749E+02   0.37806E+00  -0.64641E-01
   0.23275E+02   0.29925E+02   0.27807E+02   0.36059E+00  -0.48145E-01
   0.23625E+02   0.29914E+02   0.27775E+02   0.34747E+00  -0.46280E-01
   0.23975E+02   0.29903E+02   0.27646E+02   0.33548E+00  -0.51529E-01
   0.24325E+02   0.29889E+02   0.27454E+02   0.32299E+00  -0.57085E-01
   0.24675E+02   0.29873E+02   0.27146E+02   0.31000E+00  -0.70424E-01
   0.25025E+02   0.29862E+02   0.26787E+02   0.30637E+00  -0.83997E-01
   0.25375E+02   0.29857E+02   0.26572E+02   0.30659E+00  -0.91971E-01
   0.25725E+02   0.29852E+02   0.26315E+02   0.29913E+00  -0.10483E+00
   0.26075E+02   0.29842E+02   0.25988E+02   0.28947E+00  -0.12203E+00
   0.26425E+02   0.29834E+02   0.25845E+02   0.29577E+00  -0.13250E+00
   0.26775E+02   0.29841E+02   0.25524E+02   0.31004E+00  -0.15088E+00
   0.27125E+02   0.29850E+02   0.25088E+02   0.31183E+00  -0.17734E+00
   0.27475E+02   0.29850E+02   0.24754E+02   0.31120E+00  -0.19946E+00
   0.27825E+02   0.29854E+02   0.24648E+02   0.31813E+00  -0.21140E+00
   0.28175E+02   0.29862E+02   0.24705E+02   0.32837E+00  -0.21627E+00
   0.28525E+02   0.29872E+02   0.24505E+02   0.33817E+00  -0.24154E+00
   0.28875E+02   0.29883E+02   0.24248E+02   0.34824E+00  -0.27201E+00
   0.29225E+02   0.29894E+02   0.24112E+02   0.36294E+00  -0.28311E+00
   0.29575E+02   0.29906E+02   0.23918E+02   0.37639E+00  -0.30045E+00
   0.29925E+02   0.29918E+02   0.23863E+02   0.39094E+00  -0.32118E+00
   0.30275E+02   0.29929E+02   0.23926E+02   0.40860E+00  -0.33339E+00
   0.30625E+02   0.29938E+02   0.23834E+02   0.42500E+00  -0.34966E+00
   0.30975E+02   0.29947E+02   0.24288E+02   0.44557E+00  -0.35710E+00
   0.31325E+02   0.29957E+02   0.24903E+02   0.46852E+00  -0.35225E+00
   0.31675E+02   0.29964E+02   0.25464E+02   0.48931E+00  -0.34244E+00
   0.32025E+02   0.29971E+02   0.26024E+02   0.50901E+00  -0.32654E+00
   0.32375E+02   0.29975E+02   0.26025E+02   0.51823E+00  -0.31322E+00
   0.32725E+02   0.29978E+02   0.26378E+02   0.52259E+00  -0.29044E+00
   0.33075E+02   0.29980E+02   0.27159E+02   0.53038E+00  -0.25522E+00
   0.33425E+02   0.29982E+02   0.27750E+02   0.53290E+00  -0.22420E+00
   0.33775E+02   0.29982E+02   0.28207E+02   0.52339E+00  -0.19206E+00
   0.34125E+02   0.29981E+02   0.28496E+02   0.50432E+00  -0.16046E+00
   0.34475E+02   0.29979E+02   0.28518E+02   0.48691E+00  -0.12971E+00
   0.34825E+02   0.29975E+02   0.28288E+02   0.46893E+00  -0.10057E+00
   0.35175E+02   0.29969E+02   0.28008E+02   0.44622E+00  -0.83832E-01
   0.35525E+02   0.29963E+02   0.27862E+02   0.41873E+00  -0.68450E-01
   0.35875E+02   0.29953E+02   0.27929E+02   0.39263E+00  -0.45852E-01
   0.36225E+02   0.29941E+02   0.28074E+02   0.37036E+00  -0.29713E-01
   0.36575E+02   0.29926E+02   0.28088E+02   0.35261E+00  -0.24556E-01
   0.36925E+02   0.29912E+02   0.28075E+02   0.34239E+00  -0.21689E-01
   0.37275E+02   0.29900E+02   0.28044E+02   0.32996E+00  -0.25368E-01
   0.37625E+02   0.29885E+02   0.27895E+02   0.31774E+00  -0.31560E-01
   0.37975E+02   0.29870E+02   0.27732E+02   0.30897E+00  -0.39006E-01
   0.38325E+02   0.29861E+02   0.27412E+02   0.30096E+00  -0.57710E-01
   0.38675E+02   0.29850E+02   0.27038E+02   0.29003E+00  -0.70804E-01
   0.39025E+02   0.29833E+02   0.26641E+02   0.28003E+00  -0.86605E-01
   0.39375E+02   0.29820E+02   0.26288E+02   0.28075E+00  -0.10403E+00
   0.39725E+02   0.29816E+02   0.26175E+02   0.28798E+00  -0.11065E+00
   0.40075E+02   0.29819E+02   0.25885E+02   0.29207E+00  -0.13490E+00
   0.40425E+02   0.29823E+02   0.25473E+02   0.29271E+00  -0.16206E+00
   0.40775E+02   0.29826E+02   0.25214E+02   0.29697E+00  -0.17220E+00
   0.41125E+02   0.29831E+02   0.25131E+02   0.30557E+00  -0.18288E+00
   0.41475E+02   0.29842E+02   0.24978E+02   0.31680E+00  -0.20055E+00
   0.41825E+02   0.29855E+02   0.24680E+02   0.32293E+00  -0.22525E+00
   0.42175E+02   0.29865E+02   0.24360E+02   0.32896E+00  -0.25070E+00
   0.42525E+02   0.29873E+02   0.24067E+02   0.34182E+00  -0.26829E+00
   0.42875E+02   0.29885E+02   0.23781E+02   0.35738E+00  -0.29273E+00
   0.43225E+02   0.29899E+02   0.23695E+02   0.37258E+00  -0.32245E+00
   0.43575E+02   0.29912E+02   0.23874E+02   0.39266E+00  -0.34056E+00
   0.43925E+02   0.29926E+02   0.24192E+02   0.41271E+00  -0.34962E+00
   0.44275E+02   0.29938E+02   0.24588E+02   0.43750E+00  -0.35396E+00
   0.44625E+02   0.29951E+02   0.25012E+02   0.46519E+00  -0.35488E+00
   0.44975E+02   0.29961E+02   0.25586E+02   0.48910E+00  -0.34976E+00
   0.45325E+02   0.29969E+02   0.25962E+02   0.50893E+00  -0.33749E+00
   0.45675E+02   0.29975E+02   0.26441E+02   0.51794E+00  -0.31842E+00
   0.46025E+02   0.29978E+02   0.27011E+02   0.52583E+00  -0.29137E+00
   0.46375E+02   0.29980E+02   0.27222E+02   0.53085E+00  -0.26382E+00
   0.46725E+02   0.29981E+02   0.27543E+02   0.52716E+00  -0.23797E+00
   0.47075E+02   0.29981E+02   0.27617E+02   0.51796E+00  -0.21499E+00
   0.47425E+02   0.29981E+02   0.27541E+02   0.50939E+00  -0.19257E+00
   0.47775E+02   0.29980E+02   0.27779E+02   0.49748E+00  -0.16384E+00
   0.48125E+02   0.29977E+02   0.28082E+02   0.47750E+00  -0.13035E+00
   0.48475E+02   0.29972E+02   0.28281E+02   0.45681E+00  -0.97135E-01
   0.48825E+02   0.29967E+02   0.28156E+02   0.43739E+00  -0.76747E-01
   0.49175E+02   0.29959E+02   0.27872E+02   0.42007E+00  -0.68063E-01
   0.49525E+02   0.29950E+02   0.27736E+02   0.40219E+00  -0.57578E-01
   0.49875E+02   0.29940E+02   0.27481E+02   0.38000E+00  -0.57074E-01
   0.50225E+02   0.29928E+02   0.27310E+02   0.35943E+00  -0.55003E-01
   0.50575E+02   0.29915E+02   0.27343E+02   0.33887E+00  -0.45971E-01
   0.50925E+02   0.29902E+02   0.27342E+02   0.32270E+00  -0.45711E-01
   0.51275E+02   0.29884E+02   0.27372E+02   0.31670E+00  -0.45243E-01
   0.51625E+02   0.29871E+02   0.27253E+02   0.31810E+00  -0.58062E-01
   0.51975E+02   0.29869E+02   0.27051E+02   0.31840E+00  -0.74994E-01
   0.52325E+02   0.29869E+02   0.26825E+02   0.31011E+00  -0.84231E-01
   0.52675E+02   0.29860E+02   0.26456E+02   0.29680E+00  -0.99926E-01
   0.53025E+02   0.29846E+02   0.26158E+02   0.29054E+00  -0.10418E+00
   0.53375E+02   0.29837E+02   0.25961E+02   0.29040E+00  -0.11115E+00
   0.53725E+02   0.29833E+02   0.25749E+02   0.29011E+00  -0.13501E+00
   0.54075E+02   0.29831E+02   0.25484E+02   0.29452E+00  -0.15455E+00
   0.54425E+02   0.29831E+02   0.25321E+02   0.30188E+00  -0.16655E+00
   0.54775E+02   0.29838E+02   0.25152E+02   0.31133E+00  -0.18236E+00
   0.55125E+02   0.29849E+02   0.24787E+02   0.31526E+00  -0.20670E+00
   0.55475E+02   0.29857E+02   0.24452E+02   0.31869E+00  -0.23106E+00
   0.55825E+02   0.29867E+02   0.24141E+02   0.32943E+00  -0.25052E+00
   0.56175E+02   0.29878E+02   0.24084E+02   0.34367E+00  -0.26352E+00
   0.56525E+02   0.29890E+02   0.23898E+02   0.35789E+00  -0.28796E+00
   0.56875E+02   0.29902E+02   0.23900E+02   0.37299E+00  -0.30928E+00
   0.57225E+02   0.29914E+02   0.24437E+02   0.39282E+00  -0.31010E+00
   0.57575E+02   0.29927E+02   0.24673E+02   0.41410E+00  -0.32116E+00
   0.57925E+02   0.29939E+02   0.24823E+02   0.43486E+00  -0.33393E+00
   0.58275E+02   0.29950E+02   0.25235E+02   0.45412E+00  -0.33138E+00
   0.58625E+02   0.29958E+02   0.25951E+02   0.47250E+00  -0.31501E+00
   0.58975E+02   0.29965E+02   0.26804E+02   0.48710E+00  -0.28631E+00
   0.59325E+02   0.29970E+02   0.27239E+02   0.49572E+00  -0.27056E+00
   0.59675E+02   0.29973E+02   0.27008E+02   0.50187E+00  -0.26452E+00
   0.60025E+02   0.29975E+02   0.26901E+02   0.50172E+00  -0.24720E+00
   0.60375E+02   0.29976E+02   0.27304E+02   0.49397E+00  -0.21820E+00
   0.60725E+02   0.29976E+02   0.27423E+02   0.48216E+00  -0.19337E+00
   0.61075E+02   0.29974E+02   0.27218E+02   0.47045E+00  -0.17734E+00
   0.61425E+02   0.29971E+02   0.27438E+02   0.45777E+00  -0.14873E+00
   0.61775E+02   0.29967E+02   0.27747E+02   0.44217E+00  -0.12012E+00
   0.62125E+02   0.29962E+02   0.27767E+02   0.43330E+00  -0.10600E+00
   0.62475E+02   0.29958E+02   0.27670E+02   0.42598E+00  -0.98621E-01
   0.62825E+02   0.29953E+02   0.27370E+02   0.41045E+00  -0.91897E-01
   0.63175E+02   0.29944E+02   0.26946E+02   0.38321E+00  -0.90452E-01
   0.63525E+02   0.29932E+02   0.26692E+02   0.35912E+00  -0.89139E-01
   0.63875E+02   0.29923E+02   0.26691E+02   0.34865E+00  -0.78160E-01
   0.64225E+02   0.29915E+02   0.26734E+02   0.34047E+00  -0.74244E-01
   0.64575E+02   0.29903E+02   0.26818E+02   0.33459E+00  -0.80492E-01
   0.64925E+02   0.29893E+02   0.26898E+02   0.33117E+00  -0.83360E-01
   0.65275E+02   0.29890E+02   0.26681E+02   0.33080E+00  -0.95105E-01
   0.65625E+02   0.29889E+02   0.26249E+02   0.32911E+00  -0.11628E+00
   0.65975E+02   0.29884E+02   0.26062E+02   0.32031E+00  -0.12111E+00
   0.66325E+02   0.29873E+02   0.26012E+02   0.31152E+00  -0.11963E+00
   0.66675E+02   0.29865E+02   0.25987E+02   0.31101E+00  -0.12557E+00
   0.67025E+02   0.29865E+02   0.25878E+02   0.31439E+00  -0.14004E+00
   0.67375E+02   0.29863E+02   0.25663E+02   0.31439E+00  -0.15705E+00
   0.67725E+02   0.29860E+02   0.25511E+02   0.31866E+00  -0.16522E+00
   0.68075E+02   0.29862E+02   0.25410E+02   0.32467E+00  -0.17459E+00
   0.68425E+02   0.29868E+02   0.25606E+02   0.33045E+00  -0.18105E+00
   0.68775E+02   0.29873E+02   0.25709E+02   0.33338E+00  -0.18715E+00
   0.69125E+02   0.29877E+02   0.25225E+02   0.33485E+00  -0.20961E+00
   0.69475E+02   0.29883E+02   0.24812E+02   0.34410E+00  -0.22475E+00
   0.69825E+02   0.29890E+02   0.24937E+02   0.35342E+00  -0.22862E+00
   0.70175E+02   0.29899E+02   0.25190E+02   0.36326E+00  -0.23369E+00
   0.70525E+02   0.29908E+02   0.25336E+02   0.37380E+00  -0.23774E+00
   0.70875E+02   0.29915E+02   0.25397E+02   0.37868E+00  -0.24601E+00
   0.71225E+02   0.29920E+02   0.25422E+02   0.38497E+00  -0.24703E+00
   0.71575E+02   0.29926E+02   0.25639E+02   0.40221E+00  -0.24050E+00
   0.71925E+02   0.29935E+02   0.26125E+02   0.41730E+00  -0.23607E+00
   0.72275E+02   0.29942E+02   0.26504E+02   0.42326E+00  -0.23078E+00
   0.72625E+02   0.29947E+02   0.26643E+02   0.42604E+00  -0.22230E+00
   0.72975E+02   0.29949E+02   0.26883E+02   0.42564E+00  -0.20736E+00
   0.73325E+02   0.29951E+02   0.26787E+02   0.42287E+00  -0.19470E+00
   0.73675E+02   0.29951E+02   0.26420E+02   0.42178E+00  -0.19279E+00
   0.74025E+02   0.29951E+02   0.26281E+02   0.42189E+00  -0.19023E+00
   0.74375E+02   0.29950E+02   0.26194E+02   0.41315E+00  -0.18290E+00
   0.74725E+02   0.29949E+02   0.26009E+02   0.40112E+00  -0.18170E+00
   0.75075E+02   0.29947E+02   0.25867E+02   0.39662E+00  -0.18171E+00
   0.75425E+02   0.29943E+02   0.25921E+02   0.39644E+00  -0.17093E+00
   0.75775E+02   0.29938E+02   0.26104E+02   0.39476E+00  -0.15909E+00
   0.76125E+02   0.29936E+02   0.26114E+02   0.39494E+00  -0.16328E+00
   0.76475E+02   0.29936E+02   0.26143E+02   0.39539E+00  -0.16052E+00
   0.76825E+02   0.29937E+02   0.26148E+02   0.39191E+00  -0.15213E+00
   0.77175E+02   0.29935E+02   0.26096E+02   0.38285E+00  -0.14885E+00
   0.77525E+02   0.29930E+02   0.26172E+02   0.37490E+00  -0.13942E+00
   0.77875E+02   0.29926E+02   0.26114E+02   0.37005E+00  -0.13752E+00
   0.78225E+02   0.29922E+02   0.26187E+02   0.36538E+00  -0.13609E+00
   0.78575E+02   0.29918E+02   0.26112E+02   0.36175E+00  -0.13926E+00
   0.78925E+02   0.29915E+02   0.25936E+02   0.35488E+00  -0.14764E+00
   0.79275E+02   0.29909E+02   0.26095E+02   0.35065E+00  -0.14146E+00
   0.79625E+02   0.29904E+02   0.26071E+02   0.35181E+00  -0.14268E+00
   0.79975E+02   0.29902E+02   0.25944E+02   0.34996E+00  -0.15278E+00
   0.80325E+02   0.29899E+02   0.25966E+02   0.34543E+00  -0.15376E+00
   0.80675E+02   0.29899E+02   0.26055E+02   0.34682E+00  -0.15245E+00
   0.81025E+02   0.29900E+02   0.26358E+02   0.34929E+00  -0.13972E+00
   0.81375E+02   0.29900E+02   0.26629E+02   0.34810E+00  -0.13006E+00
   0.81725E+02   0.29899E+02   0.26499E+02   0.34316E+00  -0.13939E+00
   0.82075E+02   0.29895E+02   0.26172E+02   0.34190E+00  -0.14704E+00
   0.82425E+02   0.29891E+02   0.26072E+02   0.34147E+00  -0.14855E+00
   0.82775E+02   0.29888E+02   0.25980E+02   0.33771E+00  -0.15482E+00
   0.83125E+02   0.29888E+02   0.25959E+02   0.33612E+00  -0.15965E+00
   0.83475E+02   0.29885E+02   0.26113E+02   0.33597E+00  -0.15822E+00
   0.83825E+02   0.29883E+02   0.26220E+02   0.33744E+00  -0.15727E+00
   0.84175E+02   0.29887E+02   0.26043E+02   0.34163E+00  -0.16573E+00
   0.84525E+02   0.29891E+02   0.25629E+02   0.34963E+00  -0.18703E+00
   0.84875E+02   0.29895E+02   0.25497E+02   0.35689E+00  -0.19690E+00
   0.85225E+02   0.29902E+02   0.25523E+02   0.35541E+00  -0.19013E+00
   0.85575E+02   0.29902E+02   0.25470E+02   0.34908E+00  -0.19362E+00
   0.85925E+02   0.29901E+02   0.25427E+02   0.35491E+00  -0.20053E+00
   0.86275E+02   0.29905E+02   0.25536E+02   0.36290E+00  -0.19774E+00
   0.86625E+02   0.29911E+02   0.25667E+02   0.37026E+00  -0.20134E+00
   0.86975E+02   0.29916E+02   0.25952E+02   0.38036E+00  -0.20590E+00
   0.87325E+02   0.29921E+02   0.26361E+02   0.38842E+00  -0.19955E+00
   0.87675E+02   0.29926E+02   0.26402E+02   0.39265E+00  -0.19549E+00
   0.88025E+02   0.29929E+02   0.26063E+02   0.38967E+00  -0.20423E+00
   0.88375E+02   0.29929E+02   0.25928E+02   0.38403E+00  -0.20494E+00
   0.88725E+02   0.29928E+02   0.26179E+02   0.38666E+00  -0.18516E+00
   0.89075E+02   0.29930E+02   0.26299E+02   0.39409E+00  -0.17730E+00
   0.89425E+02   0.29932E+02   0.26379E+02   0.39025E+00  -0.18116E+00
   0.89775E+02   0.29932E+02   0.26193E+02   0.38312E+00  -0.18081E+00
   0.90125E+02   0.29930E+02   0.25851E+02   0.37980E+00  -0.18352E+00
   0.90475E+02   0.29928E+02   0.25645E+02   0.38357E+00  -0.18378E+00
   0.90825E+02   0.29929E+02   0.25447E+02   0.38368E+00  -0.18886E+00
   0.91175E+02   0.29928E+02   0.25317E+02   0.37777E+00  -0.19990E+00
   0.91525E+02   0.29926E+02   0.25551E+02   0.37871E+00  -0.19089E+00
   0.91875E+02   0.29926E+02   0.25872E+02   0.38286E+00  -0.17759E+00
   0.92225E+02   0.29928E+02   0.25675E+02   0.38389E+00  -0.18563E+00
   0.92575E+02   0.29930E+02   0.25456E+02   0.38903E+00  -0.19634E+00
   0.92925E+02   0.29931E+02   0.25569E+02   0.39382E+00  -0.19114E+00
   0.93275E+02   0.29932E+02   0.25868E+02   0.39075E+00  -0.17698E+00
   0.93625E+02   0.29931E+02   0.25892E+02   0.38797E+00  -0.17668E+00
   0.93975E+02   0.29931E+02   0.25596E+02   0.38664E+00  -0.19015E+00
   0.94325E+02   0.29931E+02   0.25476E+02   0.38281E+00  -0.18912E+00
   0.94675E+02   0.29929E+02   0.25330E+02   0.37619E+00  -0.18662E+00
   0.95025E+02   0.29927E+02   0.25025E+02   0.37611E+00  -0.19948E+00
   0.95375E+02   0.29928E+02   0.24825E+02   0.38154E+00  -0.20795E+00
   0.95725E+02   0.29929E+02   0.24741E+02   0.38198E+00  -0.21456E+00
   0.96075E+02   0.29929E+02   0.24788E+02   0.37514E+00  -0.21953E+00
   0.96425E+02   0.29927E+02   0.25059E+02   0.37802E+00  -0.21221E+00
   0.96775E+02   0.29927E+02   0.25426E+02   0.39534E+00  -0.20205E+00
   0.97125E+02   0.29933E+02   0.25518E+02   0.40595E+00  -0.20660E+00
   0.97475E+02   0.29938E+02   0.25511E+02   0.40697E+00  -0.21500E+00
   0.97825E+02   0.29940E+02   0.25646E+02   0.40481E+00  -0.21080E+00
   0.98175E+02   0.29942E+02   0.25726E+02   0.40340E+00  -0.19842E+00
   0.98525E+02   0.29943E+02   0.25682E+02   0.40528E+00  -0.19117E+00
   0.98875E+02   0.29941E+02   0.25763E+02   0.39950E+00  -0.19051E+00
   0.99225E+02   0.29937E+02   0.25927E+02   0.39011E+00  -0.18265E+00
   0.99575E+02   0.29935E+02   0.25944E+02   0.39284E+00  -0.17409E+00
   0.99925E+02   0.29937E+02   0.25909E+02   0.39814E+00  -0.17783E+00
   0.10027E+03   0.29938E+02   0.25911E+02   0.39390E+00  -0.18027E+00
   0.10062E+03   0.29935E+02   0.26091E+02   0.38734E+00  -0.17045E+00
   0.10097E+03   0.29932E+02   0.26398E+02   0.38717E+00  -0.15932E+00
   0.10132E+03   0.29931E+02   0.26549E+02   0.38667E+00  -0.15125E+00
   0.10167E+03   0.29930E+02   0.26287E+02   0.38118E+00  -0.15548E+00
   0.10202E+03   0.29928E+02   0.25837E+02   0.37824E+00  -0.16994E+00
   0.10237E+03   0.29925E+02   0.25855E+02   0.37406E+00  -0.16040E+00
   0.10272E+03   0.29923E+02   0.26048E+02   0.36672E+00  -0.14289E+00
   0.10307E+03   0.29919E+02   0.25973E+02   0.36046E+00  -0.15170E+00
   0.10342E+03   0.29914E+02   0.26075E+02   0.36149E+00  -0.15203E+00
   0.10377E+03   0.29911E+02   0.26214E+02   0.36202E+00  -0.14474E+00
   0.10412E+03   0.29910E+02   0.26094E+02   0.35955E+00  -0.15484E+00
   0.10447E+03   0.29909E+02   0.26008E+02   0.36329E+00  -0.16256E+00
   0.10482E+03   0.29910E+02   0.25945E+02   0.36662E+00  -0.16068E+00
   0.10517E+03   0.29912E+02   0.25572E+02   0.35698E+00  -0.16489E+00
   0.10552E+03   0.29908E+02   0.25285E+02   0.34287E+00  -0.17677E+00
   0.10587E+03   0.29904E+02   0.25309E+02   0.34465E+00  -0.17756E+00
   0.10622E+03   0.29903E+02   0.25299E+02   0.35189E+00  -0.17194E+00
   0.10657E+03   0.29905E+02   0.25130E+02   0.35834E+00  -0.18908E+00
   0.10692E+03   0.29909E+02   0.25026E+02   0.35925E+00  -0.21160E+00
   0.10727E+03   0.29910E+02   0.25242E+02   0.35953E+00  -0.20459E+00
   0.10762E+03   0.29912E+02   0.25482E+02   0.36860E+00  -0.19477E+00
   0.10797E+03   0.29915E+02   0.25682E+02   0.38013E+00  -0.19839E+00
   0.10832E+03   0.29920E+02   0.25851E+02   0.38547E+00  -0.20149E+00
   0.10867E+03   0.29925E+02   0.26086E+02   0.38616E+00  -0.19899E+00
   0.10902E+03   0.29928E+02   0.26225E+02   0.38885E+00  -0.19128E+00
   0.10937E+03   0.29930E+02   0.26159E+02   0.38874E+00  -0.18325E+00
   0.10972E+03   0.29930E+02   0.26199E+02   0.38521E+00  -0.17697E+00
   0.11007E+03   0.29929E+02   0.26277E+02   0.38149E+00  -0.17282E+00
   0.11042E+03   0.29928E+02   0.26250E+02   0.37755E+00  -0.17180E+00
   0.11077E+03   0.29924E+02   0.26097E+02   0.37444E+00  -0.17372E+00
   0.11112E+03   0.29923E+02   0.26047E+02   0.37423E+00  -0.17288E+00
   0.11147E+03   0.29923E+02   0.25919E+02   0.37595E+00  -0.17312E+00
   0.11182E+03   0.29922E+02   0.25768E+02   0.37392E+00  -0.17618E+00
   0.11217E+03   0.29921E+02   0.25616E+02   0.36411E+00  -0.18051E+00
   0.11252E+03   0.29920E+02   0.25152E+02   0.36641E+00  -0.19130E+00
   0.11287E+03   0.29921E+02   0.24732E+02   0.37498E+00  -0.20475E+00
   0.11322E+03   0.29922E+02   0.24629E+02   0.37218E+00  -0.21221E+00
   0.11357E+03   0.29922E+02   0.24711E+02   0.37163E+00  -0.21480E+00
   0.11392E+03   0.29923E+02   0.24696E+02   0.38249E+00  -0.22169E+00
   0.11427E+03   0.29927E+02   0.24613E+02   0.38999E+00  -0.23243E+00
   0.11462E+03   0.29932E+02   0.24718E+02   0.39327E+00  -0.23422E+00
   0.11497E+03   0.29936E+02   0.24814E+02   0.39989E+00  -0.23554E+00
   0.11532E+03   0.29939E+02   0.24561E+02   0.40910E+00  -0.24599E+00
   0.11567E+03   0.29943E+02   0.24575E+02   0.41477E+00  -0.24795E+00
   0.11602E+03   0.29945E+02   0.24897E+02   0.41611E+00  -0.24565E+00
   0.11637E+03   0.29947E+02   0.25144E+02   0.41865E+00  -0.24159E+00
   0.11672E+03   0.29948E+02   0.25522E+02   0.42202E+00  -0.22665E+00
   0.11707E+03   0.29951E+02   0.25601E+02   0.42800E+00  -0.22192E+00
   0.11742E+03   0.29953E+02   0.25520E+02   0.42881E+00  -0.22528E+00
   0.11777E+03   0.29954E+02   0.25890E+02   0.42916E+00  -0.21091E+00
   0.11812E+03   0.29954E+02   0.26439E+02   0.42978E+00  -0.18842E+00
   0.11847E+03   0.29954E+02   0.26907E+02   0.42872E+00  -0.16637E+00
   0.11882E+03   0.29955E+02   0.26937E+02   0.42164E+00  -0.15902E+00
   0.11917E+03   0.29951E+02   0.26532E+02   0.40587E+00  -0.15999E+00
   0.11952E+03   0.29946E+02   0.26337E+02   0.39715E+00  -0.14368E+00
   0.11987E+03   0.29942E+02   0.26484E+02   0.39331E+00  -0.12739E+00
   0.12022E+03   0.29938E+02   0.26477E+02   0.38678E+00  -0.12700E+00
   0.12057E+03   0.29932E+02   0.26347E+02   0.37383E+00  -0.13189E+00
   0.12092E+03   0.29923E+02   0.26367E+02   0.36042E+00  -0.12781E+00
   0.12127E+03   0.29916E+02   0.26146E+02   0.35541E+00  -0.12629E+00
   0.12162E+03   0.29913E+02   0.25899E+02   0.35411E+00  -0.13501E+00
   0.12197E+03   0.29912E+02   0.26034E+02   0.35430E+00  -0.13137E+00
   0.12232E+03   0.29912E+02   0.25885E+02   0.34989E+00  -0.13402E+00
   0.12267E+03   0.29907E+02   0.25605E+02   0.34024E+00  -0.14636E+00
   0.12302E+03   0.29899E+02   0.25477E+02   0.33601E+00  -0.15021E+00
   0.12337E+03   0.29896E+02   0.25182E+02   0.34097E+00  -0.16134E+00
   0.12372E+03   0.29896E+02   0.25066E+02   0.34652E+00  -0.17393E+00
   0.12407E+03   0.29897E+02   0.24793E+02   0.34386E+00  -0.19528E+00
   0.12442E+03   0.29897E+02   0.24563E+02   0.34285E+00  -0.21140E+00
   0.12477E+03   0.29899E+02   0.24669E+02   0.35149E+00  -0.21093E+00
   0.12512E+03   0.29904E+02   0.24697E+02   0.36132E+00  -0.21944E+00
   0.12547E+03   0.29909E+02   0.24609E+02   0.36663E+00  -0.23295E+00
   0.12582E+03   0.29914E+02   0.24520E+02   0.37309E+00  -0.24424E+00
   0.12617E+03   0.29919E+02   0.24699E+02   0.38556E+00  -0.24753E+00
   0.12652E+03   0.29926E+02   0.24871E+02   0.39422E+00  -0.24540E+00
   0.12687E+03   0.29932E+02   0.24815E+02   0.39876E+00  -0.25561E+00
   0.12722E+03   0.29937E+02   0.24762E+02   0.40638E+00  -0.26587E+00
   0.12757E+03   0.29940E+02   0.24998E+02   0.41223E+00  -0.25863E+00
   0.12792E+03   0.29944E+02   0.25410E+02   0.42105E+00  -0.24890E+00
   0.12827E+03   0.29949E+02   0.25548E+02   0.42779E+00  -0.24987E+00
   0.12862E+03   0.29953E+02   0.25839E+02   0.43444E+00  -0.24292E+00
   0.12897E+03   0.29956E+02   0.26291E+02   0.43959E+00  -0.22116E+00
   0.12932E+03   0.29957E+02   0.26326E+02   0.43554E+00  -0.20921E+00
   0.12967E+03   0.29957E+02   0.26364E+02   0.43564E+00  -0.20010E+00
   0.13002E+03   0.29958E+02   0.26777E+02   0.44013E+00  -0.18196E+00
   0.13037E+03   0.29958E+02   0.27127E+02   0.43431E+00  -0.16136E+00
   0.13072E+03   0.29955E+02   0.27153E+02   0.41991E+00  -0.14590E+00
   0.13107E+03   0.29952E+02   0.27019E+02   0.40968E+00  -0.13854E+00
   0.13142E+03   0.29948E+02   0.27044E+02   0.40138E+00  -0.11973E+00
   0.13177E+03   0.29942E+02   0.27093E+02   0.39123E+00  -0.10549E+00
   0.13212E+03   0.29935E+02   0.27020E+02   0.37987E+00  -0.10765E+00
   0.13247E+03   0.29928E+02   0.26934E+02   0.36726E+00  -0.10482E+00
   0.13282E+03   0.29919E+02   0.26815E+02   0.35696E+00  -0.10159E+00
   0.13317E+03   0.29912E+02   0.26613E+02   0.35116E+00  -0.10719E+00
   0.13352E+03   0.29903E+02   0.26481E+02   0.33942E+00  -0.11055E+00
   0.13387E+03   0.29895E+02   0.26579E+02   0.33442E+00  -0.10617E+00
   0.13422E+03   0.29893E+02   0.26539E+02   0.33666E+00  -0.10892E+00
   0.13457E+03   0.29889E+02   0.26169E+02   0.33237E+00  -0.12446E+00
   0.13492E+03   0.29883E+02   0.25881E+02   0.32553E+00  -0.13837E+00
   0.13527E+03   0.29880E+02   0.25906E+02   0.32553E+00  -0.14000E+00
   0.13562E+03   0.29880E+02   0.25883E+02   0.32903E+00  -0.13998E+00
   0.13597E+03   0.29878E+02   0.25970E+02   0.32790E+00  -0.14528E+00
   0.13632E+03   0.29876E+02   0.26069E+02   0.32662E+00  -0.15104E+00
   0.13667E+03   0.29876E+02   0.25936E+02   0.33053E+00  -0.15769E+00
   0.13702E+03   0.29879E+02   0.25656E+02   0.33806E+00  -0.17036E+00
   0.13737E+03   0.29883E+02   0.25274E+02   0.33611E+00  -0.18822E+00
   0.13772E+03   0.29883E+02   0.25145E+02   0.33575E+00  -0.19681E+00
   0.13807E+03   0.29885E+02   0.25399E+02   0.34158E+00  -0.18915E+00
   0.13842E+03   0.29890E+02   0.25458E+02   0.34210E+00  -0.19448E+00
   0.13877E+03   0.29893E+02   0.25096E+02   0.34379E+00  -0.21436E+00
   0.13912E+03   0.29900E+02   0.24823E+02   0.35671E+00  -0.23019E+00
   0.13947E+03   0.29909E+02   0.24516E+02   0.36857E+00  -0.24448E+00
   0.13982E+03   0.29914E+02   0.24555E+02   0.37506E+00  -0.25144E+00
   0.14017E+03   0.29922E+02   0.24829E+02   0.38369E+00  -0.25930E+00
   0.14052E+03   0.29927E+02   0.24993E+02   0.39165E+00  -0.26148E+00
   0.14087E+03   0.29932E+02   0.25319E+02   0.40398E+00  -0.25456E+00
   0.14122E+03   0.29938E+02   0.25509E+02   0.41670E+00  -0.25724E+00
   0.14157E+03   0.29945E+02   0.25679E+02   0.42922E+00  -0.25642E+00
   0.14192E+03   0.29951E+02   0.25574E+02   0.44331E+00  -0.25644E+00
   0.14227E+03   0.29956E+02   0.25631E+02   0.44599E+00  -0.25614E+00
   0.14262E+03   0.29958E+02   0.25846E+02   0.44060E+00  -0.24089E+00
   0.14297E+03   0.29959E+02   0.25992E+02   0.43914E+00  -0.23095E+00
   0.14332E+03   0.29959E+02   0.26576E+02   0.44251E+00  -0.21246E+00
   0.14367E+03   0.29961E+02   0.26681E+02   0.44307E+00  -0.19247E+00
   0.14402E+03   0.29960E+02   0.26667E+02   0.44000E+00  -0.18610E+00
   0.14437E+03   0.29960E+02   0.26851E+02   0.43421E+00  -0.17068E+00
   0.14472E+03   0.29958E+02   0.26788E+02   0.42686E+00  -0.15020E+00
   0.14507E+03   0.29955E+02   0.26995E+02   0.41678E+00  -0.12944E+00
   0.14542E+03   0.29950E+02   0.27025E+02   0.40084E+00  -0.11913E+00
   0.14577E+03   0.29943E+02   0.26823E+02   0.38703E+00  -0.11355E+00
   0.14612E+03   0.29935E+02   0.26776E+02   0.37816E+00  -0.10663E+00
   0.14647E+03   0.29928E+02   0.26547E+02   0.36976E+00  -0.11159E+00
   0.14682E+03   0.29923E+02   0.26391E+02   0.35821E+00  -0.11263E+00
   0.14717E+03   0.29917E+02   0.26535E+02   0.34771E+00  -0.10428E+00
   0.14752E+03   0.29908E+02   0.26608E+02   0.33992E+00  -0.10004E+00
   0.14787E+03   0.29899E+02   0.26543E+02   0.33455E+00  -0.10041E+00
   0.14822E+03   0.29893E+02   0.26387E+02   0.33338E+00  -0.11093E+00
   0.14857E+03   0.29890E+02   0.26227E+02   0.33371E+00  -0.12192E+00
   0.14892E+03   0.29887E+02   0.26131E+02   0.33190E+00  -0.12287E+00
   0.14927E+03   0.29882E+02   0.25930E+02   0.32539E+00  -0.13226E+00
   0.14962E+03   0.29875E+02   0.25739E+02   0.32067E+00  -0.14354E+00
   0.14997E+03   0.29873E+02   0.25602E+02   0.31949E+00  -0.14961E+00
   0.15032E+03   0.29871E+02   0.25430E+02   0.32028E+00  -0.16175E+00
   0.15067E+03   0.29871E+02   0.25300E+02   0.32486E+00  -0.17386E+00
   0.15102E+03   0.29874E+02   0.25030E+02   0.33165E+00  -0.18936E+00
   0.15137E+03   0.29879E+02   0.24797E+02   0.33931E+00  -0.20946E+00
   0.15172E+03   0.29885E+02   0.24680E+02   0.34282E+00  -0.22394E+00
   0.15207E+03   0.29890E+02   0.24519E+02   0.34531E+00  -0.23700E+00
   0.15242E+03   0.29895E+02   0.24542E+02   0.35718E+00  -0.24423E+00
   0.15277E+03   0.29904E+02   0.24463E+02   0.37446E+00  -0.25790E+00
   0.15312E+03   0.29915E+02   0.24329E+02   0.38469E+00  -0.28076E+00
   0.15347E+03   0.29924E+02   0.24513E+02   0.39382E+00  -0.28964E+00
   0.15382E+03   0.29932E+02   0.24909E+02   0.40858E+00  -0.28607E+00
   0.15417E+03   0.29940E+02   0.25341E+02   0.42644E+00  -0.27667E+00
   0.15452E+03   0.29948E+02   0.25508E+02   0.43536E+00  -0.27620E+00
   0.15487E+03   0.29954E+02   0.25843E+02   0.44132E+00  -0.27801E+00
   0.15522E+03   0.29958E+02   0.26165E+02   0.45420E+00  -0.26267E+00
   0.15557E+03   0.29962E+02   0.26108E+02   0.46317E+00  -0.24960E+00
   0.15592E+03   0.29965E+02   0.25997E+02   0.46542E+00  -0.25129E+00
   0.15627E+03   0.29966E+02   0.25929E+02   0.46221E+00  -0.24603E+00
   0.15662E+03   0.29966E+02   0.26182E+02   0.45618E+00  -0.22631E+00
   0.15697E+03   0.29965E+02   0.26473E+02   0.45147E+00  -0.20448E+00
   0.15732E+03   0.29965E+02   0.26200E+02   0.45183E+00  -0.19989E+00
   0.15767E+03   0.29964E+02   0.25760E+02   0.44697E+00  -0.20170E+00
   0.15802E+03   0.29963E+02   0.25828E+02   0.43884E+00  -0.18558E+00
   0.15837E+03   0.29960E+02   0.26033E+02   0.43222E+00  -0.16697E+00
   0.15872E+03   0.29956E+02   0.26230E+02   0.42572E+00  -0.15219E+00
   0.15907E+03   0.29954E+02   0.26296E+02   0.42112E+00  -0.14412E+00
   0.15942E+03   0.29951E+02   0.26301E+02   0.41159E+00  -0.13976E+00
   0.15977E+03   0.29946E+02   0.26476E+02   0.39781E+00  -0.12460E+00
   0.16012E+03   0.29942E+02   0.26580E+02   0.38990E+00  -0.11039E+00
   0.16047E+03   0.29937E+02   0.26543E+02   0.38548E+00  -0.10915E+00
   0.16082E+03   0.29932E+02   0.26530E+02   0.37507E+00  -0.10541E+00
   0.16117E+03   0.29924E+02   0.26388E+02   0.35551E+00  -0.10786E+00
   0.16152E+03   0.29912E+02   0.26321E+02   0.34045E+00  -0.10888E+00
   0.16187E+03   0.29903E+02   0.26379E+02   0.34060E+00  -0.10217E+00
   0.16222E+03   0.29898E+02   0.26307E+02   0.34043E+00  -0.10902E+00
   0.16257E+03   0.29893E+02   0.26233E+02   0.33307E+00  -0.12089E+00
   0.16292E+03   0.29889E+02   0.25936E+02   0.32310E+00  -0.13395E+00
   0.16327E+03   0.29885E+02   0.25693E+02   0.32226E+00  -0.13984E+00
   0.16362E+03   0.29882E+02   0.25575E+02   0.32739E+00  -0.14328E+00
   0.16397E+03   0.29881E+02   0.25460E+02   0.32605E+00  -0.15602E+00
   0.16432E+03   0.29879E+02   0.25480E+02   0.32548E+00  -0.16445E+00
   0.16467E+03   0.29880E+02   0.25610E+02   0.32912E+00  -0.16514E+00
   0.16502E+03   0.29880E+02   0.25791E+02   0.33545E+00  -0.16450E+00
   0.16537E+03   0.29885E+02   0.25976E+02   0.34389E+00  -0.16480E+00
   0.16572E+03   0.29892E+02   0.26027E+02   0.34723E+00  -0.17041E+00
   0.16607E+03   0.29895E+02   0.25870E+02   0.34777E+00  -0.17806E+00
   0.16642E+03   0.29895E+02   0.25873E+02   0.34757E+00  -0.17929E+00
   0.16677E+03   0.29896E+02   0.26048E+02   0.35046E+00  -0.17360E+00
   0.16712E+03   0.29898E+02   0.26041E+02   0.35308E+00  -0.17612E+00
   0.16747E+03   0.29902E+02   0.25889E+02   0.35339E+00  -0.18735E+00
   0.16782E+03   0.29904E+02   0.25860E+02   0.35170E+00  -0.19212E+00
   0.16817E+03   0.29904E+02   0.25927E+02   0.35472E+00  -0.18770E+00
   0.16852E+03   0.29906E+02   0.25914E+02   0.36306E+00  -0.18690E+00
   0.16887E+03   0.29910E+02   0.25956E+02   0.36898E+00  -0.19204E+00
   0.16922E+03   0.29916E+02   0.26032E+02   0.37071E+00  -0.18930E+00
   0.16957E+03   0.29918E+02   0.25918E+02   0.36574E+00  -0.19099E+00
   0.16992E+03   0.29918E+02   0.25864E+02   0.37079E+00  -0.19139E+00
   0.17027E+03   0.29921E+02   0.25997E+02   0.37891E+00  -0.18112E+00
   0.17062E+03   0.29924E+02   0.25955E+02   0.38094E+00  -0.18321E+00
   0.17097E+03   0.29925E+02   0.25831E+02   0.37854E+00  -0.19109E+00
   0.17132E+03   0.29924E+02   0.25930E+02   0.37616E+00  -0.18722E+00
   0.17167E+03   0.29923E+02   0.26194E+02   0.38226E+00  -0.17586E+00
   0.17202E+03   0.29925E+02   0.26093E+02   0.38675E+00  -0.17799E+00
   0.17237E+03   0.29927E+02   0.25496E+02   0.38468E+00  -0.20130E+00
   0.17272E+03   0.29927E+02   0.25108E+02   0.37940E+00  -0.21265E+00
   0.17307E+03   0.29926E+02   0.25196E+02   0.37900E+00  -0.20223E+00
   0.17342E+03   0.29927E+02   0.25447E+02   0.38387E+00  -0.19667E+00
   0.17377E+03   0.29928E+02   0.25691E+02   0.38728E+00  -0.19557E+00
   0.17412E+03   0.29930E+02   0.25992E+02   0.38770E+00  -0.19081E+00
   0.17447E+03   0.29932E+02   0.26080E+02   0.38897E+00  -0.18477E+00
   0.17482E+03   0.29933E+02   0.26088E+02   0.39306E+00  -0.18010E+00
   0.17517E+03   0.29934E+02   0.26338E+02   0.39691E+00  -0.17249E+00
   0.17552E+03   0.29935E+02   0.26411E+02   0.39638E+00  -0.16316E+00
   0.17587E+03   0.29934E+02   0.26213E+02   0.38531E+00  -0.16252E+00
   0.17622E+03   0.29931E+02   0.26292E+02   0.37052E+00  -0.15597E+00
   0.17657E+03   0.29926E+02   0.26453E+02   0.36556E+00  -0.14225E+00
   0.17692E+03   0.29923E+02   0.26543E+02   0.37083E+00  -0.13668E+00
   0.17727E+03   0.29922E+02   0.26433E+02   0.37062E+00  -0.14430E+00
   0.17762E+03   0.29917E+02   0.26207E+02   0.35790E+00  -0.14918E+00
   0.17797E+03   0.29910E+02   0.26145E+02   0.35194E+00  -0.14719E+00
   0.17832E+03   0.29907E+02   0.26173E+02   0.35593E+00  -0.14208E+00
   0.17867E+03   0.29906E+02   0.26394E+02   0.35319E+00  -0.13684E+00
   0.17902E+03   0.29904E+02   0.26432E+02   0.34788E+00  -0.14027E+00
   0.17937E+03   0.29903E+02   0.26268E+02   0.34570E+00  -0.14122E+00
   0.17972E+03   0.29905E+02   0.26177E+02   0.34494E+00  -0.13809E+00
   0.18007E+03   0.29903E+02   0.26164E+02   0.34142E+00  -0.13944E+00
   0.18042E+03   0.29900E+02   0.25987E+02   0.34067E+00  -0.14804E+00
   0.18077E+03   0.29898E+02   0.25684E+02   0.33820E+00  -0.15739E+00
   0.18112E+03   0.29892E+02   0.25767E+02   0.33271E+00  -0.15745E+00
   0.18147E+03   0.29886E+02   0.25976E+02   0.33452E+00  -0.15859E+00
   0.18182E+03   0.29885E+02   0.25966E+02   0.34487E+00  -0.16686E+00
   0.18217E+03   0.29892E+02   0.25761E+02   0.35252E+00  -0.17636E+00
   0.18252E+03   0.29898E+02   0.25479E+02   0.34776E+00  -0.19160E+00
   0.18287E+03   0.29897E+02   0.25436E+02   0.34798E+00  -0.19149E+00
   0.18322E+03   0.29897E+02   0.25266E+02   0.35416E+00  -0.19211E+00
   0.18357E+03   0.29900E+02   0.25157E+02   0.36147E+00  -0.20732E+00
   0.18392E+03   0.29906E+02   0.25200E+02   0.36511E+00  -0.21828E+00
   0.18427E+03   0.29909E+02   0.25198E+02   0.36573E+00  -0.22602E+00
   0.18462E+03   0.29913E+02   0.25519E+02   0.37436E+00  -0.21836E+00
   0.18497E+03   0.29919E+02   0.25655E+02   0.38526E+00  -0.21536E+00
   0.18532E+03   0.29926E+02   0.25248E+02   0.39503E+00  -0.23454E+00
   0.18567E+03   0.29931E+02   0.25160E+02   0.39700E+00  -0.24245E+00
   0.18602E+03   0.29934E+02   0.25442E+02   0.39672E+00  -0.23296E+00
   0.18637E+03   0.29937E+02   0.25638E+02   0.40497E+00  -0.22585E+00
   0.18672E+03   0.29940E+02   0.25893E+02   0.41430E+00  -0.22114E+00
   0.18707E+03   0.29944E+02   0.25736E+02   0.41556E+00  -0.22706E+00
   0.18742E+03   0.29946E+02   0.25288E+02   0.40893E+00  -0.23463E+00
   0.18777E+03   0.29946E+02   0.25338E+02   0.41259E+00  -0.22670E+00
   0.18812E+03   0.29947E+02   0.25699E+02   0.42111E+00  -0.21235E+00
   0.18847E+03   0.29950E+02   0.25891E+02   0.42358E+00  -0.20194E+00
   0.18882E+03   0.29950E+02   0.26075E+02   0.41964E+00  -0.20258E+00
   0.18917E+03   0.29950E+02   0.26236E+02   0.41368E+00  -0.19534E+00
   0.18952E+03   0.29948E+02   0.26428E+02   0.41375E+00  -0.17127E+00
   0.18987E+03   0.29948E+02   0.26486E+02   0.41932E+00  -0.16411E+00
   0.19022E+03   0.29950E+02   0.26302E+02   0.41742E+00  -0.16808E+00
   0.19057E+03   0.29947E+02   0.26193E+02   0.39869E+00  -0.15964E+00
   0.19092E+03   0.29939E+02   0.26211E+02   0.38461E+00  -0.14760E+00
   0.19127E+03   0.29933E+02   0.26301E+02   0.38163E+00  -0.13494E+00
   0.19162E+03   0.29932E+02   0.26332E+02   0.38026E+00  -0.13083E+00
   0.19197E+03   0.29928E+02   0.26147E+02   0.37185E+00  -0.14582E+00
   0.19232E+03   0.29922E+02   0.26185E+02   0.36397E+00  -0.14289E+00
   0.19267E+03   0.29916E+02   0.26543E+02   0.36117E+00  -0.11799E+00
   0.19302E+03   0.29915E+02   0.26517E+02   0.36071E+00  -0.11865E+00
   0.19337E+03   0.29913E+02   0.26220E+02   0.35469E+00  -0.13655E+00
   0.19372E+03   0.29909E+02   0.25937E+02   0.34550E+00  -0.14129E+00
   0.19407E+03   0.29902E+02   0.25666E+02   0.33616E+00  -0.14081E+00
   0.19442E+03   0.29893E+02   0.25705E+02   0.33468E+00  -0.14165E+00
   0.19477E+03   0.29889E+02   0.25737E+02   0.34380E+00  -0.14955E+00
   0.19512E+03   0.29890E+02   0.25650E+02   0.34442E+00  -0.16396E+00
   0.19547E+03   0.29891E+02   0.25659E+02   0.33866E+00  -0.17231E+00
   0.19582E+03   0.29889E+02   0.25478E+02   0.33887E+00  -0.18047E+00
   0.19617E+03   0.29891E+02   0.25478E+02   0.35406E+00  -0.18135E+00
   0.19652E+03   0.29900E+02   0.25655E+02   0.36201E+00  -0.17812E+00
   0.19687E+03   0.29905E+02   0.25631E+02   0.35586E+00  -0.18936E+00
   0.19722E+03   0.29906E+02   0.25514E+02   0.35203E+00  -0.19474E+00
   0.19757E+03   0.29906E+02   0.25319E+02   0.35440E+00  -0.19249E+00
   0.19792E+03   0.29907E+02   0.25187E+02   0.36334E+00  -0.20051E+00
   0.19827E+03   0.29911E+02   0.25039E+02   0.37168E+00  -0.21710E+00
   0.19862E+03   0.29915E+02   0.24811E+02   0.36774E+00  -0.23667E+00
   0.19897E+03   0.29916E+02   0.24921E+02   0.36852E+00  -0.23578E+00
   0.19932E+03   0.29920E+02   0.25150E+02   0.38165E+00  -0.22897E+00
   0.19967E+03   0.29927E+02   0.25128E+02   0.38975E+00  -0.23643E+00
   0.20002E+03   0.29931E+02   0.25085E+02   0.39711E+00  -0.24401E+00
   0.20037E+03   0.29937E+02   0.25175E+02   0.40771E+00  -0.24834E+00
   0.20072E+03   0.29942E+02   0.25218E+02   0.41618E+00  -0.24488E+00
   0.20107E+03   0.29945E+02   0.25214E+02   0.42101E+00  -0.24238E+00
   0.20142E+03   0.29948E+02   0.25362E+02   0.42446E+00  -0.24518E+00
   0.20177E+03   0.29951E+02   0.25780E+02   0.42770E+00  -0.23097E+00
   0.20212E+03   0.29953E+02   0.26260E+02   0.42793E+00  -0.21075E+00
   0.20247E+03   0.29953E+02   0.26290E+02   0.42941E+00  -0.20986E+00
   0.20282E+03   0.29955E+02   0.25982E+02   0.43656E+00  -0.20935E+00
   0.20317E+03   0.29956E+02   0.25842E+02   0.43633E+00  -0.20403E+00
   0.20352E+03   0.29954E+02   0.26020E+02   0.42590E+00  -0.19758E+00
   0.20387E+03   0.29953E+02   0.26323E+02   0.41935E+00  -0.17772E+00
   0.20422E+03   0.29951E+02   0.26531E+02   0.41428E+00  -0.16256E+00
   0.20457E+03   0.29949E+02   0.26653E+02   0.40912E+00  -0.15402E+00
   0.20492E+03   0.29946E+02   0.26647E+02   0.40337E+00  -0.14229E+00
   0.20527E+03   0.29942E+02   0.26701E+02   0.39488E+00  -0.13250E+00
   0.20562E+03   0.29938E+02   0.26780E+02   0.39316E+00  -0.12342E+00
   0.20597E+03   0.29936E+02   0.26828E+02   0.38866E+00  -0.11690E+00
   0.20632E+03   0.29931E+02   0.26860E+02   0.37045E+00  -0.11271E+00
   0.20667E+03   0.29922E+02   0.26657E+02   0.35289E+00  -0.11389E+00
   0.20702E+03   0.29914E+02   0.26515E+02   0.34622E+00  -0.11139E+00
   0.20737E+03   0.29908E+02   0.26483E+02   0.34290E+00  -0.10502E+00
   0.20772E+03   0.29901E+02   0.26407E+02   0.33962E+00  -0.11269E+00
   0.20807E+03   0.29897E+02   0.26210E+02   0.33330E+00  -0.12402E+00
   0.20842E+03   0.29892E+02   0.26046E+02   0.32338E+00  -0.12759E+00
   0.20877E+03   0.29882E+02   0.25976E+02   0.32357E+00  -0.12867E+00
   0.20912E+03   0.29878E+02   0.25728E+02   0.32641E+00  -0.13855E+00
   0.20947E+03   0.29878E+02   0.25414E+02   0.32409E+00  -0.15860E+00
   0.20982E+03   0.29877E+02   0.25145E+02   0.32754E+00  -0.17605E+00
   0.21017E+03   0.29876E+02   0.25215E+02   0.33124E+00  -0.17876E+00
   0.21052E+03   0.29880E+02   0.25414E+02   0.33608E+00  -0.17515E+00
   0.21087E+03   0.29885E+02   0.25317E+02   0.34308E+00  -0.18876E+00
   0.21122E+03   0.29890E+02   0.25052E+02   0.34918E+00  -0.21150E+00
   0.21157E+03   0.29894E+02   0.24816E+02   0.35538E+00  -0.22326E+00
   0.21192E+03   0.29901E+02   0.24635E+02   0.36158E+00  -0.23362E+00
   0.21227E+03   0.29908E+02   0.24591E+02   0.36890E+00  -0.24905E+00
   0.21262E+03   0.29914E+02   0.24948E+02   0.37779E+00  -0.24812E+00
   0.21297E+03   0.29920E+02   0.25349E+02   0.38507E+00  -0.23999E+00
   0.21332E+03   0.29926E+02   0.25464E+02   0.39097E+00  -0.24656E+00
   0.21367E+03   0.29931E+02   0.25725E+02   0.40587E+00  -0.24856E+00
   0.21402E+03   0.29939E+02   0.26123E+02   0.42425E+00  -0.24027E+00
   0.21437E+03   0.29946E+02   0.26323E+02   0.43288E+00  -0.23434E+00
   0.21472E+03   0.29950E+02   0.26237E+02   0.42664E+00  -0.23223E+00
   0.21507E+03   0.29951E+02   0.26090E+02   0.42144E+00  -0.22706E+00
   0.21542E+03   0.29951E+02   0.26194E+02   0.42463E+00  -0.20933E+00
   0.21577E+03   0.29952E+02   0.26115E+02   0.42473E+00  -0.20148E+00
   0.21612E+03   0.29952E+02   0.26000E+02   0.42221E+00  -0.20691E+00
   0.21647E+03   0.29951E+02   0.25937E+02   0.42311E+00  -0.20184E+00
   0.21682E+03   0.29951E+02   0.25859E+02   0.42112E+00  -0.19664E+00
   0.21717E+03   0.29950E+02   0.25820E+02   0.41756E+00  -0.19463E+00
   0.21752E+03   0.29949E+02   0.25794E+02   0.41351E+00  -0.18976E+00
   0.21787E+03   0.29948E+02   0.25868E+02   0.41030E+00  -0.18157E+00
   0.21822E+03   0.29947E+02   0.25804E+02   0.41032E+00  -0.17293E+00
   0.21857E+03   0.29945E+02   0.25841E+02   0.40550E+00  -0.16950E+00
   0.21892E+03   0.29942E+02   0.25989E+02   0.40161E+00  -0.16138E+00
   0.21927E+03   0.29941E+02   0.26027E+02   0.40140E+00  -0.15342E+00
   0.21962E+03   0.29940E+02   0.25995E+02   0.39567E+00  -0.15428E+00
   0.21997E+03   0.29937E+02   0.25762E+02   0.38259E+00  -0.15978E+00
   0.22032E+03   0.29930E+02   0.25657E+02   0.37503E+00  -0.15806E+00
   0.22067E+03   0.29927E+02   0.25806E+02   0.37613E+00  -0.14993E+00
   0.22102E+03   0.29926E+02   0.25853E+02   0.37292E+00  -0.15133E+00
   0.22137E+03   0.29922E+02   0.25921E+02   0.36478E+00  -0.15307E+00
   0.22172E+03   0.29917E+02   0.25989E+02   0.36380E+00  -0.15013E+00
   0.22207E+03   0.29917E+02   0.25922E+02   0.36488E+00  -0.15045E+00
   0.22242E+03   0.29915E+02   0.25822E+02   0.36131E+00  -0.15554E+00
   0.22277E+03   0.29912E+02   0.25690E+02   0.35847E+00  -0.16467E+00
   0.22312E+03   0.29909E+02   0.25779E+02   0.35857E+00  -0.16155E+00
   0.22347E+03   0.29907E+02   0.25936E+02   0.35729E+00  -0.15557E+00
   0.22382E+03   0.29908E+02   0.25877E+02   0.35363E+00  -0.16486E+00
   0.22417E+03   0.29906E+02   0.25956E+02   0.35255E+00  -0.16463E+00
   0.22452E+03   0.29905E+02   0.26186E+02   0.35804E+00  -0.15282E+00
   0.22487E+03   0.29908E+02   0.26135E+02   0.35878E+00  -0.15495E+00
   0.22522E+03   0.29906E+02   0.25876E+02   0.35566E+00  -0.16848E+00
   0.22557E+03   0.29904E+02   0.25866E+02   0.35689E+00  -0.17288E+00
   0.22592E+03   0.29904E+02   0.25763E+02   0.35617E+00  -0.17057E+00
   0.22627E+03   0.29905E+02   0.25556E+02   0.35140E+00  -0.17737E+00
   0.22662E+03   0.29904E+02   0.25372E+02   0.34967E+00  -0.18997E+00
   0.22697E+03   0.29903E+02   0.25385E+02   0.35632E+00  -0.19126E+00
   0.22732E+03   0.29907E+02   0.25690E+02   0.36336E+00  -0.18394E+00
   0.22767E+03   0.29912E+02   0.25533E+02   0.36692E+00  -0.19842E+00
   0.22802E+03   0.29916E+02   0.25070E+02   0.36836E+00  -0.21864E+00
   0.22837E+03   0.29919E+02   0.25003E+02   0.37227E+00  -0.21494E+00
   0.22872E+03   0.29921E+02   0.25205E+02   0.37751E+00  -0.21085E+00
   0.22907E+03   0.29924E+02   0.25233E+02   0.38124E+00  -0.21568E+00
   0.22942E+03   0.29927E+02   0.25021E+02   0.38572E+00  -0.23079E+00
   0.22977E+03   0.29930E+02   0.24773E+02   0.39375E+00  -0.24412E+00
   0.23012E+03   0.29933E+02   0.24766E+02   0.39824E+00  -0.24367E+00
   0.23047E+03   0.29937E+02   0.24869E+02   0.39981E+00  -0.24435E+00
   0.23082E+03   0.29940E+02   0.25326E+02   0.40783E+00  -0.23852E+00
   0.23117E+03   0.29943E+02   0.25674E+02   0.42163E+00  -0.23042E+00
   0.23152E+03   0.29947E+02   0.25683E+02   0.42498E+00  -0.23091E+00
   0.23187E+03   0.29949E+02   0.25735E+02   0.42306E+00  -0.23156E+00
   0.23222E+03   0.29951E+02   0.25733E+02   0.42967E+00  -0.22488E+00
   0.23257E+03   0.29953E+02   0.25835E+02   0.43429E+00  -0.20962E+00
   0.23292E+03   0.29954E+02   0.26006E+02   0.42839E+00  -0.19450E+00
   0.23327E+03   0.29952E+02   0.26041E+02   0.41469E+00  -0.19156E+00
   0.23362E+03   0.29949E+02   0.26030E+02   0.41298E+00  -0.18307E+00
   0.23397E+03   0.29949E+02   0.26067E+02   0.41585E+00  -0.17232E+00
   0.23432E+03   0.29949E+02   0.26042E+02   0.40929E+00  -0.16996E+00
   0.23467E+03   0.29946E+02   0.26063E+02   0.40118E+00  -0.16399E+00
   0.23502E+03   0.29942E+02   0.26115E+02   0.39649E+00  -0.15417E+00
   0.23537E+03   0.29938E+02   0.26216E+02   0.39068E+00  -0.14331E+00
   0.23572E+03   0.29936E+02   0.26229E+02   0.38382E+00  -0.14114E+00
   0.23607E+03   0.29932E+02   0.26154E+02   0.37794E+00  -0.14349E+00
   0.23642E+03   0.29927E+02   0.26201E+02   0.37621E+00  -0.13656E+00
   0.23677E+03   0.29923E+02   0.26394E+02   0.37331E+00  -0.12416E+00
   0.23712E+03   0.29921E+02   0.26647E+02   0.36386E+00  -0.11842E+00
   0.23747E+03   0.29917E+02   0.26620E+02   0.35730E+00  -0.11866E+00
   0.23782E+03   0.29913E+02   0.26242E+02   0.35221E+00  -0.12851E+00
   0.23817E+03   0.29907E+02   0.26090E+02   0.34351E+00  -0.13065E+00
   0.23852E+03   0.29900E+02   0.25970E+02   0.33652E+00  -0.13045E+00
   0.23887E+03   0.29893E+02   0.25875E+02   0.33548E+00  -0.13739E+00
   0.23922E+03   0.29888E+02   0.25886E+02   0.33431E+00  -0.14287E+00
   0.23957E+03   0.29887E+02   0.25688E+02   0.33209E+00  -0.15536E+00
   0.23992E+03   0.29886E+02   0.25373E+02   0.32891E+00  -0.17139E+00
   0.24027E+03   0.29884E+02   0.25232E+02   0.33352E+00  -0.17762E+00
   0.24062E+03   0.29888E+02   0.25195E+02   0.34412E+00  -0.17907E+00
   0.24097E+03   0.29893E+02   0.25304E+02   0.34590E+00  -0.18408E+00
   0.24132E+03   0.29896E+02   0.25487E+02   0.34452E+00  -0.18607E+00
   0.24167E+03   0.29897E+02   0.25373E+02   0.34882E+00  -0.19131E+00
   0.24202E+03   0.29901E+02   0.25429E+02   0.35762E+00  -0.19358E+00
   0.24237E+03   0.29907E+02   0.25463E+02   0.36417E+00  -0.19711E+00
   0.24272E+03   0.29911E+02   0.25437E+02   0.36569E+00  -0.20543E+00
   0.24307E+03   0.29913E+02   0.25553E+02   0.36815E+00  -0.20454E+00
   0.24342E+03   0.29915E+02   0.25610E+02   0.37315E+00  -0.20483E+00
   0.24377E+03   0.29919E+02   0.25632E+02   0.37794E+00  -0.20977E+00
   0.24412E+03   0.29922E+02   0.25533E+02   0.37820E+00  -0.21599E+00
   0.24447E+03   0.29924E+02   0.25542E+02   0.38353E+00  -0.21670E+00
   0.24482E+03   0.29929E+02   0.25775E+02   0.39003E+00  -0.20429E+00
   0.24517E+03   0.29932E+02   0.26023E+02   0.39091E+00  -0.19844E+00
   0.24552E+03   0.29934E+02   0.26149E+02   0.39423E+00  -0.19905E+00
   0.24587E+03   0.29936E+02   0.26368E+02   0.39630E+00  -0.18906E+00
   0.24622E+03   0.29937E+02   0.26467E+02   0.39854E+00  -0.17798E+00
   0.24657E+03   0.29938E+02   0.26364E+02   0.39559E+00  -0.17775E+00
   0.24692E+03   0.29936E+02   0.26168E+02   0.39245E+00  -0.17972E+00
   0.24727E+03   0.29933E+02   0.26036E+02   0.39150E+00  -0.17286E+00
   0.24762E+03   0.29931E+02   0.26109E+02   0.38663E+00  -0.16707E+00
   0.24797E+03   0.29929E+02   0.26121E+02   0.38131E+00  -0.16804E+00
   0.24832E+03   0.29928E+02   0.25992E+02   0.37978E+00  -0.17111E+00
   0.24867E+03   0.29928E+02   0.25794E+02   0.37995E+00  -0.17509E+00
   0.24902E+03   0.29927E+02   0.25732E+02   0.37880E+00  -0.17695E+00
   0.24937E+03   0.29927E+02   0.25582E+02   0.37647E+00  -0.17853E+00
   0.24972E+03   0.29924E+02   0.25453E+02   0.37345E+00  -0.18150E+00
   0.25007E+03   0.29922E+02   0.25538E+02   0.37602E+00  -0.17727E+00
   0.25042E+03   0.29923E+02   0.25768E+02   0.37531E+00  -0.16820E+00
   0.25077E+03   0.29922E+02   0.25853E+02   0.37304E+00  -0.17022E+00
   0.25112E+03   0.29923E+02   0.25656E+02   0.37539E+00  -0.17800E+00
   0.25147E+03   0.29926E+02   0.25432E+02   0.37615E+00  -0.18131E+00
   0.25182E+03   0.29928E+02   0.25692E+02   0.37272E+00  -0.17253E+00
   0.25217E+03   0.29925E+02   0.26118E+02   0.36644E+00  -0.15969E+00
   0.25252E+03   0.29922E+02   0.25981E+02   0.36678E+00  -0.16215E+00
   0.25287E+03   0.29918E+02   0.25772E+02   0.36880E+00  -0.16940E+00
   0.25322E+03   0.29916E+02   0.25640E+02   0.36760E+00  -0.17680E+00
   0.25357E+03   0.29918E+02   0.25419E+02   0.36513E+00  -0.18683E+00
   0.25392E+03   0.29917E+02   0.25430E+02   0.36465E+00  -0.18529E+00
   0.25427E+03   0.29916E+02   0.25537E+02   0.36742E+00  -0.18136E+00
   0.25462E+03   0.29918E+02   0.25351E+02   0.36451E+00  -0.18739E+00
   0.25497E+03   0.29917E+02   0.25186E+02   0.36113E+00  -0.19727E+00
   0.25532E+03   0.29918E+02   0.25230E+02   0.36819E+00  -0.20300E+00
   0.25567E+03   0.29922E+02   0.25197E+02   0.37822E+00  -0.20094E+00
   0.25602E+03   0.29924E+02   0.25159E+02   0.38207E+00  -0.20418E+00
   0.25637E+03   0.29925E+02   0.25180E+02   0.38166E+00  -0.21378E+00
   0.25672E+03   0.29927E+02   0.25259E+02   0.37954E+00  -0.21115E+00
   0.25707E+03   0.29929E+02   0.25547E+02   0.38467E+00  -0.20157E+00
   0.25742E+03   0.29932E+02   0.25641E+02   0.39434E+00  -0.20391E+00
   0.25777E+03   0.29935E+02   0.25464E+02   0.39730E+00  -0.21028E+00
   0.25812E+03   0.29937E+02   0.25318E+02   0.39566E+00  -0.21172E+00
   0.25847E+03   0.29937E+02   0.25237E+02   0.39539E+00  -0.21391E+00
   0.25882E+03   0.29936E+02   0.25153E+02   0.39426E+00  -0.21303E+00
   0.25917E+03   0.29937E+02   0.24992E+02   0.39488E+00  -0.21601E+00
   0.25952E+03   0.29938E+02   0.24700E+02   0.39638E+00  -0.23226E+00
   0.25987E+03   0.29939E+02   0.24715E+02   0.39718E+00  -0.23472E+00
   0.26022E+03   0.29939E+02   0.25080E+02   0.40202E+00  -0.22354E+00
   0.26057E+03   0.29942E+02   0.25168E+02   0.41149E+00  -0.22520E+00
   0.26092E+03   0.29945E+02   0.25221E+02   0.41933E+00  -0.22987E+00
   0.26127E+03   0.29947E+02   0.25319E+02   0.42121E+00  -0.22640E+00
   0.26162E+03   0.29949E+02   0.25178E+02   0.42002E+00  -0.22496E+00
   0.26197E+03   0.29951E+02   0.25086E+02   0.41958E+00  -0.22446E+00
   0.26232E+03   0.29952E+02   0.25325E+02   0.42502E+00  -0.21645E+00
   0.26267E+03   0.29953E+02   0.25917E+02   0.42157E+00  -0.19428E+00
   0.26302E+03   0.29951E+02   0.26271E+02   0.41559E+00  -0.17667E+00
   0.26337E+03   0.29949E+02   0.26205E+02   0.41634E+00  -0.17641E+00
   0.26372E+03   0.29948E+02   0.26271E+02   0.41549E+00  -0.17077E+00
   0.26407E+03   0.29948E+02   0.26400E+02   0.41335E+00  -0.15876E+00
   0.26442E+03   0.29945E+02   0.26376E+02   0.40368E+00  -0.15136E+00
   0.26477E+03   0.29942E+02   0.26329E+02   0.39084E+00  -0.14454E+00
   0.26512E+03   0.29937E+02   0.26496E+02   0.37864E+00  -0.12940E+00
   0.26547E+03   0.29929E+02   0.26778E+02   0.37329E+00  -0.11454E+00
   0.26582E+03   0.29925E+02   0.26759E+02   0.36858E+00  -0.11514E+00
   0.26617E+03   0.29923E+02   0.26559E+02   0.36016E+00  -0.11965E+00
   0.26652E+03   0.29917E+02   0.26714E+02   0.35650E+00  -0.11123E+00
   0.26687E+03   0.29908E+02   0.26880E+02   0.35044E+00  -0.99987E-01
   0.26722E+03   0.29900E+02   0.26871E+02   0.34130E+00  -0.97663E-01
   0.26757E+03   0.29893E+02   0.26755E+02   0.33360E+00  -0.10982E+00
   0.26792E+03   0.29886E+02   0.26464E+02   0.33070E+00  -0.12062E+00
   0.26827E+03   0.29882E+02   0.26329E+02   0.32947E+00  -0.11867E+00
   0.26862E+03   0.29881E+02   0.26170E+02   0.32174E+00  -0.12568E+00
   0.26897E+03   0.29876E+02   0.25891E+02   0.31736E+00  -0.14123E+00
   0.26932E+03   0.29873E+02   0.25679E+02   0.32160E+00  -0.14824E+00
   0.26967E+03   0.29870E+02   0.25691E+02   0.31836E+00  -0.14994E+00
   0.27002E+03   0.29867E+02   0.25824E+02   0.31773E+00  -0.15461E+00
   0.27037E+03   0.29869E+02   0.25856E+02   0.33174E+00  -0.16373E+00
   0.27072E+03   0.29876E+02   0.25775E+02   0.34454E+00  -0.17468E+00
   0.27107E+03   0.29884E+02   0.25642E+02   0.34316E+00  -0.18428E+00
   0.27142E+03   0.29888E+02   0.25576E+02   0.34027E+00  -0.19406E+00
   0.27177E+03   0.29890E+02   0.25511E+02   0.34650E+00  -0.19497E+00
   0.27212E+03   0.29895E+02   0.25516E+02   0.35405E+00  -0.19367E+00
   0.27247E+03   0.29901E+02   0.25158E+02   0.35480E+00  -0.21251E+00
   0.27282E+03   0.29904E+02   0.24746E+02   0.35202E+00  -0.23474E+00
   0.27317E+03   0.29905E+02   0.24859E+02   0.36146E+00  -0.23384E+00
   0.27352E+03   0.29911E+02   0.25003E+02   0.37792E+00  -0.23261E+00
   0.27387E+03   0.29920E+02   0.25003E+02   0.38666E+00  -0.24875E+00
   0.27422E+03   0.29926E+02   0.25003E+02   0.39051E+00  -0.26186E+00
   0.27457E+03   0.29932E+02   0.25111E+02   0.40022E+00  -0.26104E+00
   0.27492E+03   0.29937E+02   0.25234E+02   0.41377E+00  -0.25187E+00
   0.27527E+03   0.29943E+02   0.25394E+02   0.42689E+00  -0.25363E+00
   0.27562E+03   0.29949E+02   0.25753E+02   0.43551E+00  -0.25238E+00
   0.27597E+03   0.29953E+02   0.26280E+02   0.43617E+00  -0.23400E+00
   0.27632E+03   0.29956E+02   0.26937E+02   0.43926E+00  -0.21222E+00
   0.27667E+03   0.29958E+02   0.27331E+02   0.44119E+00  -0.19292E+00
   0.27702E+03   0.29959E+02   0.27058E+02   0.44071E+00  -0.18686E+00
   0.27737E+03   0.29960E+02   0.26571E+02   0.43731E+00  -0.18591E+00
   0.27772E+03   0.29958E+02   0.26579E+02   0.42101E+00  -0.17046E+00
   0.27807E+03   0.29952E+02   0.26792E+02   0.40739E+00  -0.14502E+00
   0.27842E+03   0.29947E+02   0.26844E+02   0.40223E+00  -0.13035E+00
   0.27877E+03   0.29944E+02   0.26904E+02   0.39564E+00  -0.12940E+00
   0.27912E+03   0.29938E+02   0.26886E+02   0.38223E+00  -0.12519E+00
   0.27947E+03   0.29931E+02   0.26814E+02   0.37220E+00  -0.11657E+00
   0.27982E+03   0.29927E+02   0.26692E+02   0.37195E+00  -0.11241E+00
   0.28017E+03   0.29925E+02   0.26450E+02   0.36672E+00  -0.11520E+00
   0.28052E+03   0.29918E+02   0.26438E+02   0.35006E+00  -0.11491E+00
   0.28087E+03   0.29904E+02   0.26636E+02   0.33513E+00  -0.10023E+00
   0.28122E+03   0.29896E+02   0.26676E+02   0.33528E+00  -0.93700E-01
   0.28157E+03   0.29893E+02   0.26430E+02   0.33637E+00  -0.11227E+00
   0.28192E+03   0.29888E+02   0.26070E+02   0.33576E+00  -0.13293E+00
   0.28227E+03   0.29885E+02   0.25782E+02   0.33035E+00  -0.14392E+00
   0.28262E+03   0.29881E+02   0.25553E+02   0.32398E+00  -0.15188E+00
   0.28297E+03   0.29878E+02   0.25479E+02   0.32439E+00  -0.15868E+00
   0.28332E+03   0.29875E+02   0.25515E+02   0.32721E+00  -0.16500E+00
   0.28367E+03   0.29875E+02   0.25440E+02   0.33356E+00  -0.17338E+00
   0.28402E+03   0.29879E+02   0.25248E+02   0.33689E+00  -0.18847E+00
   0.28437E+03   0.29884E+02   0.25102E+02   0.34674E+00  -0.20466E+00
   0.28472E+03   0.29893E+02   0.25182E+02   0.35755E+00  -0.20565E+00
   0.28507E+03   0.29900E+02   0.25330E+02   0.35736E+00  -0.20327E+00
   0.28542E+03   0.29903E+02   0.25184E+02   0.35531E+00  -0.21654E+00
   0.28577E+03   0.29906E+02   0.24917E+02   0.35984E+00  -0.22968E+00
   0.28612E+03   0.29912E+02   0.24857E+02   0.36967E+00  -0.23608E+00
   0.28647E+03   0.29918E+02   0.25081E+02   0.38110E+00  -0.23964E+00
   0.28682E+03   0.29924E+02   0.25582E+02   0.39070E+00  -0.23470E+00
   0.28717E+03   0.29929E+02   0.25864E+02   0.39671E+00  -0.23269E+00
   0.28752E+03   0.29933E+02   0.25654E+02   0.40491E+00  -0.23979E+00
   0.28787E+03   0.29937E+02   0.25613E+02   0.41244E+00  -0.24434E+00
   0.28822E+03   0.29943E+02   0.25785E+02   0.41967E+00  -0.24010E+00
   0.28857E+03   0.29948E+02   0.25867E+02   0.42476E+00  -0.23385E+00
   0.28892E+03   0.29950E+02   0.25980E+02   0.42697E+00  -0.22740E+00
   0.28927E+03   0.29951E+02   0.26319E+02   0.42581E+00  -0.21042E+00
   0.28962E+03   0.29951E+02   0.26760E+02   0.42341E+00  -0.19109E+00
   0.28997E+03   0.29952E+02   0.27114E+02   0.42762E+00  -0.17998E+00
   0.29032E+03   0.29954E+02   0.27269E+02   0.43124E+00  -0.16959E+00
   0.29067E+03   0.29954E+02   0.27159E+02   0.42447E+00  -0.15751E+00
   0.29102E+03   0.29951E+02   0.26946E+02   0.41163E+00  -0.15165E+00
   0.29137E+03   0.29948E+02   0.27060E+02   0.39935E+00  -0.13435E+00
   0.29172E+03   0.29943E+02   0.27271E+02   0.38801E+00  -0.11223E+00
   0.29207E+03   0.29936E+02   0.27001E+02   0.37728E+00  -0.11312E+00
   0.29242E+03   0.29928E+02   0.26683E+02   0.36725E+00  -0.11968E+00
   0.29277E+03   0.29919E+02   0.26566E+02   0.35964E+00  -0.11807E+00
   0.29312E+03   0.29912E+02   0.26400E+02   0.35523E+00  -0.12098E+00
   0.29347E+03   0.29908E+02   0.26068E+02   0.34942E+00  -0.13365E+00
   0.29382E+03   0.29904E+02   0.25880E+02   0.34119E+00  -0.14173E+00
   0.29417E+03   0.29897E+02   0.25890E+02   0.33595E+00  -0.13859E+00
   0.29452E+03   0.29889E+02   0.25810E+02   0.33654E+00  -0.14065E+00
   0.29487E+03   0.29888E+02   0.25670E+02   0.34421E+00  -0.15332E+00
   0.29522E+03   0.29891E+02   0.25556E+02   0.35135E+00  -0.16512E+00
   0.29557E+03   0.29895E+02   0.25441E+02   0.35114E+00  -0.17341E+00
   0.29592E+03   0.29896E+02   0.25472E+02   0.34674E+00  -0.17524E+00
   0.29627E+03   0.29896E+02   0.25736E+02   0.34577E+00  -0.16802E+00
   0.29662E+03   0.29898E+02   0.25753E+02   0.34897E+00  -0.16646E+00
   0.29697E+03   0.29901E+02   0.25735E+02   0.35146E+00  -0.17431E+00
   0.29732E+03   0.29901E+02   0.25807E+02   0.35519E+00  -0.17880E+00
   0.29767E+03   0.29903E+02   0.25781E+02   0.35745E+00  -0.18226E+00
   0.29802E+03   0.29906E+02   0.25712E+02   0.35900E+00  -0.18682E+00
   0.29837E+03   0.29909E+02   0.25573E+02   0.36166E+00  -0.19511E+00
   0.29872E+03   0.29909E+02   0.25831E+02   0.35771E+00  -0.19303E+00
   0.29907E+03   0.29907E+02   0.26147E+02   0.35719E+00  -0.18067E+00
   0.29942E+03   0.29910E+02   0.25798E+02   0.36854E+00  -0.19303E+00
   0.29977E+03   0.29917E+02   0.25449E+02   0.37483E+00  -0.20952E+00
   0.30012E+03   0.29918E+02   0.25556E+02   0.37434E+00  -0.20586E+00
   0.30047E+03   0.29920E+02   0.25620E+02   0.37868E+00  -0.20286E+00
   0.30082E+03   0.29923E+02   0.25638E+02   0.38280E+00  -0.20640E+00
   0.30118E+03   0.29926E+02   0.25662E+02   0.38504E+00  -0.20995E+00
   0.30153E+03   0.29927E+02   0.25753E+02   0.38744E+00  -0.20957E+00
   0.30188E+03   0.29929E+02   0.25846E+02   0.39329E+00  -0.20463E+00
   0.30223E+03   0.29933E+02   0.25753E+02   0.39912E+00  -0.20381E+00
   0.30258E+03   0.29936E+02   0.25987E+02   0.40227E+00  -0.20335E+00
   0.30293E+03   0.29939E+02   0.26449E+02   0.40455E+00  -0.18968E+00
   0.30328E+03   0.29940E+02   0.26455E+02   0.39949E+00  -0.17876E+00
   0.30363E+03   0.29938E+02   0.26032E+02   0.39248E+00  -0.18518E+00
   0.30398E+03   0.29937E+02   0.25946E+02   0.39396E+00  -0.18573E+00
   0.30433E+03   0.29937E+02   0.26214E+02   0.39771E+00  -0.17250E+00
   0.30468E+03   0.29936E+02   0.26295E+02   0.39161E+00  -0.16734E+00
   0.30503E+03   0.29935E+02   0.26247E+02   0.38204E+00  -0.17025E+00
   0.30538E+03   0.29932E+02   0.26332E+02   0.38019E+00  -0.16072E+00
   0.30573E+03   0.29929E+02   0.26617E+02   0.37976E+00  -0.14239E+00
   0.30608E+03   0.29927E+02   0.26639E+02   0.37568E+00  -0.13813E+00
   0.30643E+03   0.29924E+02   0.26412E+02   0.37192E+00  -0.14805E+00
   0.30678E+03   0.29921E+02   0.26199E+02   0.37226E+00  -0.14976E+00
   0.30713E+03   0.29917E+02   0.26009E+02   0.36473E+00  -0.14818E+00
   0.30748E+03   0.29910E+02   0.26073E+02   0.35288E+00  -0.14805E+00
   0.30783E+03   0.29905E+02   0.26213E+02   0.35281E+00  -0.14400E+00
   0.30818E+03   0.29905E+02   0.26212E+02   0.35570E+00  -0.14542E+00
   0.30853E+03   0.29905E+02   0.26245E+02   0.35561E+00  -0.14691E+00
   0.30888E+03   0.29906E+02   0.26100E+02   0.35039E+00  -0.15473E+00
   0.30923E+03   0.29904E+02   0.25992E+02   0.34969E+00  -0.15418E+00
   0.30958E+03   0.29902E+02   0.26245E+02   0.35371E+00  -0.13806E+00
   0.30993E+03   0.29901E+02   0.26222E+02   0.34950E+00  -0.13872E+00
   0.31028E+03   0.29898E+02   0.25887E+02   0.34077E+00  -0.15524E+00
   0.31063E+03   0.29895E+02   0.25480E+02   0.33852E+00  -0.17478E+00
   0.31098E+03   0.29894E+02   0.25130E+02   0.34492E+00  -0.18895E+00
   0.31133E+03   0.29895E+02   0.24953E+02   0.34971E+00  -0.19799E+00
   0.31168E+03   0.29897E+02   0.24851E+02   0.34865E+00  -0.21338E+00
   0.31203E+03   0.29899E+02   0.24903E+02   0.35093E+00  -0.22343E+00
   0.31238E+03   0.29904E+02   0.25028E+02   0.36213E+00  -0.22189E+00
   0.31273E+03   0.29911E+02   0.24890E+02   0.37144E+00  -0.23238E+00
   0.31308E+03   0.29917E+02   0.24565E+02   0.38221E+00  -0.24981E+00
   0.31343E+03   0.29925E+02   0.24475E+02   0.39793E+00  -0.25871E+00
   0.31378E+03   0.29933E+02   0.24597E+02   0.40508E+00  -0.26207E+00
   0.31413E+03   0.29937E+02   0.25161E+02   0.40323E+00  -0.25560E+00
   0.31448E+03   0.29940E+02   0.25454E+02   0.41014E+00  -0.25012E+00
   0.31483E+03   0.29944E+02   0.25536E+02   0.42359E+00  -0.24687E+00
   0.31518E+03   0.29949E+02   0.25510E+02   0.43281E+00  -0.24750E+00
   0.31553E+03   0.29954E+02   0.25258E+02   0.43610E+00  -0.25882E+00
   0.31588E+03   0.29957E+02   0.25262E+02   0.43667E+00  -0.25709E+00
   0.31623E+03   0.29958E+02   0.25322E+02   0.44100E+00  -0.23997E+00
   0.31658E+03   0.29958E+02   0.25434E+02   0.44044E+00  -0.23240E+00
   0.31693E+03   0.29957E+02   0.25688E+02   0.43447E+00  -0.22510E+00
   0.31728E+03   0.29957E+02   0.26104E+02   0.43554E+00  -0.21006E+00
   0.31763E+03   0.29958E+02   0.26256E+02   0.44504E+00  -0.19612E+00
   0.31798E+03   0.29960E+02   0.26160E+02   0.44587E+00  -0.18957E+00
   0.31833E+03   0.29960E+02   0.26143E+02   0.43671E+00  -0.18295E+00
   0.31868E+03   0.29959E+02   0.26083E+02   0.42293E+00  -0.17069E+00
   0.31903E+03   0.29955E+02   0.26010E+02   0.41141E+00  -0.15748E+00
   0.31938E+03   0.29950E+02   0.26103E+02   0.40407E+00  -0.14559E+00
   0.31973E+03   0.29944E+02   0.25982E+02   0.39801E+00  -0.14840E+00
   0.32008E+03   0.29941E+02   0.25750E+02   0.39275E+00  -0.15519E+00
   0.32043E+03   0.29937E+02   0.25582E+02   0.38434E+00  -0.15691E+00
   0.32078E+03   0.29932E+02   0.25331E+02   0.37785E+00  -0.16141E+00
   0.32113E+03   0.29928E+02   0.25214E+02   0.37145E+00  -0.15988E+00
   0.32148E+03   0.29924E+02   0.25367E+02   0.36839E+00  -0.15401E+00
   0.32183E+03   0.29922E+02   0.25562E+02   0.36774E+00  -0.15215E+00
   0.32218E+03   0.29920E+02   0.25628E+02   0.36492E+00  -0.14876E+00
   0.32253E+03   0.29918E+02   0.25744E+02   0.36795E+00  -0.14932E+00
   0.32288E+03   0.29918E+02   0.25764E+02   0.37126E+00  -0.15139E+00
   0.32323E+03   0.29918E+02   0.25655E+02   0.36474E+00  -0.15187E+00
   0.32358E+03   0.29914E+02   0.25469E+02   0.35470E+00  -0.15990E+00
   0.32393E+03   0.29910E+02   0.25196E+02   0.34972E+00  -0.16952E+00
   0.32428E+03   0.29906E+02   0.25068E+02   0.34813E+00  -0.17364E+00
   0.32463E+03   0.29902E+02   0.25002E+02   0.34909E+00  -0.18365E+00
   0.32498E+03   0.29901E+02   0.25139E+02   0.35331E+00  -0.19235E+00
   0.32533E+03   0.29905E+02   0.25192E+02   0.35915E+00  -0.19469E+00
   0.32568E+03   0.29910E+02   0.25054E+02   0.36306E+00  -0.20607E+00
   0.32603E+03   0.29913E+02   0.25239E+02   0.36775E+00  -0.20856E+00
   0.32638E+03   0.29916E+02   0.25387E+02   0.37599E+00  -0.20177E+00
   0.32673E+03   0.29920E+02   0.25334E+02   0.38107E+00  -0.20632E+00
   0.32708E+03   0.29924E+02   0.25389E+02   0.38404E+00  -0.21157E+00
   0.32743E+03   0.29926E+02   0.25528E+02   0.38544E+00  -0.20837E+00
   0.32778E+03   0.29928E+02   0.25669E+02   0.38680E+00  -0.20100E+00
   0.32813E+03   0.29930E+02   0.25685E+02   0.38831E+00  -0.20108E+00
   0.32848E+03   0.29931E+02   0.25871E+02   0.39131E+00  -0.19830E+00
   0.32883E+03   0.29931E+02   0.26203E+02   0.39352E+00  -0.18397E+00
   0.32918E+03   0.29933E+02   0.26349E+02   0.39343E+00  -0.17862E+00
   0.32953E+03   0.29935E+02   0.26504E+02   0.39501E+00  -0.17681E+00
   0.32988E+03   0.29935E+02   0.26355E+02   0.39369E+00  -0.17544E+00
   0.33023E+03   0.29935E+02   0.25934E+02   0.38897E+00  -0.17824E+00
   0.33058E+03   0.29934E+02   0.25474E+02   0.38061E+00  -0.18253E+00
   0.33093E+03   0.29930E+02   0.25262E+02   0.37287E+00  -0.18466E+00
   0.33128E+03   0.29925E+02   0.25430E+02   0.37253E+00  -0.17720E+00
   0.33163E+03   0.29925E+02   0.25499E+02   0.37601E+00  -0.17538E+00
   0.33198E+03   0.29926E+02   0.25489E+02   0.37396E+00  -0.18483E+00
   0.33233E+03   0.29924E+02   0.25507E+02   0.37696E+00  -0.18966E+00
   0.33268E+03   0.29926E+02   0.25694E+02   0.38447E+00  -0.17877E+00
   0.33303E+03   0.29930E+02   0.26051E+02   0.38883E+00  -0.16728E+00
   0.33338E+03   0.29932E+02   0.25923E+02   0.38837E+00  -0.17784E+00
   0.33373E+03   0.29930E+02   0.25708E+02   0.38274E+00  -0.18322E+00
   0.33408E+03   0.29927E+02   0.25820E+02   0.37997E+00  -0.17128E+00
   0.33443E+03   0.29926E+02   0.25770E+02   0.37851E+00  -0.16827E+00
   0.33478E+03   0.29924E+02   0.25524E+02   0.37399E+00  -0.17854E+00
   0.33513E+03   0.29921E+02   0.25509E+02   0.37071E+00  -0.18238E+00
   0.33548E+03   0.29918E+02   0.25682E+02   0.37067E+00  -0.17405E+00
   0.33583E+03   0.29918E+02   0.25722E+02   0.36867E+00  -0.17135E+00
   0.33618E+03   0.29920E+02   0.25629E+02   0.36751E+00  -0.17915E+00
   0.33653E+03   0.29921E+02   0.25515E+02   0.37043E+00  -0.18267E+00
   0.33688E+03   0.29921E+02   0.25432E+02   0.37321E+00  -0.18053E+00
   0.33723E+03   0.29921E+02   0.25424E+02   0.36785E+00  -0.18036E+00
   0.33758E+03   0.29920E+02   0.25576E+02   0.36677E+00  -0.18005E+00
   0.33793E+03   0.29918E+02   0.25766E+02   0.37433E+00  -0.17635E+00
   0.33828E+03   0.29919E+02   0.25966E+02   0.37754E+00  -0.16957E+00
   0.33863E+03   0.29919E+02   0.25978E+02   0.37402E+00  -0.17237E+00
   0.33898E+03   0.29920E+02   0.25735E+02   0.37467E+00  -0.18621E+00
   0.33933E+03   0.29922E+02   0.25730E+02   0.37920E+00  -0.18617E+00
   0.33968E+03   0.29922E+02   0.25925E+02   0.38053E+00  -0.17505E+00
   0.34003E+03   0.29922E+02   0.25732E+02   0.37482E+00  -0.18278E+00
   0.34038E+03   0.29921E+02   0.25501E+02   0.36781E+00  -0.19228E+00
   0.34073E+03   0.29920E+02   0.25452E+02   0.37121E+00  -0.18873E+00
   0.34108E+03   0.29920E+02   0.25504E+02   0.37456E+00  -0.18598E+00
   0.34143E+03   0.29920E+02   0.25580E+02   0.37704E+00  -0.18846E+00
   0.34178E+03   0.29922E+02   0.25456E+02   0.38049E+00  -0.19761E+00
   0.34213E+03   0.29925E+02   0.25514E+02   0.38282E+00  -0.20243E+00
   0.34248E+03   0.29926E+02   0.25673E+02   0.38184E+00  -0.19369E+00
   0.34283E+03   0.29925E+02   0.25589E+02   0.37984E+00  -0.19209E+00
   0.34318E+03   0.29925E+02   0.25699E+02   0.38762E+00  -0.19329E+00
   0.34353E+03   0.29929E+02   0.26079E+02   0.39526E+00  -0.18096E+00
   0.34388E+03   0.29931E+02   0.26079E+02   0.39161E+00  -0.18175E+00
   0.34423E+03   0.29931E+02   0.25836E+02   0.38569E+00  -0.19094E+00
   0.34458E+03   0.29930E+02   0.25767E+02   0.38529E+00  -0.18398E+00
   0.34493E+03   0.29930E+02   0.25839E+02   0.38555E+00  -0.17032E+00
   0.34528E+03   0.29929E+02   0.26069E+02   0.38118E+00  -0.16291E+00
   0.34563E+03   0.29926E+02   0.26106E+02   0.37568E+00  -0.16597E+00
   0.34598E+03   0.29923E+02   0.25954E+02   0.37675E+00  -0.17092E+00
   0.34633E+03   0.29924E+02   0.25926E+02   0.38134E+00  -0.16764E+00
   0.34668E+03   0.29927E+02   0.25934E+02   0.37427E+00  -0.16635E+00
   0.34703E+03   0.29925E+02   0.25750E+02   0.36406E+00  -0.16861E+00
   0.34738E+03   0.29921E+02   0.25754E+02   0.36397E+00  -0.16021E+00
   0.34773E+03   0.29918E+02   0.26012E+02   0.36477E+00  -0.14930E+00
   0.34808E+03   0.29914E+02   0.26062E+02   0.36276E+00  -0.14996E+00
   0.34843E+03   0.29914E+02   0.25924E+02   0.36337E+00  -0.16193E+00
   0.34878E+03   0.29914E+02   0.25909E+02   0.36762E+00  -0.16607E+00
   0.34913E+03   0.29913E+02   0.25926E+02   0.36767E+00  -0.16064E+00
   0.34948E+03   0.29913E+02   0.25711E+02   0.35982E+00  -0.16854E+00
   0.34983E+03   0.29911E+02   0.25498E+02   0.35456E+00  -0.17913E+00
   0.35018E+03   0.29910E+02   0.25536E+02   0.35870E+00  -0.17492E+00
   0.35053E+03   0.29909E+02   0.25522E+02   0.36243E+00  -0.17808E+00
   0.35088E+03   0.29909E+02   0.25384E+02   0.36228E+00  -0.19001E+00
   0.35123E+03   0.29910E+02   0.25323E+02   0.36548E+00  -0.19907E+00
   0.35158E+03   0.29914E+02   0.25460E+02   0.37312E+00  -0.19796E+00
   0.35193E+03   0.29919E+02   0.25859E+02   0.37337E+00  -0.18551E+00
   0.35228E+03   0.29920E+02   0.25940E+02   0.37039E+00  -0.18826E+00
   0.35263E+03   0.29921E+02   0.25575E+02   0.37565E+00  -0.19803E+00
   0.35298E+03   0.29924E+02   0.25326E+02   0.38183E+00  -0.19953E+00
   0.35333E+03   0.29926E+02   0.25352E+02   0.37988E+00  -0.20247E+00
   0.35368E+03   0.29927E+02   0.25339E+02   0.37613E+00  -0.20556E+00
   0.35403E+03   0.29926E+02   0.25256E+02   0.37848E+00  -0.20582E+00
   0.35438E+03   0.29927E+02   0.25296E+02   0.38217E+00  -0.20531E+00
   0.35473E+03   0.29927E+02   0.25489E+02   0.38282E+00  -0.20362E+00
   0.35508E+03   0.29927E+02   0.25707E+02   0.38657E+00  -0.20138E+00
   0.35543E+03   0.29931E+02   0.25775E+02   0.39788E+00  -0.19997E+00
   0.35578E+03   0.29935E+02   0.25756E+02   0.40536E+00  -0.19879E+00
   0.35613E+03   0.29937E+02   0.25754E+02   0.40140E+00  -0.19944E+00
   0.35648E+03   0.29937E+02   0.25698E+02   0.39445E+00  -0.19961E+00
   0.35683E+03   0.29936E+02   0.25909E+02   0.39602E+00  -0.18836E+00
   0.35718E+03   0.29937E+02   0.26029E+02   0.39959E+00  -0.18199E+00
   0.35753E+03   0.29937E+02   0.25873E+02   0.39367E+00  -0.18380E+00
   0.35788E+03   0.29935E+02   0.25742E+02   0.38862E+00  -0.18358E+00
   0.35823E+03   0.29933E+02   0.25837E+02   0.38967E+00  -0.17875E+00
   0.35858E+03   0.29935E+02   0.26068E+02   0.39048E+00  -0.16871E+00
   0.35893E+03   0.29935E+02   0.26175E+02   0.38649E+00  -0.16138E+00
   0.35928E+03   0.29932E+02   0.26170E+02   0.38060E+00  -0.16072E+00
   0.35963E+03   0.29929E+02   0.25859E+02   0.37827E+00  -0.16457E+00
   0.35998E+03   0.29927E+02   0.25511E+02   0.37611E+00  -0.16951E+00
   0.36033E+03   0.29925E+02   0.25512E+02   0.37379E+00  -0.17569E+00
   0.36068E+03   0.29923E+02   0.25664E+02   0.37274E+00  -0.17158E+00
   0.36103E+03   0.29920E+02   0.25625E+02   0.37150E+00  -0.16818E+00
   0.36138E+03   0.29919E+02   0.25459E+02   0.36698E+00  -0.18009E+00
   0.36173E+03   0.29916E+02   0.25165E+02   0.36454E+00  -0.19071E+00
   0.36208E+03   0.29916E+02   0.24980E+02   0.37200E+00  -0.19374E+00
   0.36243E+03   0.29919E+02   0.25034E+02   0.37972E+00  -0.19830E+00
   0.36278E+03   0.29923E+02   0.25096E+02   0.37990E+00  -0.20234E+00
   0.36313E+03   0.29925E+02   0.25229E+02   0.37532E+00  -0.20312E+00
   0.36348E+03   0.29925E+02   0.25353E+02   0.37585E+00  -0.19896E+00
   0.36383E+03   0.29926E+02   0.25496E+02   0.38196E+00  -0.19050E+00
   0.36418E+03   0.29928E+02   0.25452E+02   0.38718E+00  -0.19554E+00
   0.36453E+03   0.29931E+02   0.25272E+02   0.39065E+00  -0.20636E+00
   0.36488E+03   0.29932E+02   0.25193E+02   0.39000E+00  -0.20697E+00
   0.36523E+03   0.29930E+02   0.25271E+02   0.38750E+00  -0.20480E+00
   0.36558E+03   0.29929E+02   0.25560E+02   0.38817E+00  -0.19928E+00
   0.36593E+03   0.29929E+02   0.25598E+02   0.39116E+00  -0.19916E+00
   0.36628E+03   0.29932E+02   0.25411E+02   0.39427E+00  -0.20860E+00
   0.36663E+03   0.29935E+02   0.25536E+02   0.39437E+00  -0.20481E+00
   0.36698E+03   0.29935E+02   0.25858E+02   0.39629E+00  -0.19191E+00
   0.36733E+03   0.29937E+02   0.26012E+02   0.40211E+00  -0.18372E+00
   0.36768E+03   0.29939E+02   0.25956E+02   0.40022E+00  -0.18386E+00
   0.36803E+03   0.29938E+02   0.25797E+02   0.39260E+00  -0.18940E+00
   0.36838E+03   0.29934E+02   0.25736E+02   0.38921E+00  -0.18468E+00
   0.36873E+03   0.29933E+02   0.25806E+02   0.39106E+00  -0.17643E+00
   0.36908E+03   0.29934E+02   0.25840E+02   0.39246E+00  -0.17620E+00
   0.36943E+03   0.29935E+02   0.25599E+02   0.38805E+00  -0.18513E+00
   0.36978E+03   0.29932E+02   0.25423E+02   0.37912E+00  -0.18856E+00
   0.37013E+03   0.29929E+02   0.25742E+02   0.37823E+00  -0.17501E+00
   0.37048E+03   0.29929E+02   0.25935E+02   0.38404E+00  -0.16700E+00
   0.37083E+03   0.29930E+02   0.25774E+02   0.38715E+00  -0.17534E+00
   0.37118E+03   0.29931E+02   0.25789E+02   0.38433E+00  -0.17767E+00
   0.37153E+03   0.29931E+02   0.25799E+02   0.37544E+00  -0.17156E+00
   0.37188E+03   0.29928E+02   0.25887E+02   0.37203E+00  -0.16227E+00
   0.37223E+03   0.29925E+02   0.26015E+02   0.37634E+00  -0.15332E+00
   0.37258E+03   0.29925E+02   0.26235E+02   0.37484E+00  -0.14758E+00
   0.37293E+03   0.29923E+02   0.26588E+02   0.36677E+00  -0.13767E+00
   0.37328E+03   0.29917E+02   0.26526E+02   0.36225E+00  -0.13918E+00
   0.37363E+03   0.29915E+02   0.25940E+02   0.36303E+00  -0.15539E+00
   0.37398E+03   0.29914E+02   0.25553E+02   0.35897E+00  -0.16501E+00
   0.37433E+03   0.29909E+02   0.25480E+02   0.35376E+00  -0.17071E+00
   0.37468E+03   0.29904E+02   0.25388E+02   0.34565E+00  -0.17183E+00
   0.37503E+03   0.29899E+02   0.25344E+02   0.34349E+00  -0.17391E+00
   0.37538E+03   0.29900E+02   0.25275E+02   0.35283E+00  -0.18609E+00
   0.37573E+03   0.29903E+02   0.25197E+02   0.36031E+00  -0.19505E+00
   0.37608E+03   0.29906E+02   0.25173E+02   0.36749E+00  -0.19952E+00
   0.37643E+03   0.29912E+02   0.25302E+02   0.37291E+00  -0.20552E+00
   0.37678E+03   0.29917E+02   0.25301E+02   0.37903E+00  -0.20845E+00
   0.37713E+03   0.29920E+02   0.25211E+02   0.38084E+00  -0.21041E+00
   0.37748E+03   0.29922E+02   0.25143E+02   0.37939E+00  -0.21816E+00
   0.37783E+03   0.29923E+02   0.25254E+02   0.38389E+00  -0.22108E+00
   0.37818E+03   0.29928E+02   0.25193E+02   0.39528E+00  -0.22499E+00
   0.37853E+03   0.29932E+02   0.25035E+02   0.39901E+00  -0.23573E+00
   0.37888E+03   0.29935E+02   0.25205E+02   0.39723E+00  -0.23468E+00
   0.37923E+03   0.29937E+02   0.25340E+02   0.40059E+00  -0.22896E+00
   0.37958E+03   0.29939E+02   0.25183E+02   0.40742E+00  -0.23559E+00
   0.37993E+03   0.29942E+02   0.25126E+02   0.41403E+00  -0.23985E+00
   0.38028E+03   0.29946E+02   0.25373E+02   0.41741E+00  -0.23806E+00
   0.38063E+03   0.29948E+02   0.25567E+02   0.42067E+00  -0.22868E+00
   0.38098E+03   0.29950E+02   0.25810E+02   0.42406E+00  -0.21396E+00
   0.38133E+03   0.29951E+02   0.25850E+02   0.42466E+00  -0.21081E+00
   0.38168E+03   0.29951E+02   0.25560E+02   0.42514E+00  -0.21559E+00
   0.38203E+03   0.29952E+02   0.25705E+02   0.42500E+00  -0.20735E+00
   0.38238E+03   0.29952E+02   0.26338E+02   0.42218E+00  -0.18496E+00
   0.38273E+03   0.29953E+02   0.26648E+02   0.42102E+00  -0.16689E+00
   0.38308E+03   0.29952E+02   0.26543E+02   0.41544E+00  -0.16237E+00
   0.38343E+03   0.29948E+02   0.26259E+02   0.40644E+00  -0.16313E+00
   0.38378E+03   0.29944E+02   0.26085E+02   0.39880E+00  -0.15670E+00
   0.38413E+03   0.29941E+02   0.26069E+02   0.39467E+00  -0.15204E+00
   0.38448E+03   0.29938E+02   0.26148E+02   0.39081E+00  -0.14511E+00
   0.38483E+03   0.29935E+02   0.25933E+02   0.37912E+00  -0.14780E+00
   0.38518E+03   0.29929E+02   0.25661E+02   0.36268E+00  -0.15475E+00
   0.38553E+03   0.29923E+02   0.25754E+02   0.35773E+00  -0.14337E+00
   0.38588E+03   0.29918E+02   0.25891E+02   0.36288E+00  -0.13670E+00
   0.38623E+03   0.29918E+02   0.26078E+02   0.36908E+00  -0.13882E+00
   0.38658E+03   0.29918E+02   0.25979E+02   0.36689E+00  -0.14796E+00
   0.38693E+03   0.29915E+02   0.25696E+02   0.35623E+00  -0.15992E+00
   0.38728E+03   0.29909E+02   0.25661E+02   0.34987E+00  -0.15368E+00
   0.38763E+03   0.29906E+02   0.25647E+02   0.35292E+00  -0.15028E+00
   0.38798E+03   0.29906E+02   0.25356E+02   0.35440E+00  -0.16602E+00
   0.38833E+03   0.29903E+02   0.24926E+02   0.34839E+00  -0.18826E+00
   0.38868E+03   0.29900E+02   0.24733E+02   0.34516E+00  -0.20146E+00
   0.38903E+03   0.29901E+02   0.24852E+02   0.34904E+00  -0.19625E+00
   0.38938E+03   0.29904E+02   0.24968E+02   0.35837E+00  -0.19756E+00
   0.38973E+03   0.29908E+02   0.25023E+02   0.36392E+00  -0.21032E+00
   0.39008E+03   0.29911E+02   0.25076E+02   0.36890E+00  -0.21623E+00
   0.39043E+03   0.29914E+02   0.25230E+02   0.37800E+00  -0.21682E+00
   0.39078E+03   0.29920E+02   0.25329E+02   0.38777E+00  -0.22284E+00
   0.39113E+03   0.29927E+02   0.25218E+02   0.39673E+00  -0.22964E+00
   0.39148E+03   0.29932E+02   0.25263E+02   0.39720E+00  -0.22849E+00
   0.39183E+03   0.29935E+02   0.25407E+02   0.39036E+00  -0.22152E+00
   0.39218E+03   0.29935E+02   0.25424E+02   0.38984E+00  -0.21721E+00
   0.39253E+03   0.29936E+02   0.25624E+02   0.40152E+00  -0.21524E+00
   0.39288E+03   0.29939E+02   0.26005E+02   0.41358E+00  -0.20937E+00
   0.39323E+03   0.29942E+02   0.26343E+02   0.41420E+00  -0.20235E+00
   0.39358E+03   0.29944E+02   0.26430E+02   0.41138E+00  -0.19901E+00
   0.39393E+03   0.29945E+02   0.26495E+02   0.40832E+00  -0.19059E+00
   0.39428E+03   0.29945E+02   0.26617E+02   0.41044E+00  -0.17300E+00
   0.39463E+03   0.29945E+02   0.26490E+02   0.40859E+00  -0.16739E+00
   0.39498E+03   0.29943E+02   0.26384E+02   0.39807E+00  -0.16957E+00
   0.39533E+03   0.29939E+02   0.26511E+02   0.39371E+00  -0.15697E+00
   0.39568E+03   0.29936E+02   0.26590E+02   0.39294E+00  -0.14690E+00
   0.39603E+03   0.29933E+02   0.26513E+02   0.38673E+00  -0.14804E+00
   0.39638E+03   0.29930E+02   0.26631E+02   0.37724E+00  -0.14371E+00
   0.39673E+03   0.29926E+02   0.26567E+02   0.37321E+00  -0.13953E+00
   0.39708E+03   0.29923E+02   0.26156E+02   0.36922E+00  -0.14112E+00
   0.39743E+03   0.29918E+02   0.25941E+02   0.36337E+00  -0.14516E+00
   0.39778E+03   0.29913E+02   0.25804E+02   0.35945E+00  -0.15205E+00
   0.39813E+03   0.29909E+02   0.25576E+02   0.35580E+00  -0.15565E+00
   0.39848E+03   0.29907E+02   0.25643E+02   0.35165E+00  -0.15340E+00
   0.39883E+03   0.29905E+02   0.25568E+02   0.34813E+00  -0.15987E+00
   0.39918E+03   0.29904E+02   0.25330E+02   0.34985E+00  -0.16848E+00
   0.39953E+03   0.29905E+02   0.25129E+02   0.35481E+00  -0.18099E+00
   0.39988E+03   0.29905E+02   0.25093E+02   0.35864E+00  -0.19130E+00
   0.40023E+03   0.29907E+02   0.25185E+02   0.36174E+00  -0.19114E+00
   0.40058E+03   0.29909E+02   0.25111E+02   0.36290E+00  -0.20028E+00
   0.40093E+03   0.29911E+02   0.25026E+02   0.36834E+00  -0.20966E+00
   0.40128E+03   0.29914E+02   0.25004E+02   0.36878E+00  -0.21093E+00
   0.40163E+03   0.29916E+02   0.24979E+02   0.37264E+00  -0.21842E+00
   0.40198E+03   0.29921E+02   0.24862E+02   0.38279E+00  -0.22649E+00
   0.40233E+03   0.29926E+02   0.24913E+02   0.38690E+00  -0.22913E+00
   0.40268E+03   0.29929E+02   0.25313E+02   0.38799E+00  -0.22118E+00
   0.40303E+03   0.29933E+02   0.25572E+02   0.38937E+00  -0.21378E+00
   0.40338E+03   0.29936E+02   0.25462E+02   0.39441E+00  -0.21912E+00
   0.40373E+03   0.29937E+02   0.25408E+02   0.40249E+00  -0.22151E+00
   0.40408E+03   0.29940E+02   0.25231E+02   0.40971E+00  -0.22838E+00
   0.40443E+03   0.29943E+02   0.24986E+02   0.40969E+00  -0.23872E+00
   0.40478E+03   0.29944E+02   0.25064E+02   0.40815E+00  -0.23808E+00
   0.40513E+03   0.29943E+02   0.25496E+02   0.40946E+00  -0.22407E+00
   0.40548E+03   0.29944E+02   0.25696E+02   0.41515E+00  -0.21154E+00
   0.40583E+03   0.29946E+02   0.25786E+02   0.41783E+00  -0.21077E+00
   0.40618E+03   0.29947E+02   0.25920E+02   0.42174E+00  -0.21093E+00
   0.40653E+03   0.29950E+02   0.25855E+02   0.43040E+00  -0.20266E+00
   0.40688E+03   0.29954E+02   0.25839E+02   0.42720E+00  -0.19494E+00
   0.40723E+03   0.29953E+02   0.25965E+02   0.41349E+00  -0.18643E+00
   0.40758E+03   0.29948E+02   0.26121E+02   0.40694E+00  -0.16988E+00
   0.40793E+03   0.29944E+02   0.26235E+02   0.40480E+00  -0.15551E+00
   0.40828E+03   0.29942E+02   0.26323E+02   0.40088E+00  -0.15488E+00
   0.40863E+03   0.29941E+02   0.26584E+02   0.39795E+00  -0.14910E+00
   0.40898E+03   0.29940E+02   0.26805E+02   0.39284E+00  -0.13373E+00
   0.40933E+03   0.29936E+02   0.26749E+02   0.38516E+00  -0.12439E+00
   0.40968E+03   0.29931E+02   0.26728E+02   0.37220E+00  -0.11898E+00
   0.41003E+03   0.29922E+02   0.26823E+02   0.36158E+00  -0.11404E+00
   0.41038E+03   0.29915E+02   0.26691E+02   0.35924E+00  -0.11267E+00
   0.41073E+03   0.29912E+02   0.26474E+02   0.35440E+00  -0.12216E+00
   0.41108E+03   0.29904E+02   0.26361E+02   0.34436E+00  -0.12896E+00
   0.41143E+03   0.29897E+02   0.26029E+02   0.33913E+00  -0.13459E+00
   0.41178E+03   0.29894E+02   0.25749E+02   0.33481E+00  -0.14485E+00
   0.41213E+03   0.29889E+02   0.25520E+02   0.32982E+00  -0.15516E+00
   0.41248E+03   0.29885E+02   0.25376E+02   0.33101E+00  -0.16338E+00
   0.41283E+03   0.29884E+02   0.25529E+02   0.33782E+00  -0.16132E+00
   0.41318E+03   0.29887E+02   0.25577E+02   0.34446E+00  -0.16535E+00
   0.41353E+03   0.29892E+02   0.25306E+02   0.34662E+00  -0.18422E+00
   0.41388E+03   0.29896E+02   0.25207E+02   0.34919E+00  -0.19273E+00
   0.41423E+03   0.29899E+02   0.25421E+02   0.35488E+00  -0.18810E+00
   0.41458E+03   0.29902E+02   0.25465E+02   0.36095E+00  -0.19230E+00
   0.41493E+03   0.29906E+02   0.25116E+02   0.36244E+00  -0.21284E+00
   0.41528E+03   0.29908E+02   0.24997E+02   0.36360E+00  -0.22415E+00
   0.41563E+03   0.29912E+02   0.25165E+02   0.36892E+00  -0.22036E+00
   0.41598E+03   0.29915E+02   0.25233E+02   0.37379E+00  -0.21984E+00
   0.41633E+03   0.29919E+02   0.25215E+02   0.38260E+00  -0.23121E+00
   0.41668E+03   0.29926E+02   0.24917E+02   0.39144E+00  -0.24965E+00
   0.41703E+03   0.29931E+02   0.24792E+02   0.39357E+00  -0.25459E+00
   0.41738E+03   0.29934E+02   0.25117E+02   0.39942E+00  -0.24922E+00
   0.41773E+03   0.29937E+02   0.25518E+02   0.41140E+00  -0.24335E+00
   0.41808E+03   0.29943E+02   0.25861E+02   0.42383E+00  -0.23464E+00
   0.41843E+03   0.29948E+02   0.26020E+02   0.42633E+00  -0.23179E+00
   0.41878E+03   0.29950E+02   0.26026E+02   0.42392E+00  -0.22772E+00
   0.41913E+03   0.29952E+02   0.25859E+02   0.42985E+00  -0.21877E+00
   0.41948E+03   0.29954E+02   0.25664E+02   0.43650E+00  -0.21728E+00
   0.41983E+03   0.29956E+02   0.25752E+02   0.43266E+00  -0.21361E+00
