       time        TW        TE         hW        hE
   0.17500E+00   0.29445E+02   0.29298E+02   0.35874E-02  -0.27281E-01
   0.52500E+00   0.28675E+02   0.27931E+02   0.28518E-01  -0.90609E-01
   0.87500E+00   0.28470E+02   0.26556E+02   0.68180E-01  -0.16709E+00
   0.12250E+01   0.28613E+02   0.25127E+02   0.11488E+00  -0.25541E+00
   0.15750E+01   0.28917E+02   0.23910E+02   0.17125E+00  -0.34205E+00
   0.19250E+01   0.29238E+02   0.23201E+02   0.23209E+00  -0.41030E+00
   0.22750E+01   0.29503E+02   0.22909E+02   0.29930E+00  -0.47434E+00
   0.26250E+01   0.29694E+02   0.22852E+02   0.36967E+00  -0.54223E+00
   0.29750E+01   0.29819E+02   0.23038E+02   0.44302E+00  -0.59653E+00
   0.33250E+01   0.29897E+02   0.23519E+02   0.51461E+00  -0.62569E+00
   0.36750E+01   0.29942E+02   0.24242E+02   0.58137E+00  -0.63706E+00
   0.40250E+01   0.29968E+02   0.25158E+02   0.64071E+00  -0.62389E+00
   0.43750E+01   0.29981E+02   0.26071E+02   0.69330E+00  -0.57989E+00
   0.47250E+01   0.29988E+02   0.26802E+02   0.73764E+00  -0.52130E+00
   0.50750E+01   0.29992E+02   0.27402E+02   0.76627E+00  -0.45161E+00
   0.54250E+01   0.29996E+02   0.27901E+02   0.77054E+00  -0.37487E+00
   0.57750E+01   0.29998E+02   0.28320E+02   0.74930E+00  -0.30035E+00
   0.61250E+01   0.29999E+02   0.28669E+02   0.71057E+00  -0.22596E+00
   0.64750E+01   0.29998E+02   0.28953E+02   0.66112E+00  -0.15737E+00
   0.68250E+01   0.29996E+02   0.29161E+02   0.60581E+00  -0.10235E+00
   0.71750E+01   0.29992E+02   0.29199E+02   0.55083E+00  -0.56104E-01
   0.75250E+01   0.29987E+02   0.29063E+02   0.50206E+00  -0.20649E-01
   0.78750E+01   0.29979E+02   0.28900E+02   0.45762E+00   0.46837E-02
   0.82250E+01   0.29968E+02   0.28775E+02   0.41765E+00   0.21702E-01
   0.85750E+01   0.29954E+02   0.28675E+02   0.38661E+00   0.27707E-01
   0.89250E+01   0.29939E+02   0.28590E+02   0.36394E+00   0.29050E-01
   0.92750E+01   0.29923E+02   0.28496E+02   0.34413E+00   0.24201E-01
   0.96250E+01   0.29907E+02   0.28370E+02   0.33049E+00   0.13619E-01
   0.99750E+01   0.29894E+02   0.28220E+02   0.32470E+00   0.35426E-02
   0.10325E+02   0.29884E+02   0.28055E+02   0.31848E+00  -0.73148E-02
   0.10675E+02   0.29873E+02   0.27878E+02   0.30927E+00  -0.18803E-01
   0.11025E+02   0.29863E+02   0.27686E+02   0.30319E+00  -0.31707E-01
   0.11375E+02   0.29853E+02   0.27483E+02   0.29774E+00  -0.44557E-01
   0.11725E+02   0.29841E+02   0.27273E+02   0.28928E+00  -0.57741E-01
   0.12075E+02   0.29828E+02   0.27025E+02   0.28260E+00  -0.75885E-01
   0.12425E+02   0.29816E+02   0.26759E+02   0.27777E+00  -0.92366E-01
   0.12775E+02   0.29804E+02   0.26509E+02   0.27259E+00  -0.10644E+00
   0.13125E+02   0.29794E+02   0.26257E+02   0.27117E+00  -0.12351E+00
   0.13475E+02   0.29790E+02   0.25998E+02   0.27339E+00  -0.14172E+00
   0.13825E+02   0.29790E+02   0.25758E+02   0.27616E+00  -0.15860E+00
   0.14175E+02   0.29794E+02   0.25546E+02   0.28242E+00  -0.17514E+00
   0.14525E+02   0.29803E+02   0.25345E+02   0.29153E+00  -0.19401E+00
   0.14875E+02   0.29816E+02   0.25180E+02   0.30047E+00  -0.21092E+00
   0.15225E+02   0.29830E+02   0.25061E+02   0.31191E+00  -0.22679E+00
   0.15575E+02   0.29847E+02   0.24964E+02   0.32693E+00  -0.24479E+00
   0.15925E+02   0.29865E+02   0.24911E+02   0.34282E+00  -0.26052E+00
   0.16275E+02   0.29883E+02   0.24902E+02   0.36023E+00  -0.27531E+00
   0.16625E+02   0.29900E+02   0.24929E+02   0.37932E+00  -0.28983E+00
   0.16975E+02   0.29916E+02   0.25017E+02   0.39837E+00  -0.30023E+00
   0.17325E+02   0.29929E+02   0.25178E+02   0.41596E+00  -0.30616E+00
   0.17675E+02   0.29941E+02   0.25401E+02   0.43321E+00  -0.30916E+00
   0.18025E+02   0.29950E+02   0.25695E+02   0.45056E+00  -0.30688E+00
   0.18375E+02   0.29958E+02   0.26066E+02   0.46608E+00  -0.29835E+00
   0.18725E+02   0.29964E+02   0.26474E+02   0.47750E+00  -0.28699E+00
   0.19075E+02   0.29968E+02   0.26912E+02   0.48595E+00  -0.26998E+00
   0.19425E+02   0.29971E+02   0.27343E+02   0.49134E+00  -0.24786E+00
   0.19775E+02   0.29973E+02   0.27691E+02   0.49115E+00  -0.22502E+00
   0.20125E+02   0.29974E+02   0.27932E+02   0.48588E+00  -0.20104E+00
   0.20475E+02   0.29973E+02   0.28051E+02   0.47782E+00  -0.17685E+00
   0.20825E+02   0.29972E+02   0.28057E+02   0.46626E+00  -0.15364E+00
   0.21175E+02   0.29969E+02   0.27975E+02   0.45030E+00  -0.13276E+00
   0.21525E+02   0.29964E+02   0.27842E+02   0.43302E+00  -0.11471E+00
   0.21875E+02   0.29958E+02   0.27696E+02   0.41546E+00  -0.99451E-01
   0.22225E+02   0.29951E+02   0.27559E+02   0.39703E+00  -0.87337E-01
   0.22575E+02   0.29942E+02   0.27434E+02   0.38065E+00  -0.79702E-01
   0.22925E+02   0.29932E+02   0.27320E+02   0.36655E+00  -0.75766E-01
   0.23275E+02   0.29922E+02   0.27218E+02   0.35379E+00  -0.73548E-01
   0.23625E+02   0.29911E+02   0.27117E+02   0.34307E+00  -0.74485E-01
   0.23975E+02   0.29901E+02   0.27009E+02   0.33451E+00  -0.77577E-01
   0.24325E+02   0.29892E+02   0.26896E+02   0.32779E+00  -0.81824E-01
   0.24675E+02   0.29884E+02   0.26772E+02   0.32223E+00  -0.87739E-01
   0.25025E+02   0.29877E+02   0.26632E+02   0.31822E+00  -0.95538E-01
   0.25375E+02   0.29871E+02   0.26480E+02   0.31505E+00  -0.10416E+00
   0.25725E+02   0.29865E+02   0.26324E+02   0.31205E+00  -0.11298E+00
   0.26075E+02   0.29861E+02   0.26158E+02   0.31043E+00  -0.12348E+00
   0.26425E+02   0.29858E+02   0.25987E+02   0.31012E+00  -0.13453E+00
   0.26775E+02   0.29855E+02   0.25819E+02   0.30984E+00  -0.14587E+00
   0.27125E+02   0.29855E+02   0.25653E+02   0.31148E+00  -0.15830E+00
   0.27475E+02   0.29856E+02   0.25495E+02   0.31514E+00  -0.17088E+00
   0.27825E+02   0.29859E+02   0.25355E+02   0.31894E+00  -0.18319E+00
   0.28175E+02   0.29863E+02   0.25232E+02   0.32403E+00  -0.19594E+00
   0.28525E+02   0.29869E+02   0.25135E+02   0.33116E+00  -0.20827E+00
   0.28875E+02   0.29877E+02   0.25069E+02   0.33905E+00  -0.21965E+00
   0.29225E+02   0.29885E+02   0.25032E+02   0.34812E+00  -0.23094E+00
   0.29575E+02   0.29894E+02   0.25026E+02   0.35835E+00  -0.24131E+00
   0.29925E+02   0.29903E+02   0.25055E+02   0.36950E+00  -0.25025E+00
   0.30275E+02   0.29913E+02   0.25126E+02   0.38092E+00  -0.25694E+00
   0.30625E+02   0.29921E+02   0.25233E+02   0.39246E+00  -0.26199E+00
   0.30975E+02   0.29930E+02   0.25375E+02   0.40427E+00  -0.26487E+00
   0.31325E+02   0.29937E+02   0.25561E+02   0.41548E+00  -0.26390E+00
   0.31675E+02   0.29944E+02   0.25774E+02   0.42564E+00  -0.26086E+00
   0.32025E+02   0.29949E+02   0.26009E+02   0.43442E+00  -0.25500E+00
   0.32375E+02   0.29954E+02   0.26262E+02   0.44154E+00  -0.24521E+00
   0.32725E+02   0.29957E+02   0.26504E+02   0.44639E+00  -0.23385E+00
   0.33075E+02   0.29960E+02   0.26721E+02   0.44844E+00  -0.22050E+00
   0.33425E+02   0.29961E+02   0.26901E+02   0.44817E+00  -0.20527E+00
   0.33775E+02   0.29961E+02   0.27024E+02   0.44534E+00  -0.19030E+00
   0.34125E+02   0.29961E+02   0.27096E+02   0.43958E+00  -0.17463E+00
   0.34475E+02   0.29959E+02   0.27116E+02   0.43203E+00  -0.16001E+00
   0.34825E+02   0.29957E+02   0.27096E+02   0.42249E+00  -0.14667E+00
   0.35175E+02   0.29953E+02   0.27056E+02   0.41152E+00  -0.13411E+00
   0.35525E+02   0.29948E+02   0.26997E+02   0.40041E+00  -0.12440E+00
   0.35875E+02   0.29942E+02   0.26933E+02   0.38918E+00  -0.11623E+00
   0.36225E+02   0.29936E+02   0.26868E+02   0.37805E+00  -0.11031E+00
   0.36575E+02   0.29929E+02   0.26801E+02   0.36799E+00  -0.10669E+00
   0.36925E+02   0.29922E+02   0.26733E+02   0.35904E+00  -0.10459E+00
   0.37275E+02   0.29914E+02   0.26661E+02   0.35088E+00  -0.10469E+00
   0.37625E+02   0.29907E+02   0.26582E+02   0.34399E+00  -0.10611E+00
   0.37975E+02   0.29900E+02   0.26497E+02   0.33846E+00  -0.10904E+00
   0.38325E+02   0.29894E+02   0.26401E+02   0.33385E+00  -0.11344E+00
   0.38675E+02   0.29889E+02   0.26300E+02   0.33004E+00  -0.11836E+00
   0.39025E+02   0.29884E+02   0.26189E+02   0.32737E+00  -0.12498E+00
   0.39375E+02   0.29880E+02   0.26073E+02   0.32561E+00  -0.13204E+00
   0.39725E+02   0.29877E+02   0.25957E+02   0.32443E+00  -0.13940E+00
   0.40075E+02   0.29875E+02   0.25834E+02   0.32434E+00  -0.14844E+00
   0.40425E+02   0.29874E+02   0.25717E+02   0.32543E+00  -0.15695E+00
   0.40775E+02   0.29875E+02   0.25605E+02   0.32716E+00  -0.16619E+00
   0.41125E+02   0.29876E+02   0.25500E+02   0.32996E+00  -0.17582E+00
   0.41475E+02   0.29879E+02   0.25410E+02   0.33372E+00  -0.18501E+00
   0.41825E+02   0.29882E+02   0.25334E+02   0.33848E+00  -0.19442E+00
   0.42175E+02   0.29887E+02   0.25279E+02   0.34396E+00  -0.20317E+00
   0.42525E+02   0.29892E+02   0.25244E+02   0.35036E+00  -0.21180E+00
   0.42875E+02   0.29898E+02   0.25231E+02   0.35751E+00  -0.21954E+00
   0.43225E+02   0.29904E+02   0.25245E+02   0.36505E+00  -0.22616E+00
   0.43575E+02   0.29911E+02   0.25283E+02   0.37319E+00  -0.23187E+00
   0.43925E+02   0.29917E+02   0.25348E+02   0.38142E+00  -0.23611E+00
   0.44275E+02   0.29924E+02   0.25439E+02   0.38964E+00  -0.23844E+00
   0.44625E+02   0.29929E+02   0.25552E+02   0.39761E+00  -0.23931E+00
   0.44975E+02   0.29935E+02   0.25687E+02   0.40510E+00  -0.23801E+00
   0.45325E+02   0.29939E+02   0.25838E+02   0.41170E+00  -0.23471E+00
   0.45675E+02   0.29943E+02   0.25997E+02   0.41721E+00  -0.22965E+00
   0.46025E+02   0.29947E+02   0.26158E+02   0.42140E+00  -0.22255E+00
   0.46375E+02   0.29949E+02   0.26307E+02   0.42403E+00  -0.21424E+00
   0.46725E+02   0.29951E+02   0.26441E+02   0.42500E+00  -0.20448E+00
   0.47075E+02   0.29952E+02   0.26548E+02   0.42419E+00  -0.19426E+00
   0.47425E+02   0.29952E+02   0.26627E+02   0.42173E+00  -0.18351E+00
   0.47775E+02   0.29951E+02   0.26677E+02   0.41769E+00  -0.17281E+00
   0.48125E+02   0.29950E+02   0.26699E+02   0.41207E+00  -0.16271E+00
   0.48475E+02   0.29947E+02   0.26699E+02   0.40561E+00  -0.15321E+00
   0.48825E+02   0.29944E+02   0.26683E+02   0.39834E+00  -0.14484E+00
   0.49175E+02   0.29940E+02   0.26653E+02   0.39046E+00  -0.13777E+00
   0.49525E+02   0.29936E+02   0.26616E+02   0.38266E+00  -0.13201E+00
   0.49875E+02   0.29931E+02   0.26573E+02   0.37511E+00  -0.12775E+00
   0.50225E+02   0.29926E+02   0.26524E+02   0.36776E+00  -0.12493E+00
   0.50575E+02   0.29920E+02   0.26471E+02   0.36112E+00  -0.12343E+00
   0.50925E+02   0.29915E+02   0.26412E+02   0.35522E+00  -0.12347E+00
   0.51275E+02   0.29910E+02   0.26349E+02   0.34997E+00  -0.12443E+00
   0.51625E+02   0.29905E+02   0.26278E+02   0.34559E+00  -0.12677E+00
   0.51975E+02   0.29900E+02   0.26203E+02   0.34194E+00  -0.12998E+00
   0.52325E+02   0.29896E+02   0.26121E+02   0.33913E+00  -0.13415E+00
   0.52675E+02   0.29893E+02   0.26036E+02   0.33699E+00  -0.13899E+00
   0.53025E+02   0.29890E+02   0.25948E+02   0.33568E+00  -0.14461E+00
   0.53375E+02   0.29888E+02   0.25858E+02   0.33516E+00  -0.15089E+00
   0.53725E+02   0.29887E+02   0.25771E+02   0.33534E+00  -0.15728E+00
   0.54075E+02   0.29887E+02   0.25686E+02   0.33636E+00  -0.16445E+00
   0.54425E+02   0.29887E+02   0.25607E+02   0.33815E+00  -0.17152E+00
   0.54775E+02   0.29889E+02   0.25537E+02   0.34065E+00  -0.17871E+00
   0.55125E+02   0.29891E+02   0.25477E+02   0.34394E+00  -0.18598E+00
   0.55475E+02   0.29894E+02   0.25430E+02   0.34790E+00  -0.19289E+00
   0.55825E+02   0.29897E+02   0.25399E+02   0.35248E+00  -0.19949E+00
   0.56175E+02   0.29901E+02   0.25383E+02   0.35762E+00  -0.20565E+00
   0.56525E+02   0.29906E+02   0.25386E+02   0.36319E+00  -0.21100E+00
   0.56875E+02   0.29911E+02   0.25407E+02   0.36914E+00  -0.21563E+00
   0.57225E+02   0.29915E+02   0.25446E+02   0.37521E+00  -0.21919E+00
   0.57575E+02   0.29920E+02   0.25504E+02   0.38132E+00  -0.22156E+00
   0.57925E+02   0.29925E+02   0.25577E+02   0.38738E+00  -0.22282E+00
   0.58275E+02   0.29929E+02   0.25667E+02   0.39299E+00  -0.22245E+00
   0.58625E+02   0.29933E+02   0.25767E+02   0.39812E+00  -0.22096E+00
   0.58975E+02   0.29936E+02   0.25875E+02   0.40258E+00  -0.21789E+00
   0.59325E+02   0.29939E+02   0.25986E+02   0.40610E+00  -0.21359E+00
   0.59675E+02   0.29941E+02   0.26094E+02   0.40864E+00  -0.20812E+00
   0.60025E+02   0.29943E+02   0.26194E+02   0.41002E+00  -0.20173E+00
   0.60375E+02   0.29944E+02   0.26282E+02   0.41021E+00  -0.19454E+00
   0.60725E+02   0.29945E+02   0.26353E+02   0.40923E+00  -0.18697E+00
   0.61075E+02   0.29944E+02   0.26407E+02   0.40701E+00  -0.17920E+00
   0.61425E+02   0.29944E+02   0.26443E+02   0.40382E+00  -0.17150E+00
   0.61775E+02   0.29942E+02   0.26462E+02   0.39970E+00  -0.16425E+00
   0.62125E+02   0.29940E+02   0.26467E+02   0.39481E+00  -0.15737E+00
   0.62475E+02   0.29938E+02   0.26458E+02   0.38951E+00  -0.15155E+00
   0.62825E+02   0.29935E+02   0.26441E+02   0.38389E+00  -0.14631E+00
   0.63175E+02   0.29931E+02   0.26415E+02   0.37817E+00  -0.14231E+00
   0.63525E+02   0.29927E+02   0.26382E+02   0.37258E+00  -0.13925E+00
   0.63875E+02   0.29923E+02   0.26344E+02   0.36727E+00  -0.13725E+00
   0.64225E+02   0.29919E+02   0.26301E+02   0.36232E+00  -0.13632E+00
   0.64575E+02   0.29915E+02   0.26252E+02   0.35787E+00  -0.13639E+00
   0.64925E+02   0.29911E+02   0.26199E+02   0.35397E+00  -0.13735E+00
   0.65275E+02   0.29908E+02   0.26141E+02   0.35064E+00  -0.13928E+00
   0.65625E+02   0.29904E+02   0.26080E+02   0.34789E+00  -0.14189E+00
   0.65975E+02   0.29901E+02   0.26015E+02   0.34580E+00  -0.14523E+00
   0.66325E+02   0.29899E+02   0.25948E+02   0.34433E+00  -0.14933E+00
   0.66675E+02   0.29897E+02   0.25881E+02   0.34344E+00  -0.15364E+00
   0.67025E+02   0.29896E+02   0.25812E+02   0.34327E+00  -0.15877E+00
   0.67375E+02   0.29895E+02   0.25747E+02   0.34368E+00  -0.16389E+00
   0.67725E+02   0.29895E+02   0.25686E+02   0.34472E+00  -0.16942E+00
   0.68075E+02   0.29896E+02   0.25630E+02   0.34641E+00  -0.17504E+00
   0.68425E+02   0.29897E+02   0.25582E+02   0.34864E+00  -0.18061E+00
   0.68775E+02   0.29899E+02   0.25544E+02   0.35147E+00  -0.18607E+00
   0.69125E+02   0.29902E+02   0.25515E+02   0.35478E+00  -0.19138E+00
   0.69475E+02   0.29904E+02   0.25499E+02   0.35853E+00  -0.19617E+00
   0.69825E+02   0.29908E+02   0.25495E+02   0.36269E+00  -0.20066E+00
   0.70175E+02   0.29911E+02   0.25506E+02   0.36708E+00  -0.20438E+00
   0.70525E+02   0.29914E+02   0.25529E+02   0.37167E+00  -0.20745E+00
   0.70875E+02   0.29918E+02   0.25565E+02   0.37633E+00  -0.20976E+00
   0.71225E+02   0.29922E+02   0.25615E+02   0.38089E+00  -0.21090E+00
   0.71575E+02   0.29925E+02   0.25674E+02   0.38527E+00  -0.21143E+00
   0.71925E+02   0.29928E+02   0.25744E+02   0.38932E+00  -0.21057E+00
   0.72275E+02   0.29931E+02   0.25819E+02   0.39289E+00  -0.20895E+00
   0.72625E+02   0.29934E+02   0.25898E+02   0.39587E+00  -0.20624E+00
   0.72975E+02   0.29936E+02   0.25977E+02   0.39814E+00  -0.20264E+00
   0.73325E+02   0.29937E+02   0.26053E+02   0.39963E+00  -0.19829E+00
   0.73675E+02   0.29938E+02   0.26122E+02   0.40028E+00  -0.19332E+00
   0.74025E+02   0.29939E+02   0.26183E+02   0.40005E+00  -0.18781E+00
   0.74375E+02   0.29939E+02   0.26231E+02   0.39898E+00  -0.18223E+00
   0.74725E+02   0.29939E+02   0.26270E+02   0.39710E+00  -0.17635E+00
   0.75075E+02   0.29938E+02   0.26295E+02   0.39449E+00  -0.17075E+00
   0.75425E+02   0.29937E+02   0.26309E+02   0.39128E+00  -0.16544E+00
   0.75775E+02   0.29935E+02   0.26314E+02   0.38759E+00  -0.16043E+00
   0.76125E+02   0.29933E+02   0.26308E+02   0.38355E+00  -0.15625E+00
   0.76475E+02   0.29930E+02   0.26296E+02   0.37935E+00  -0.15246E+00
   0.76825E+02   0.29928E+02   0.26275E+02   0.37509E+00  -0.14965E+00
   0.77175E+02   0.29925E+02   0.26250E+02   0.37092E+00  -0.14747E+00
   0.77525E+02   0.29921E+02   0.26219E+02   0.36694E+00  -0.14617E+00
   0.77875E+02   0.29918E+02   0.26183E+02   0.36325E+00  -0.14563E+00
   0.78225E+02   0.29915E+02   0.26143E+02   0.35990E+00  -0.14588E+00
   0.78575E+02   0.29912E+02   0.26099E+02   0.35697E+00  -0.14679E+00
   0.78925E+02   0.29910E+02   0.26051E+02   0.35449E+00  -0.14848E+00
   0.79275E+02   0.29907E+02   0.26002E+02   0.35249E+00  -0.15066E+00
   0.79625E+02   0.29905E+02   0.25950E+02   0.35098E+00  -0.15349E+00
   0.79975E+02   0.29904E+02   0.25897E+02   0.34999E+00  -0.15673E+00
   0.80325E+02   0.29902E+02   0.25845E+02   0.34952E+00  -0.16037E+00
   0.80675E+02   0.29902E+02   0.25793E+02   0.34955E+00  -0.16437E+00
   0.81025E+02   0.29901E+02   0.25746E+02   0.35010E+00  -0.16850E+00
   0.81375E+02   0.29902E+02   0.25701E+02   0.35115E+00  -0.17291E+00
   0.81725E+02   0.29902E+02   0.25662E+02   0.35268E+00  -0.17719E+00
   0.82075E+02   0.29903E+02   0.25630E+02   0.35466E+00  -0.18159E+00
   0.82425E+02   0.29905E+02   0.25605E+02   0.35706E+00  -0.18571E+00
   0.82775E+02   0.29907E+02   0.25589E+02   0.35981E+00  -0.18966E+00
   0.83125E+02   0.29909E+02   0.25583E+02   0.36290E+00  -0.19322E+00
   0.83475E+02   0.29912E+02   0.25586E+02   0.36619E+00  -0.19639E+00
   0.83825E+02   0.29914E+02   0.25599E+02   0.36968E+00  -0.19898E+00
   0.84175E+02   0.29917E+02   0.25622E+02   0.37323E+00  -0.20101E+00
   0.84525E+02   0.29920E+02   0.25655E+02   0.37675E+00  -0.20232E+00
   0.84875E+02   0.29922E+02   0.25696E+02   0.38018E+00  -0.20294E+00
   0.85225E+02   0.29925E+02   0.25744E+02   0.38336E+00  -0.20279E+00
   0.85575E+02   0.29927E+02   0.25798E+02   0.38625E+00  -0.20185E+00
   0.85925E+02   0.29929E+02   0.25854E+02   0.38874E+00  -0.20024E+00
   0.86275E+02   0.29931E+02   0.25913E+02   0.39071E+00  -0.19782E+00
   0.86625E+02   0.29933E+02   0.25970E+02   0.39215E+00  -0.19493E+00
   0.86975E+02   0.29934E+02   0.26024E+02   0.39298E+00  -0.19137E+00
   0.87325E+02   0.29935E+02   0.26073E+02   0.39317E+00  -0.18750E+00
   0.87675E+02   0.29935E+02   0.26116E+02   0.39274E+00  -0.18330E+00
   0.88025E+02   0.29935E+02   0.26151E+02   0.39167E+00  -0.17897E+00
   0.88375E+02   0.29934E+02   0.26178E+02   0.39006E+00  -0.17464E+00
   0.88725E+02   0.29934E+02   0.26196E+02   0.38793E+00  -0.17047E+00
   0.89075E+02   0.29932E+02   0.26206E+02   0.38538E+00  -0.16648E+00
   0.89425E+02   0.29931E+02   0.26208E+02   0.38253E+00  -0.16295E+00
   0.89775E+02   0.29929E+02   0.26204E+02   0.37943E+00  -0.15977E+00
   0.90125E+02   0.29927E+02   0.26193E+02   0.37623E+00  -0.15717E+00
   0.90475E+02   0.29925E+02   0.26176E+02   0.37301E+00  -0.15516E+00
   0.90825E+02   0.29923E+02   0.26155E+02   0.36985E+00  -0.15365E+00
   0.91175E+02   0.29920E+02   0.26129E+02   0.36686E+00  -0.15289E+00
   0.91525E+02   0.29918E+02   0.26099E+02   0.36408E+00  -0.15260E+00
   0.91875E+02   0.29916E+02   0.26066E+02   0.36158E+00  -0.15300E+00
   0.92225E+02   0.29913E+02   0.26030E+02   0.35941E+00  -0.15391E+00
   0.92575E+02   0.29911E+02   0.25991E+02   0.35758E+00  -0.15535E+00
   0.92925E+02   0.29910E+02   0.25951E+02   0.35615E+00  -0.15725E+00
   0.93275E+02   0.29908E+02   0.25910E+02   0.35512E+00  -0.15959E+00
   0.93625E+02   0.29907E+02   0.25869E+02   0.35449E+00  -0.16224E+00
   0.93975E+02   0.29906E+02   0.25828E+02   0.35429E+00  -0.16524E+00
   0.94325E+02   0.29906E+02   0.25790E+02   0.35449E+00  -0.16840E+00
   0.94675E+02   0.29906E+02   0.25755E+02   0.35510E+00  -0.17174E+00
   0.95025E+02   0.29906E+02   0.25723E+02   0.35611E+00  -0.17516E+00
   0.95375E+02   0.29907E+02   0.25696E+02   0.35748E+00  -0.17853E+00
   0.95725E+02   0.29908E+02   0.25675E+02   0.35920E+00  -0.18188E+00
   0.96075E+02   0.29909E+02   0.25660E+02   0.36122E+00  -0.18500E+00
   0.96425E+02   0.29911E+02   0.25652E+02   0.36350E+00  -0.18794E+00
   0.96775E+02   0.29913E+02   0.25651E+02   0.36599E+00  -0.19053E+00
   0.97125E+02   0.29915E+02   0.25658E+02   0.36862E+00  -0.19276E+00
   0.97475E+02   0.29917E+02   0.25672E+02   0.37134E+00  -0.19452E+00
   0.97825E+02   0.29919E+02   0.25693E+02   0.37408E+00  -0.19582E+00
   0.98175E+02   0.29921E+02   0.25722E+02   0.37674E+00  -0.19651E+00
   0.98525E+02   0.29923E+02   0.25755E+02   0.37928E+00  -0.19672E+00
   0.98875E+02   0.29925E+02   0.25793E+02   0.38161E+00  -0.19628E+00
   0.99225E+02   0.29927E+02   0.25835E+02   0.38366E+00  -0.19530E+00
   0.99575E+02   0.29928E+02   0.25878E+02   0.38536E+00  -0.19380E+00
   0.99925E+02   0.29929E+02   0.25921E+02   0.38667E+00  -0.19176E+00
   0.10027E+03   0.29930E+02   0.25963E+02   0.38754E+00  -0.18932E+00
   0.10062E+03   0.29931E+02   0.26002E+02   0.38795E+00  -0.18652E+00
   0.10097E+03   0.29932E+02   0.26038E+02   0.38787E+00  -0.18344E+00
   0.10132E+03   0.29932E+02   0.26068E+02   0.38734E+00  -0.18022E+00
   0.10167E+03   0.29932E+02   0.26093E+02   0.38636E+00  -0.17691E+00
   0.10202E+03   0.29931E+02   0.26112E+02   0.38497E+00  -0.17363E+00
   0.10237E+03   0.29930E+02   0.26124E+02   0.38324E+00  -0.17053E+00
   0.10272E+03   0.29929E+02   0.26131E+02   0.38120E+00  -0.16757E+00
   0.10307E+03   0.29928E+02   0.26132E+02   0.37896E+00  -0.16498E+00
   0.10342E+03   0.29927E+02   0.26127E+02   0.37657E+00  -0.16270E+00
   0.10377E+03   0.29925E+02   0.26117E+02   0.37410E+00  -0.16084E+00
   0.10412E+03   0.29923E+02   0.26103E+02   0.37165E+00  -0.15944E+00
   0.10447E+03   0.29921E+02   0.26085E+02   0.36926E+00  -0.15847E+00
   0.10482E+03   0.29919E+02   0.26063E+02   0.36699E+00  -0.15801E+00
   0.10517E+03   0.29918E+02   0.26038E+02   0.36491E+00  -0.15800E+00
   0.10552E+03   0.29916E+02   0.26011E+02   0.36305E+00  -0.15843E+00
   0.10587E+03   0.29914E+02   0.25981E+02   0.36145E+00  -0.15932E+00
   0.10622E+03   0.29913E+02   0.25950E+02   0.36014E+00  -0.16057E+00
   0.10657E+03   0.29912E+02   0.25918E+02   0.35913E+00  -0.16220E+00
   0.10692E+03   0.29911E+02   0.25886E+02   0.35845E+00  -0.16415E+00
   0.10727E+03   0.29910E+02   0.25854E+02   0.35810E+00  -0.16631E+00
   0.10762E+03   0.29909E+02   0.25824E+02   0.35807E+00  -0.16875E+00
   0.10797E+03   0.29909E+02   0.25795E+02   0.35838E+00  -0.17127E+00
   0.10832E+03   0.29909E+02   0.25769E+02   0.35901E+00  -0.17392E+00
   0.10867E+03   0.29910E+02   0.25747E+02   0.35994E+00  -0.17659E+00
   0.10902E+03   0.29910E+02   0.25729E+02   0.36115E+00  -0.17920E+00
   0.10937E+03   0.29911E+02   0.25715E+02   0.36261E+00  -0.18175E+00
   0.10972E+03   0.29912E+02   0.25706E+02   0.36429E+00  -0.18411E+00
   0.11007E+03   0.29914E+02   0.25703E+02   0.36616E+00  -0.18624E+00
   0.11042E+03   0.29915E+02   0.25706E+02   0.36816E+00  -0.18813E+00
   0.11077E+03   0.29917E+02   0.25714E+02   0.37024E+00  -0.18965E+00
   0.11112E+03   0.29918E+02   0.25728E+02   0.37236E+00  -0.19084E+00
   0.11147E+03   0.29920E+02   0.25747E+02   0.37444E+00  -0.19161E+00
   0.11182E+03   0.29921E+02   0.25771E+02   0.37646E+00  -0.19194E+00
   0.11217E+03   0.29923E+02   0.25798E+02   0.37833E+00  -0.19187E+00
   0.11252E+03   0.29924E+02   0.25828E+02   0.38001E+00  -0.19131E+00
   0.11287E+03   0.29926E+02   0.25860E+02   0.38145E+00  -0.19037E+00
   0.11322E+03   0.29927E+02   0.25893E+02   0.38261E+00  -0.18900E+00
   0.11357E+03   0.29928E+02   0.25925E+02   0.38345E+00  -0.18731E+00
   0.11392E+03   0.29928E+02   0.25956E+02   0.38394E+00  -0.18531E+00
   0.11427E+03   0.29929E+02   0.25985E+02   0.38409E+00  -0.18306E+00
   0.11462E+03   0.29929E+02   0.26011E+02   0.38387E+00  -0.18065E+00
   0.11497E+03   0.29929E+02   0.26032E+02   0.38331E+00  -0.17815E+00
   0.11532E+03   0.29929E+02   0.26050E+02   0.38243E+00  -0.17562E+00
   0.11567E+03   0.29928E+02   0.26063E+02   0.38126E+00  -0.17316E+00
   0.11602E+03   0.29928E+02   0.26072E+02   0.37983E+00  -0.17080E+00
   0.11637E+03   0.29927E+02   0.26075E+02   0.37822E+00  -0.16865E+00
   0.11672E+03   0.29926E+02   0.26075E+02   0.37644E+00  -0.16674E+00
   0.11707E+03   0.29925E+02   0.26070E+02   0.37458E+00  -0.16510E+00
   0.11742E+03   0.29923E+02   0.26061E+02   0.37269E+00  -0.16381E+00
   0.11777E+03   0.29922E+02   0.26049E+02   0.37080E+00  -0.16283E+00
   0.11812E+03   0.29920E+02   0.26033E+02   0.36899E+00  -0.16226E+00
   0.11847E+03   0.29919E+02   0.26015E+02   0.36728E+00  -0.16202E+00
   0.11882E+03   0.29918E+02   0.25995E+02   0.36572E+00  -0.16215E+00
   0.11917E+03   0.29916E+02   0.25972E+02   0.36435E+00  -0.16264E+00
   0.11952E+03   0.29915E+02   0.25948E+02   0.36319E+00  -0.16343E+00
   0.11987E+03   0.29914E+02   0.25923E+02   0.36226E+00  -0.16454E+00
   0.12022E+03   0.29913E+02   0.25898E+02   0.36157E+00  -0.16592E+00
   0.12057E+03   0.29913E+02   0.25873E+02   0.36114E+00  -0.16751E+00
   0.12092E+03   0.29912E+02   0.25849E+02   0.36099E+00  -0.16932E+00
   0.12127E+03   0.29912E+02   0.25826E+02   0.36108E+00  -0.17124E+00
   0.12162E+03   0.29912E+02   0.25804E+02   0.36144E+00  -0.17328E+00
   0.12197E+03   0.29912E+02   0.25786E+02   0.36205E+00  -0.17536E+00
   0.12232E+03   0.29912E+02   0.25770E+02   0.36288E+00  -0.17741E+00
   0.12267E+03   0.29913E+02   0.25758E+02   0.36393E+00  -0.17945E+00
   0.12302E+03   0.29914E+02   0.25750E+02   0.36516E+00  -0.18135E+00
   0.12337E+03   0.29915E+02   0.25745E+02   0.36654E+00  -0.18311E+00
   0.12372E+03   0.29916E+02   0.25746E+02   0.36806E+00  -0.18468E+00
   0.12407E+03   0.29917E+02   0.25750E+02   0.36964E+00  -0.18600E+00
   0.12442E+03   0.29918E+02   0.25759E+02   0.37128E+00  -0.18706E+00
   0.12477E+03   0.29919E+02   0.25771E+02   0.37291E+00  -0.18781E+00
   0.12512E+03   0.29920E+02   0.25787E+02   0.37450E+00  -0.18823E+00
   0.12547E+03   0.29922E+02   0.25807E+02   0.37600E+00  -0.18834E+00
   0.12582E+03   0.29923E+02   0.25829E+02   0.37737E+00  -0.18808E+00
   0.12617E+03   0.29924E+02   0.25852E+02   0.37858E+00  -0.18751E+00
   0.12652E+03   0.29925E+02   0.25877E+02   0.37958E+00  -0.18663E+00
   0.12687E+03   0.29926E+02   0.25902E+02   0.38035E+00  -0.18545E+00
   0.12722E+03   0.29926E+02   0.25926E+02   0.38087E+00  -0.18404E+00
   0.12757E+03   0.29927E+02   0.25949E+02   0.38113E+00  -0.18241E+00
   0.12792E+03   0.29927E+02   0.25970E+02   0.38111E+00  -0.18062E+00
   0.12827E+03   0.29927E+02   0.25989E+02   0.38083E+00  -0.17874E+00
   0.12862E+03   0.29927E+02   0.26005E+02   0.38029E+00  -0.17680E+00
   0.12897E+03   0.29927E+02   0.26017E+02   0.37951E+00  -0.17487E+00
   0.12932E+03   0.29926E+02   0.26026E+02   0.37853E+00  -0.17301E+00
   0.12967E+03   0.29926E+02   0.26031E+02   0.37737E+00  -0.17125E+00
   0.13002E+03   0.29925E+02   0.26033E+02   0.37607E+00  -0.16967E+00
   0.13037E+03   0.29924E+02   0.26031E+02   0.37468E+00  -0.16827E+00
   0.13072E+03   0.29923E+02   0.26027E+02   0.37323E+00  -0.16711E+00
   0.13107E+03   0.29922E+02   0.26019E+02   0.37177E+00  -0.16621E+00
   0.13142E+03   0.29921E+02   0.26008E+02   0.37032E+00  -0.16557E+00
   0.13177E+03   0.29920E+02   0.25995E+02   0.36895E+00  -0.16523E+00
   0.13212E+03   0.29919E+02   0.25980E+02   0.36767E+00  -0.16517E+00
   0.13247E+03   0.29918E+02   0.25963E+02   0.36651E+00  -0.16538E+00
   0.13282E+03   0.29917E+02   0.25945E+02   0.36550E+00  -0.16586E+00
   0.13317E+03   0.29916E+02   0.25926E+02   0.36467E+00  -0.16659E+00
   0.13352E+03   0.29915E+02   0.25906E+02   0.36402E+00  -0.16755E+00
   0.13387E+03   0.29915E+02   0.25886E+02   0.36357E+00  -0.16871E+00
   0.13422E+03   0.29914E+02   0.25867E+02   0.36333E+00  -0.17002E+00
   0.13457E+03   0.29914E+02   0.25848E+02   0.36329E+00  -0.17148E+00
   0.13492E+03   0.29914E+02   0.25831E+02   0.36346E+00  -0.17303E+00
   0.13527E+03   0.29914E+02   0.25816E+02   0.36384E+00  -0.17463E+00
   0.13562E+03   0.29914E+02   0.25802E+02   0.36440E+00  -0.17626E+00
   0.13597E+03   0.29914E+02   0.25792E+02   0.36513E+00  -0.17785E+00
   0.13632E+03   0.29915E+02   0.25784E+02   0.36602E+00  -0.17939E+00
   0.13667E+03   0.29915E+02   0.25779E+02   0.36704E+00  -0.18083E+00
   0.13702E+03   0.29916E+02   0.25778E+02   0.36817E+00  -0.18211E+00
   0.13737E+03   0.29917E+02   0.25779E+02   0.36938E+00  -0.18325E+00
   0.13772E+03   0.29918E+02   0.25784E+02   0.37064E+00  -0.18417E+00
   0.13807E+03   0.29919E+02   0.25793E+02   0.37191E+00  -0.18487E+00
   0.13842E+03   0.29920E+02   0.25804E+02   0.37316E+00  -0.18533E+00
   0.13877E+03   0.29921E+02   0.25817E+02   0.37436E+00  -0.18553E+00
   0.13912E+03   0.29922E+02   0.25833E+02   0.37547E+00  -0.18548E+00
   0.13947E+03   0.29923E+02   0.25851E+02   0.37647E+00  -0.18516E+00
   0.13982E+03   0.29923E+02   0.25869E+02   0.37733E+00  -0.18460E+00
   0.14017E+03   0.29924E+02   0.25888E+02   0.37802E+00  -0.18382E+00
   0.14052E+03   0.29925E+02   0.25907E+02   0.37852E+00  -0.18282E+00
   0.14087E+03   0.29925E+02   0.25925E+02   0.37882E+00  -0.18165E+00
   0.14122E+03   0.29925E+02   0.25943E+02   0.37892E+00  -0.18034E+00
   0.14157E+03   0.29926E+02   0.25958E+02   0.37881E+00  -0.17891E+00
   0.14192E+03   0.29926E+02   0.25972E+02   0.37850E+00  -0.17745E+00
   0.14227E+03   0.29925E+02   0.25983E+02   0.37801E+00  -0.17594E+00
   0.14262E+03   0.29925E+02   0.25991E+02   0.37734E+00  -0.17448E+00
   0.14297E+03   0.29925E+02   0.25997E+02   0.37652E+00  -0.17307E+00
   0.14332E+03   0.29924E+02   0.26000E+02   0.37558E+00  -0.17177E+00
   0.14367E+03   0.29924E+02   0.26001E+02   0.37455E+00  -0.17061E+00
   0.14402E+03   0.29923E+02   0.25999E+02   0.37345E+00  -0.16959E+00
   0.14437E+03   0.29922E+02   0.25994E+02   0.37232E+00  -0.16878E+00
   0.14472E+03   0.29921E+02   0.25987E+02   0.37119E+00  -0.16817E+00
   0.14507E+03   0.29920E+02   0.25978E+02   0.37009E+00  -0.16777E+00
   0.14542E+03   0.29920E+02   0.25967E+02   0.36905E+00  -0.16759E+00
   0.14577E+03   0.29919E+02   0.25954E+02   0.36809E+00  -0.16763E+00
   0.14612E+03   0.29918E+02   0.25940E+02   0.36724E+00  -0.16789E+00
   0.14647E+03   0.29917E+02   0.25926E+02   0.36651E+00  -0.16835E+00
   0.14682E+03   0.29917E+02   0.25910E+02   0.36592E+00  -0.16900E+00
   0.14717E+03   0.29916E+02   0.25895E+02   0.36548E+00  -0.16982E+00
   0.14752E+03   0.29916E+02   0.25879E+02   0.36520E+00  -0.17078E+00
   0.14787E+03   0.29915E+02   0.25865E+02   0.36508E+00  -0.17186E+00
   0.14822E+03   0.29915E+02   0.25851E+02   0.36513E+00  -0.17303E+00
   0.14857E+03   0.29915E+02   0.25838E+02   0.36534E+00  -0.17426E+00
   0.14892E+03   0.29915E+02   0.25827E+02   0.36570E+00  -0.17553E+00
   0.14927E+03   0.29915E+02   0.25818E+02   0.36620E+00  -0.17678E+00
   0.14962E+03   0.29916E+02   0.25811E+02   0.36683E+00  -0.17801E+00
   0.14997E+03   0.29916E+02   0.25806E+02   0.36758E+00  -0.17917E+00
   0.15032E+03   0.29917E+02   0.25803E+02   0.36842E+00  -0.18023E+00
   0.15067E+03   0.29917E+02   0.25803E+02   0.36933E+00  -0.18118E+00
   0.15102E+03   0.29918E+02   0.25806E+02   0.37029E+00  -0.18198E+00
   0.15137E+03   0.29919E+02   0.25811E+02   0.37128E+00  -0.18261E+00
   0.15172E+03   0.29920E+02   0.25819E+02   0.37226E+00  -0.18307E+00
   0.15207E+03   0.29920E+02   0.25828E+02   0.37321E+00  -0.18332E+00
   0.15242E+03   0.29921E+02   0.25840E+02   0.37411E+00  -0.18339E+00
   0.15277E+03   0.29922E+02   0.25852E+02   0.37493E+00  -0.18324E+00
   0.15312E+03   0.29922E+02   0.25866E+02   0.37565E+00  -0.18291E+00
   0.15347E+03   0.29923E+02   0.25881E+02   0.37625E+00  -0.18239E+00
   0.15382E+03   0.29923E+02   0.25895E+02   0.37671E+00  -0.18170E+00
   0.15417E+03   0.29924E+02   0.25910E+02   0.37703E+00  -0.18087E+00
   0.15452E+03   0.29924E+02   0.25923E+02   0.37719E+00  -0.17991E+00
   0.15487E+03   0.29924E+02   0.25936E+02   0.37719E+00  -0.17886E+00
   0.15522E+03   0.29924E+02   0.25947E+02   0.37704E+00  -0.17774E+00
   0.15557E+03   0.29924E+02   0.25957E+02   0.37673E+00  -0.17659E+00
   0.15592E+03   0.29924E+02   0.25965E+02   0.37629E+00  -0.17544E+00
   0.15627E+03   0.29924E+02   0.25971E+02   0.37572E+00  -0.17433E+00
   0.15662E+03   0.29924E+02   0.25975E+02   0.37505E+00  -0.17327E+00
   0.15697E+03   0.29923E+02   0.25976E+02   0.37429E+00  -0.17231E+00
   0.15732E+03   0.29923E+02   0.25976E+02   0.37346E+00  -0.17145E+00
   0.15767E+03   0.29922E+02   0.25973E+02   0.37260E+00  -0.17073E+00
   0.15802E+03   0.29921E+02   0.25969E+02   0.37173E+00  -0.17017E+00
   0.15837E+03   0.29921E+02   0.25963E+02   0.37086E+00  -0.16976E+00
   0.15872E+03   0.29920E+02   0.25955E+02   0.37002E+00  -0.16953E+00
   0.15907E+03   0.29919E+02   0.25946E+02   0.36924E+00  -0.16946E+00
   0.15942E+03   0.29919E+02   0.25935E+02   0.36852E+00  -0.16957E+00
   0.15977E+03   0.29918E+02   0.25924E+02   0.36790E+00  -0.16984E+00
   0.16012E+03   0.29918E+02   0.25912E+02   0.36738E+00  -0.17026E+00
   0.16047E+03   0.29917E+02   0.25900E+02   0.36697E+00  -0.17083E+00
   0.16082E+03   0.29917E+02   0.25888E+02   0.36668E+00  -0.17152E+00
   0.16117E+03   0.29916E+02   0.25876E+02   0.36652E+00  -0.17231E+00
   0.16152E+03   0.29916E+02   0.25865E+02   0.36649E+00  -0.17319E+00
   0.16187E+03   0.29916E+02   0.25855E+02   0.36658E+00  -0.17412E+00
   0.16222E+03   0.29916E+02   0.25846E+02   0.36680E+00  -0.17510E+00
   0.16257E+03   0.29916E+02   0.25838E+02   0.36713E+00  -0.17608E+00
   0.16292E+03   0.29917E+02   0.25831E+02   0.36758E+00  -0.17705E+00
   0.16327E+03   0.29917E+02   0.25827E+02   0.36811E+00  -0.17799E+00
   0.16362E+03   0.29917E+02   0.25824E+02   0.36873E+00  -0.17886E+00
   0.16397E+03   0.29918E+02   0.25823E+02   0.36942E+00  -0.17964E+00
   0.16432E+03   0.29918E+02   0.25824E+02   0.37015E+00  -0.18032E+00
   0.16467E+03   0.29919E+02   0.25827E+02   0.37090E+00  -0.18088E+00
   0.16502E+03   0.29919E+02   0.25832E+02   0.37167E+00  -0.18131E+00
   0.16537E+03   0.29920E+02   0.25839E+02   0.37242E+00  -0.18159E+00
   0.16572E+03   0.29920E+02   0.25847E+02   0.37314E+00  -0.18171E+00
   0.16607E+03   0.29921E+02   0.25856E+02   0.37381E+00  -0.18169E+00
   0.16642E+03   0.29922E+02   0.25866E+02   0.37441E+00  -0.18150E+00
   0.16677E+03   0.29922E+02   0.25877E+02   0.37492E+00  -0.18118E+00
   0.16712E+03   0.29922E+02   0.25888E+02   0.37534E+00  -0.18071E+00
   0.16747E+03   0.29923E+02   0.25899E+02   0.37564E+00  -0.18012E+00
   0.16782E+03   0.29923E+02   0.25910E+02   0.37583E+00  -0.17943E+00
   0.16817E+03   0.29923E+02   0.25921E+02   0.37590E+00  -0.17866E+00
   0.16852E+03   0.29923E+02   0.25930E+02   0.37584E+00  -0.17782E+00
   0.16887E+03   0.29923E+02   0.25938E+02   0.37567E+00  -0.17694E+00
   0.16922E+03   0.29923E+02   0.25945E+02   0.37539E+00  -0.17605E+00
   0.16957E+03   0.29923E+02   0.25951E+02   0.37500E+00  -0.17517E+00
   0.16992E+03   0.29923E+02   0.25955E+02   0.37452E+00  -0.17432E+00
   0.17027E+03   0.29923E+02   0.25957E+02   0.37397E+00  -0.17353E+00
   0.17062E+03   0.29922E+02   0.25957E+02   0.37336E+00  -0.17282E+00
   0.17097E+03   0.29922E+02   0.25956E+02   0.37271E+00  -0.17221E+00
   0.17132E+03   0.29921E+02   0.25954E+02   0.37203E+00  -0.17170E+00
   0.17167E+03   0.29921E+02   0.25950E+02   0.37135E+00  -0.17131E+00
   0.17202E+03   0.29920E+02   0.25944E+02   0.37069E+00  -0.17105E+00
   0.17237E+03   0.29920E+02   0.25938E+02   0.37005E+00  -0.17093E+00
   0.17272E+03   0.29919E+02   0.25930E+02   0.36947E+00  -0.17094E+00
   0.17307E+03   0.29919E+02   0.25922E+02   0.36894E+00  -0.17108E+00
   0.17342E+03   0.29918E+02   0.25913E+02   0.36849E+00  -0.17134E+00
   0.17377E+03   0.29918E+02   0.25904E+02   0.36812E+00  -0.17172E+00
   0.17412E+03   0.29918E+02   0.25894E+02   0.36784E+00  -0.17221E+00
   0.17447E+03   0.29917E+02   0.25885E+02   0.36766E+00  -0.17279E+00
   0.17482E+03   0.29917E+02   0.25876E+02   0.36758E+00  -0.17343E+00
   0.17517E+03   0.29917E+02   0.25867E+02   0.36760E+00  -0.17414E+00
   0.17552E+03   0.29917E+02   0.25860E+02   0.36772E+00  -0.17489E+00
   0.17587E+03   0.29917E+02   0.25853E+02   0.36794E+00  -0.17565E+00
   0.17622E+03   0.29917E+02   0.25847E+02   0.36824E+00  -0.17642E+00
   0.17657E+03   0.29917E+02   0.25843E+02   0.36862E+00  -0.17716E+00
   0.17692E+03   0.29918E+02   0.25840E+02   0.36907E+00  -0.17786E+00
   0.17727E+03   0.29918E+02   0.25839E+02   0.36958E+00  -0.17851E+00
   0.17762E+03   0.29918E+02   0.25839E+02   0.37013E+00  -0.17908E+00
   0.17797E+03   0.29919E+02   0.25840E+02   0.37071E+00  -0.17957E+00
   0.17832E+03   0.29919E+02   0.25844E+02   0.37130E+00  -0.17995E+00
   0.17867E+03   0.29920E+02   0.25848E+02   0.37189E+00  -0.18023E+00
   0.17902E+03   0.29920E+02   0.25854E+02   0.37246E+00  -0.18039E+00
   0.17937E+03   0.29921E+02   0.25860E+02   0.37300E+00  -0.18043E+00
   0.17972E+03   0.29921E+02   0.25868E+02   0.37350E+00  -0.18035E+00
   0.18007E+03   0.29921E+02   0.25876E+02   0.37393E+00  -0.18015E+00
   0.18042E+03   0.29922E+02   0.25884E+02   0.37429E+00  -0.17985E+00
   0.18077E+03   0.29922E+02   0.25893E+02   0.37458E+00  -0.17944E+00
   0.18112E+03   0.29922E+02   0.25902E+02   0.37477E+00  -0.17895E+00
   0.18147E+03   0.29923E+02   0.25910E+02   0.37487E+00  -0.17838E+00
   0.18182E+03   0.29923E+02   0.25918E+02   0.37488E+00  -0.17776E+00
   0.18217E+03   0.29923E+02   0.25925E+02   0.37479E+00  -0.17709E+00
   0.18252E+03   0.29923E+02   0.25931E+02   0.37462E+00  -0.17641E+00
   0.18287E+03   0.29923E+02   0.25935E+02   0.37436E+00  -0.17572E+00
   0.18322E+03   0.29922E+02   0.25939E+02   0.37403E+00  -0.17505E+00
   0.18357E+03   0.29922E+02   0.25942E+02   0.37363E+00  -0.17441E+00
   0.18392E+03   0.29922E+02   0.25943E+02   0.37319E+00  -0.17382E+00
   0.18427E+03   0.29922E+02   0.25943E+02   0.37270E+00  -0.17331E+00
   0.18462E+03   0.29921E+02   0.25941E+02   0.37218E+00  -0.17286E+00
   0.18497E+03   0.29921E+02   0.25939E+02   0.37166E+00  -0.17251E+00
   0.18532E+03   0.29920E+02   0.25935E+02   0.37113E+00  -0.17225E+00
   0.18567E+03   0.29920E+02   0.25931E+02   0.37063E+00  -0.17210E+00
   0.18602E+03   0.29920E+02   0.25925E+02   0.37015E+00  -0.17205E+00
   0.18637E+03   0.29919E+02   0.25919E+02   0.36971E+00  -0.17210E+00
   0.18672E+03   0.29919E+02   0.25912E+02   0.36933E+00  -0.17225E+00
   0.18707E+03   0.29919E+02   0.25905E+02   0.36900E+00  -0.17250E+00
   0.18742E+03   0.29918E+02   0.25898E+02   0.36875E+00  -0.17283E+00
   0.18777E+03   0.29918E+02   0.25890E+02   0.36857E+00  -0.17325E+00
   0.18812E+03   0.29918E+02   0.25883E+02   0.36846E+00  -0.17372E+00
   0.18847E+03   0.29918E+02   0.25876E+02   0.36844E+00  -0.17425E+00
   0.18882E+03   0.29918E+02   0.25870E+02   0.36849E+00  -0.17482E+00
   0.18917E+03   0.29918E+02   0.25864E+02   0.36861E+00  -0.17540E+00
   0.18952E+03   0.29918E+02   0.25860E+02   0.36881E+00  -0.17600E+00
   0.18987E+03   0.29918E+02   0.25856E+02   0.36908E+00  -0.17659E+00
   0.19022E+03   0.29918E+02   0.25853E+02   0.36940E+00  -0.17715E+00
   0.19057E+03   0.29918E+02   0.25851E+02   0.36977E+00  -0.17768E+00
   0.19092E+03   0.29919E+02   0.25851E+02   0.37018E+00  -0.17816E+00
   0.19127E+03   0.29919E+02   0.25851E+02   0.37062E+00  -0.17857E+00
   0.19162E+03   0.29919E+02   0.25853E+02   0.37108E+00  -0.17891E+00
   0.19197E+03   0.29920E+02   0.25856E+02   0.37154E+00  -0.17917E+00
   0.19232E+03   0.29920E+02   0.25860E+02   0.37200E+00  -0.17934E+00
   0.19267E+03   0.29920E+02   0.25865E+02   0.37243E+00  -0.17942E+00
   0.19302E+03   0.29921E+02   0.25870E+02   0.37283E+00  -0.17941E+00
   0.19337E+03   0.29921E+02   0.25876E+02   0.37320E+00  -0.17931E+00
   0.19372E+03   0.29921E+02   0.25883E+02   0.37351E+00  -0.17912E+00
   0.19407E+03   0.29922E+02   0.25889E+02   0.37376E+00  -0.17884E+00
   0.19442E+03   0.29922E+02   0.25896E+02   0.37394E+00  -0.17849E+00
   0.19477E+03   0.29922E+02   0.25903E+02   0.37406E+00  -0.17809E+00
   0.19512E+03   0.29922E+02   0.25909E+02   0.37411E+00  -0.17762E+00
   0.19547E+03   0.29922E+02   0.25915E+02   0.37408E+00  -0.17712E+00
   0.19582E+03   0.29922E+02   0.25920E+02   0.37398E+00  -0.17660E+00
   0.19617E+03   0.29922E+02   0.25924E+02   0.37382E+00  -0.17606E+00
   0.19652E+03   0.29922E+02   0.25927E+02   0.37359E+00  -0.17554E+00
   0.19687E+03   0.29922E+02   0.25930E+02   0.37331E+00  -0.17503E+00
   0.19722E+03   0.29922E+02   0.25931E+02   0.37298E+00  -0.17455E+00
   0.19757E+03   0.29921E+02   0.25932E+02   0.37262E+00  -0.17412E+00
   0.19792E+03   0.29921E+02   0.25931E+02   0.37223E+00  -0.17374E+00
   0.19827E+03   0.29921E+02   0.25930E+02   0.37183E+00  -0.17343E+00
   0.19862E+03   0.29921E+02   0.25927E+02   0.37142E+00  -0.17319E+00
   0.19897E+03   0.29920E+02   0.25924E+02   0.37102E+00  -0.17302E+00
   0.19932E+03   0.29920E+02   0.25920E+02   0.37063E+00  -0.17294E+00
   0.19967E+03   0.29920E+02   0.25916E+02   0.37028E+00  -0.17293E+00
   0.20002E+03   0.29919E+02   0.25911E+02   0.36995E+00  -0.17301E+00
   0.20037E+03   0.29919E+02   0.25905E+02   0.36967E+00  -0.17316E+00
   0.20072E+03   0.29919E+02   0.25900E+02   0.36945E+00  -0.17339E+00
   0.20107E+03   0.29919E+02   0.25894E+02   0.36927E+00  -0.17367E+00
   0.20142E+03   0.29918E+02   0.25888E+02   0.36916E+00  -0.17402E+00
   0.20177E+03   0.29918E+02   0.25883E+02   0.36910E+00  -0.17441E+00
   0.20212E+03   0.29918E+02   0.25878E+02   0.36911E+00  -0.17483E+00
   0.20247E+03   0.29918E+02   0.25873E+02   0.36918E+00  -0.17528E+00
   0.20282E+03   0.29918E+02   0.25869E+02   0.36930E+00  -0.17575E+00
   0.20317E+03   0.29918E+02   0.25866E+02   0.36948E+00  -0.17621E+00
   0.20352E+03   0.29918E+02   0.25863E+02   0.36971E+00  -0.17666E+00
   0.20387E+03   0.29919E+02   0.25861E+02   0.36998E+00  -0.17709E+00
   0.20422E+03   0.29919E+02   0.25860E+02   0.37029E+00  -0.17748E+00
   0.20457E+03   0.29919E+02   0.25860E+02   0.37062E+00  -0.17783E+00
   0.20492E+03   0.29919E+02   0.25861E+02   0.37097E+00  -0.17812E+00
   0.20527E+03   0.29920E+02   0.25863E+02   0.37133E+00  -0.17836E+00
   0.20562E+03   0.29920E+02   0.25866E+02   0.37168E+00  -0.17853E+00
   0.20597E+03   0.29920E+02   0.25869E+02   0.37203E+00  -0.17863E+00
   0.20632E+03   0.29920E+02   0.25873E+02   0.37235E+00  -0.17865E+00
   0.20667E+03   0.29921E+02   0.25877E+02   0.37265E+00  -0.17861E+00
   0.20702E+03   0.29921E+02   0.25882E+02   0.37291E+00  -0.17850E+00
   0.20737E+03   0.29921E+02   0.25887E+02   0.37313E+00  -0.17832E+00
   0.20772E+03   0.29921E+02   0.25893E+02   0.37331E+00  -0.17808E+00
   0.20807E+03   0.29921E+02   0.25898E+02   0.37343E+00  -0.17779E+00
   0.20842E+03   0.29922E+02   0.25903E+02   0.37349E+00  -0.17745E+00
   0.20877E+03   0.29922E+02   0.25907E+02   0.37350E+00  -0.17708E+00
   0.20912E+03   0.29922E+02   0.25912E+02   0.37345E+00  -0.17668E+00
   0.20947E+03   0.29922E+02   0.25915E+02   0.37335E+00  -0.17627E+00
   0.20982E+03   0.29922E+02   0.25918E+02   0.37320E+00  -0.17585E+00
   0.21017E+03   0.29921E+02   0.25921E+02   0.37301E+00  -0.17545E+00
   0.21052E+03   0.29921E+02   0.25922E+02   0.37277E+00  -0.17507E+00
   0.21087E+03   0.29921E+02   0.25923E+02   0.37251E+00  -0.17471E+00
   0.21122E+03   0.29921E+02   0.25923E+02   0.37222E+00  -0.17439E+00
   0.21157E+03   0.29921E+02   0.25922E+02   0.37191E+00  -0.17412E+00
   0.21192E+03   0.29921E+02   0.25921E+02   0.37159E+00  -0.17390E+00
   0.21227E+03   0.29920E+02   0.25919E+02   0.37128E+00  -0.17374E+00
   0.21262E+03   0.29920E+02   0.25916E+02   0.37097E+00  -0.17364E+00
   0.21297E+03   0.29920E+02   0.25913E+02   0.37068E+00  -0.17361E+00
   0.21332E+03   0.29920E+02   0.25909E+02   0.37041E+00  -0.17363E+00
   0.21367E+03   0.29919E+02   0.25905E+02   0.37018E+00  -0.17372E+00
   0.21402E+03   0.29919E+02   0.25901E+02   0.36998E+00  -0.17386E+00
   0.21437E+03   0.29919E+02   0.25896E+02   0.36982E+00  -0.17406E+00
   0.21472E+03   0.29919E+02   0.25892E+02   0.36971E+00  -0.17431E+00
   0.21507E+03   0.29919E+02   0.25887E+02   0.36964E+00  -0.17459E+00
   0.21542E+03   0.29919E+02   0.25883E+02   0.36962E+00  -0.17491E+00
   0.21577E+03   0.29919E+02   0.25879E+02   0.36965E+00  -0.17525E+00
   0.21612E+03   0.29919E+02   0.25876E+02   0.36972E+00  -0.17560E+00
   0.21647E+03   0.29919E+02   0.25873E+02   0.36984E+00  -0.17596E+00
   0.21682E+03   0.29919E+02   0.25871E+02   0.36999E+00  -0.17632E+00
   0.21717E+03   0.29919E+02   0.25869E+02   0.37019E+00  -0.17666E+00
   0.21752E+03   0.29919E+02   0.25868E+02   0.37041E+00  -0.17698E+00
   0.21787E+03   0.29919E+02   0.25868E+02   0.37066E+00  -0.17727E+00
   0.21822E+03   0.29919E+02   0.25868E+02   0.37092E+00  -0.17752E+00
   0.21857E+03   0.29920E+02   0.25869E+02   0.37120E+00  -0.17773E+00
   0.21892E+03   0.29920E+02   0.25871E+02   0.37148E+00  -0.17789E+00
   0.21927E+03   0.29920E+02   0.25873E+02   0.37175E+00  -0.17800E+00
   0.21962E+03   0.29920E+02   0.25876E+02   0.37201E+00  -0.17805E+00
   0.21997E+03   0.29920E+02   0.25879E+02   0.37226E+00  -0.17804E+00
   0.22032E+03   0.29921E+02   0.25883E+02   0.37248E+00  -0.17799E+00
   0.22067E+03   0.29921E+02   0.25887E+02   0.37266E+00  -0.17787E+00
   0.22102E+03   0.29921E+02   0.25891E+02   0.37282E+00  -0.17771E+00
   0.22137E+03   0.29921E+02   0.25895E+02   0.37293E+00  -0.17751E+00
   0.22172E+03   0.29921E+02   0.25898E+02   0.37301E+00  -0.17726E+00
   0.22207E+03   0.29921E+02   0.25902E+02   0.37304E+00  -0.17699E+00
   0.22242E+03   0.29921E+02   0.25906E+02   0.37302E+00  -0.17669E+00
   0.22277E+03   0.29921E+02   0.25909E+02   0.37297E+00  -0.17637E+00
   0.22312E+03   0.29921E+02   0.25911E+02   0.37287E+00  -0.17605E+00
   0.22347E+03   0.29921E+02   0.25914E+02   0.37274E+00  -0.17574E+00
   0.22382E+03   0.29921E+02   0.25915E+02   0.37257E+00  -0.17543E+00
   0.22417E+03   0.29921E+02   0.25916E+02   0.37238E+00  -0.17514E+00
   0.22452E+03   0.29921E+02   0.25916E+02   0.37216E+00  -0.17488E+00
   0.22487E+03   0.29921E+02   0.25916E+02   0.37193E+00  -0.17465E+00
   0.22522E+03   0.29921E+02   0.25915E+02   0.37169E+00  -0.17445E+00
   0.22557E+03   0.29920E+02   0.25914E+02   0.37144E+00  -0.17430E+00
   0.22592E+03   0.29920E+02   0.25912E+02   0.37120E+00  -0.17420E+00
   0.22627E+03   0.29920E+02   0.25910E+02   0.37097E+00  -0.17415E+00
   0.22662E+03   0.29920E+02   0.25907E+02   0.37075E+00  -0.17414E+00
   0.22697E+03   0.29920E+02   0.25904E+02   0.37055E+00  -0.17418E+00
   0.22732E+03   0.29919E+02   0.25901E+02   0.37038E+00  -0.17427E+00
   0.22767E+03   0.29919E+02   0.25897E+02   0.37024E+00  -0.17440E+00
   0.22802E+03   0.29919E+02   0.25894E+02   0.37013E+00  -0.17457E+00
   0.22837E+03   0.29919E+02   0.25890E+02   0.37006E+00  -0.17478E+00
   0.22872E+03   0.29919E+02   0.25887E+02   0.37003E+00  -0.17501E+00
   0.22907E+03   0.29919E+02   0.25884E+02   0.37003E+00  -0.17527E+00
   0.22942E+03   0.29919E+02   0.25881E+02   0.37006E+00  -0.17554E+00
   0.22977E+03   0.29919E+02   0.25879E+02   0.37014E+00  -0.17581E+00
   0.23012E+03   0.29919E+02   0.25877E+02   0.37024E+00  -0.17609E+00
   0.23047E+03   0.29919E+02   0.25875E+02   0.37038E+00  -0.17637E+00
   0.23082E+03   0.29919E+02   0.25874E+02   0.37054E+00  -0.17663E+00
   0.23117E+03   0.29919E+02   0.25873E+02   0.37073E+00  -0.17686E+00
   0.23152E+03   0.29919E+02   0.25873E+02   0.37092E+00  -0.17708E+00
   0.23187E+03   0.29920E+02   0.25874E+02   0.37114E+00  -0.17726E+00
   0.23222E+03   0.29920E+02   0.25875E+02   0.37135E+00  -0.17740E+00
   0.23257E+03   0.29920E+02   0.25877E+02   0.37157E+00  -0.17750E+00
   0.23292E+03   0.29920E+02   0.25879E+02   0.37177E+00  -0.17757E+00
   0.23327E+03   0.29920E+02   0.25881E+02   0.37197E+00  -0.17759E+00
   0.23362E+03   0.29920E+02   0.25884E+02   0.37215E+00  -0.17756E+00
   0.23397E+03   0.29921E+02   0.25886E+02   0.37231E+00  -0.17750E+00
   0.23432E+03   0.29921E+02   0.25889E+02   0.37245E+00  -0.17739E+00
   0.23467E+03   0.29921E+02   0.25893E+02   0.37255E+00  -0.17725E+00
   0.23502E+03   0.29921E+02   0.25896E+02   0.37262E+00  -0.17708E+00
   0.23537E+03   0.29921E+02   0.25899E+02   0.37267E+00  -0.17688E+00
   0.23572E+03   0.29921E+02   0.25901E+02   0.37267E+00  -0.17665E+00
   0.23607E+03   0.29921E+02   0.25904E+02   0.37265E+00  -0.17642E+00
   0.23642E+03   0.29921E+02   0.25906E+02   0.37259E+00  -0.17617E+00
   0.23677E+03   0.29921E+02   0.25908E+02   0.37250E+00  -0.17592E+00
   0.23712E+03   0.29921E+02   0.25910E+02   0.37239E+00  -0.17568E+00
   0.23747E+03   0.29921E+02   0.25911E+02   0.37225E+00  -0.17544E+00
   0.23782E+03   0.29921E+02   0.25911E+02   0.37209E+00  -0.17523E+00
   0.23817E+03   0.29921E+02   0.25911E+02   0.37192E+00  -0.17504E+00
   0.23852E+03   0.29921E+02   0.25911E+02   0.37173E+00  -0.17487E+00
   0.23887E+03   0.29920E+02   0.25910E+02   0.37154E+00  -0.17474E+00
   0.23922E+03   0.29920E+02   0.25909E+02   0.37135E+00  -0.17464E+00
   0.23957E+03   0.29920E+02   0.25907E+02   0.37117E+00  -0.17457E+00
   0.23992E+03   0.29920E+02   0.25905E+02   0.37099E+00  -0.17455E+00
   0.24027E+03   0.29920E+02   0.25903E+02   0.37083E+00  -0.17456E+00
   0.24062E+03   0.29920E+02   0.25901E+02   0.37068E+00  -0.17461E+00
   0.24097E+03   0.29920E+02   0.25898E+02   0.37056E+00  -0.17469E+00
   0.24132E+03   0.29919E+02   0.25895E+02   0.37046E+00  -0.17481E+00
   0.24167E+03   0.29919E+02   0.25893E+02   0.37039E+00  -0.17495E+00
   0.24202E+03   0.29919E+02   0.25890E+02   0.37035E+00  -0.17512E+00
   0.24237E+03   0.29919E+02   0.25887E+02   0.37034E+00  -0.17531E+00
   0.24272E+03   0.29919E+02   0.25885E+02   0.37035E+00  -0.17552E+00
   0.24307E+03   0.29919E+02   0.25883E+02   0.37039E+00  -0.17573E+00
   0.24342E+03   0.29919E+02   0.25881E+02   0.37046E+00  -0.17595E+00
   0.24377E+03   0.29919E+02   0.25880E+02   0.37055E+00  -0.17617E+00
   0.24412E+03   0.29919E+02   0.25879E+02   0.37067E+00  -0.17637E+00
   0.24447E+03   0.29919E+02   0.25878E+02   0.37080E+00  -0.17657E+00
   0.24482E+03   0.29920E+02   0.25878E+02   0.37095E+00  -0.17674E+00
   0.24517E+03   0.29920E+02   0.25878E+02   0.37111E+00  -0.17690E+00
   0.24552E+03   0.29920E+02   0.25879E+02   0.37128E+00  -0.17702E+00
   0.24587E+03   0.29920E+02   0.25880E+02   0.37145E+00  -0.17712E+00
   0.24622E+03   0.29920E+02   0.25881E+02   0.37161E+00  -0.17719E+00
   0.24657E+03   0.29920E+02   0.25883E+02   0.37177E+00  -0.17722E+00
   0.24692E+03   0.29920E+02   0.25885E+02   0.37192E+00  -0.17722E+00
   0.24727E+03   0.29920E+02   0.25887E+02   0.37205E+00  -0.17719E+00
   0.24762E+03   0.29920E+02   0.25889E+02   0.37216E+00  -0.17712E+00
   0.24797E+03   0.29921E+02   0.25891E+02   0.37226E+00  -0.17703E+00
   0.24832E+03   0.29921E+02   0.25894E+02   0.37233E+00  -0.17690E+00
   0.24867E+03   0.29921E+02   0.25896E+02   0.37237E+00  -0.17676E+00
   0.24902E+03   0.29921E+02   0.25899E+02   0.37239E+00  -0.17660E+00
   0.24937E+03   0.29921E+02   0.25901E+02   0.37239E+00  -0.17642E+00
   0.24972E+03   0.29921E+02   0.25902E+02   0.37236E+00  -0.17623E+00
   0.25007E+03   0.29921E+02   0.25904E+02   0.37230E+00  -0.17604E+00
   0.25042E+03   0.29921E+02   0.25905E+02   0.37222E+00  -0.17584E+00
   0.25077E+03   0.29921E+02   0.25906E+02   0.37213E+00  -0.17566E+00
   0.25112E+03   0.29921E+02   0.25907E+02   0.37201E+00  -0.17548E+00
   0.25147E+03   0.29921E+02   0.25907E+02   0.37188E+00  -0.17532E+00
   0.25182E+03   0.29920E+02   0.25907E+02   0.37174E+00  -0.17518E+00
   0.25217E+03   0.29920E+02   0.25907E+02   0.37160E+00  -0.17506E+00
   0.25252E+03   0.29920E+02   0.25906E+02   0.37145E+00  -0.17497E+00
   0.25287E+03   0.29920E+02   0.25905E+02   0.37130E+00  -0.17491E+00
   0.25322E+03   0.29920E+02   0.25903E+02   0.37116E+00  -0.17487E+00
   0.25357E+03   0.29920E+02   0.25902E+02   0.37103E+00  -0.17487E+00
   0.25392E+03   0.29920E+02   0.25900E+02   0.37091E+00  -0.17489E+00
   0.25427E+03   0.29920E+02   0.25898E+02   0.37080E+00  -0.17494E+00
   0.25462E+03   0.29920E+02   0.25896E+02   0.37072E+00  -0.17502E+00
   0.25497E+03   0.29920E+02   0.25894E+02   0.37065E+00  -0.17512E+00
   0.25532E+03   0.29920E+02   0.25892E+02   0.37061E+00  -0.17524E+00
   0.25567E+03   0.29919E+02   0.25890E+02   0.37058E+00  -0.17538E+00
   0.25602E+03   0.29919E+02   0.25888E+02   0.37058E+00  -0.17553E+00
   0.25637E+03   0.29919E+02   0.25886E+02   0.37060E+00  -0.17570E+00
   0.25672E+03   0.29919E+02   0.25885E+02   0.37065E+00  -0.17586E+00
   0.25707E+03   0.29919E+02   0.25883E+02   0.37071E+00  -0.17603E+00
   0.25742E+03   0.29919E+02   0.25882E+02   0.37079E+00  -0.17620E+00
   0.25777E+03   0.29920E+02   0.25882E+02   0.37089E+00  -0.17635E+00
   0.25812E+03   0.29920E+02   0.25881E+02   0.37100E+00  -0.17650E+00
   0.25847E+03   0.29920E+02   0.25881E+02   0.37112E+00  -0.17663E+00
   0.25882E+03   0.29920E+02   0.25882E+02   0.37124E+00  -0.17674E+00
   0.25917E+03   0.29920E+02   0.25882E+02   0.37137E+00  -0.17683E+00
   0.25952E+03   0.29920E+02   0.25883E+02   0.37150E+00  -0.17689E+00
   0.25987E+03   0.29920E+02   0.25884E+02   0.37163E+00  -0.17693E+00
   0.26022E+03   0.29920E+02   0.25886E+02   0.37175E+00  -0.17694E+00
   0.26057E+03   0.29920E+02   0.25887E+02   0.37186E+00  -0.17693E+00
   0.26092E+03   0.29920E+02   0.25889E+02   0.37195E+00  -0.17689E+00
   0.26127E+03   0.29920E+02   0.25891E+02   0.37203E+00  -0.17683E+00
   0.26162E+03   0.29921E+02   0.25893E+02   0.37210E+00  -0.17675E+00
   0.26197E+03   0.29921E+02   0.25895E+02   0.37214E+00  -0.17664E+00
   0.26232E+03   0.29921E+02   0.25896E+02   0.37217E+00  -0.17653E+00
   0.26267E+03   0.29921E+02   0.25898E+02   0.37218E+00  -0.17639E+00
   0.26302E+03   0.29921E+02   0.25900E+02   0.37216E+00  -0.17625E+00
   0.26337E+03   0.29921E+02   0.25901E+02   0.37213E+00  -0.17610E+00
   0.26372E+03   0.29921E+02   0.25902E+02   0.37208E+00  -0.17595E+00
   0.26407E+03   0.29921E+02   0.25903E+02   0.37201E+00  -0.17580E+00
   0.26442E+03   0.29921E+02   0.25904E+02   0.37193E+00  -0.17566E+00
   0.26477E+03   0.29920E+02   0.25904E+02   0.37183E+00  -0.17553E+00
   0.26512E+03   0.29920E+02   0.25904E+02   0.37173E+00  -0.17542E+00
   0.26547E+03   0.29920E+02   0.25904E+02   0.37162E+00  -0.17531E+00
   0.26582E+03   0.29920E+02   0.25904E+02   0.37151E+00  -0.17523E+00
   0.26617E+03   0.29920E+02   0.25903E+02   0.37139E+00  -0.17517E+00
   0.26652E+03   0.29920E+02   0.25902E+02   0.37128E+00  -0.17513E+00
   0.26687E+03   0.29920E+02   0.25901E+02   0.37117E+00  -0.17511E+00
   0.26722E+03   0.29920E+02   0.25899E+02   0.37107E+00  -0.17512E+00
   0.26757E+03   0.29920E+02   0.25898E+02   0.37099E+00  -0.17515E+00
   0.26792E+03   0.29920E+02   0.25896E+02   0.37091E+00  -0.17519E+00
   0.26827E+03   0.29920E+02   0.25895E+02   0.37085E+00  -0.17526E+00
   0.26862E+03   0.29920E+02   0.25893E+02   0.37081E+00  -0.17535E+00
   0.26897E+03   0.29920E+02   0.25891E+02   0.37078E+00  -0.17545E+00
   0.26932E+03   0.29920E+02   0.25890E+02   0.37077E+00  -0.17557E+00
   0.26967E+03   0.29920E+02   0.25888E+02   0.37078E+00  -0.17569E+00
   0.27002E+03   0.29920E+02   0.25887E+02   0.37080E+00  -0.17582E+00
   0.27037E+03   0.29920E+02   0.25886E+02   0.37084E+00  -0.17595E+00
   0.27072E+03   0.29920E+02   0.25885E+02   0.37090E+00  -0.17608E+00
   0.27107E+03   0.29920E+02   0.25885E+02   0.37097E+00  -0.17620E+00
   0.27142E+03   0.29920E+02   0.25884E+02   0.37105E+00  -0.17632E+00
   0.27177E+03   0.29920E+02   0.25884E+02   0.37113E+00  -0.17643E+00
   0.27212E+03   0.29920E+02   0.25884E+02   0.37123E+00  -0.17652E+00
   0.27247E+03   0.29920E+02   0.25885E+02   0.37133E+00  -0.17660E+00
   0.27282E+03   0.29920E+02   0.25885E+02   0.37143E+00  -0.17666E+00
   0.27317E+03   0.29920E+02   0.25886E+02   0.37153E+00  -0.17670E+00
   0.27352E+03   0.29920E+02   0.25887E+02   0.37163E+00  -0.17672E+00
   0.27387E+03   0.29920E+02   0.25888E+02   0.37172E+00  -0.17672E+00
   0.27422E+03   0.29920E+02   0.25889E+02   0.37180E+00  -0.17670E+00
   0.27457E+03   0.29920E+02   0.25891E+02   0.37187E+00  -0.17667E+00
   0.27492E+03   0.29920E+02   0.25892E+02   0.37192E+00  -0.17661E+00
   0.27527E+03   0.29920E+02   0.25894E+02   0.37197E+00  -0.17654E+00
   0.27562E+03   0.29920E+02   0.25895E+02   0.37200E+00  -0.17645E+00
   0.27597E+03   0.29920E+02   0.25896E+02   0.37201E+00  -0.17635E+00
   0.27632E+03   0.29921E+02   0.25898E+02   0.37201E+00  -0.17625E+00
   0.27667E+03   0.29921E+02   0.25899E+02   0.37199E+00  -0.17613E+00
   0.27702E+03   0.29921E+02   0.25900E+02   0.37196E+00  -0.17602E+00
   0.27737E+03   0.29920E+02   0.25901E+02   0.37191E+00  -0.17590E+00
   0.27772E+03   0.29920E+02   0.25901E+02   0.37185E+00  -0.17579E+00
   0.27807E+03   0.29920E+02   0.25902E+02   0.37178E+00  -0.17568E+00
   0.27842E+03   0.29920E+02   0.25902E+02   0.37171E+00  -0.17559E+00
   0.27877E+03   0.29920E+02   0.25902E+02   0.37162E+00  -0.17550E+00
   0.27912E+03   0.29920E+02   0.25901E+02   0.37154E+00  -0.17543E+00
   0.27947E+03   0.29920E+02   0.25901E+02   0.37145E+00  -0.17537E+00
   0.27982E+03   0.29920E+02   0.25900E+02   0.37136E+00  -0.17533E+00
   0.28017E+03   0.29920E+02   0.25900E+02   0.37127E+00  -0.17531E+00
   0.28052E+03   0.29920E+02   0.25899E+02   0.37119E+00  -0.17530E+00
   0.28087E+03   0.29920E+02   0.25897E+02   0.37112E+00  -0.17532E+00
   0.28122E+03   0.29920E+02   0.25896E+02   0.37106E+00  -0.17535E+00
   0.28157E+03   0.29920E+02   0.25895E+02   0.37100E+00  -0.17539E+00
   0.28192E+03   0.29920E+02   0.25894E+02   0.37096E+00  -0.17545E+00
   0.28227E+03   0.29920E+02   0.25893E+02   0.37093E+00  -0.17552E+00
   0.28262E+03   0.29920E+02   0.25891E+02   0.37092E+00  -0.17561E+00
   0.28297E+03   0.29920E+02   0.25890E+02   0.37092E+00  -0.17570E+00
   0.28332E+03   0.29920E+02   0.25889E+02   0.37093E+00  -0.17580E+00
   0.28367E+03   0.29920E+02   0.25888E+02   0.37095E+00  -0.17590E+00
   0.28402E+03   0.29920E+02   0.25887E+02   0.37099E+00  -0.17600E+00
   0.28437E+03   0.29920E+02   0.25887E+02   0.37104E+00  -0.17610E+00
   0.28472E+03   0.29920E+02   0.25886E+02   0.37110E+00  -0.17619E+00
   0.28507E+03   0.29920E+02   0.25886E+02   0.37116E+00  -0.17628E+00
   0.28542E+03   0.29920E+02   0.25886E+02   0.37123E+00  -0.17636E+00
   0.28577E+03   0.29920E+02   0.25886E+02   0.37131E+00  -0.17643E+00
   0.28612E+03   0.29920E+02   0.25887E+02   0.37139E+00  -0.17648E+00
   0.28647E+03   0.29920E+02   0.25887E+02   0.37147E+00  -0.17652E+00
   0.28682E+03   0.29920E+02   0.25888E+02   0.37154E+00  -0.17655E+00
   0.28717E+03   0.29920E+02   0.25889E+02   0.37161E+00  -0.17656E+00
   0.28752E+03   0.29920E+02   0.25890E+02   0.37168E+00  -0.17655E+00
   0.28787E+03   0.29920E+02   0.25891E+02   0.37174E+00  -0.17653E+00
   0.28822E+03   0.29920E+02   0.25892E+02   0.37179E+00  -0.17649E+00
   0.28857E+03   0.29920E+02   0.25893E+02   0.37183E+00  -0.17644E+00
   0.28892E+03   0.29920E+02   0.25894E+02   0.37186E+00  -0.17638E+00
   0.28927E+03   0.29920E+02   0.25895E+02   0.37187E+00  -0.17631E+00
   0.28962E+03   0.29920E+02   0.25896E+02   0.37188E+00  -0.17623E+00
   0.28997E+03   0.29920E+02   0.25897E+02   0.37187E+00  -0.17614E+00
   0.29032E+03   0.29920E+02   0.25898E+02   0.37185E+00  -0.17606E+00
   0.29067E+03   0.29920E+02   0.25899E+02   0.37182E+00  -0.17597E+00
   0.29102E+03   0.29920E+02   0.25899E+02   0.37178E+00  -0.17588E+00
   0.29137E+03   0.29920E+02   0.25900E+02   0.37173E+00  -0.17579E+00
   0.29172E+03   0.29920E+02   0.25900E+02   0.37168E+00  -0.17571E+00
   0.29207E+03   0.29920E+02   0.25900E+02   0.37161E+00  -0.17564E+00
   0.29242E+03   0.29920E+02   0.25900E+02   0.37155E+00  -0.17558E+00
   0.29277E+03   0.29920E+02   0.25900E+02   0.37148E+00  -0.17553E+00
   0.29312E+03   0.29920E+02   0.25899E+02   0.37141E+00  -0.17549E+00
   0.29347E+03   0.29920E+02   0.25899E+02   0.37134E+00  -0.17547E+00
   0.29382E+03   0.29920E+02   0.25898E+02   0.37128E+00  -0.17545E+00
   0.29417E+03   0.29920E+02   0.25897E+02   0.37122E+00  -0.17546E+00
   0.29452E+03   0.29920E+02   0.25896E+02   0.37117E+00  -0.17547E+00
   0.29487E+03   0.29920E+02   0.25895E+02   0.37112E+00  -0.17550E+00
   0.29522E+03   0.29920E+02   0.25894E+02   0.37108E+00  -0.17554E+00
   0.29557E+03   0.29920E+02   0.25893E+02   0.37105E+00  -0.17559E+00
   0.29592E+03   0.29920E+02   0.25892E+02   0.37104E+00  -0.17565E+00
   0.29627E+03   0.29920E+02   0.25891E+02   0.37103E+00  -0.17572E+00
   0.29662E+03   0.29920E+02   0.25891E+02   0.37103E+00  -0.17579E+00
   0.29697E+03   0.29920E+02   0.25890E+02   0.37105E+00  -0.17587E+00
   0.29732E+03   0.29920E+02   0.25889E+02   0.37107E+00  -0.17595E+00
   0.29767E+03   0.29920E+02   0.25889E+02   0.37110E+00  -0.17603E+00
   0.29802E+03   0.29920E+02   0.25888E+02   0.37115E+00  -0.17611E+00
   0.29837E+03   0.29920E+02   0.25888E+02   0.37119E+00  -0.17618E+00
   0.29872E+03   0.29920E+02   0.25888E+02   0.37125E+00  -0.17624E+00
   0.29907E+03   0.29920E+02   0.25888E+02   0.37130E+00  -0.17630E+00
   0.29942E+03   0.29920E+02   0.25888E+02   0.37136E+00  -0.17635E+00
   0.29977E+03   0.29920E+02   0.25888E+02   0.37143E+00  -0.17638E+00
   0.30012E+03   0.29920E+02   0.25889E+02   0.37149E+00  -0.17641E+00
   0.30047E+03   0.29920E+02   0.25889E+02   0.37154E+00  -0.17642E+00
   0.30082E+03   0.29920E+02   0.25890E+02   0.37160E+00  -0.17642E+00
   0.30118E+03   0.29920E+02   0.25891E+02   0.37165E+00  -0.17641E+00
   0.30153E+03   0.29920E+02   0.25892E+02   0.37169E+00  -0.17639E+00
   0.30188E+03   0.29920E+02   0.25893E+02   0.37172E+00  -0.17636E+00
   0.30223E+03   0.29920E+02   0.25893E+02   0.37175E+00  -0.17632E+00
   0.30258E+03   0.29920E+02   0.25894E+02   0.37177E+00  -0.17626E+00
   0.30293E+03   0.29920E+02   0.25895E+02   0.37178E+00  -0.17621E+00
   0.30328E+03   0.29920E+02   0.25896E+02   0.37178E+00  -0.17614E+00
   0.30363E+03   0.29920E+02   0.25897E+02   0.37177E+00  -0.17607E+00
   0.30398E+03   0.29920E+02   0.25897E+02   0.37175E+00  -0.17600E+00
   0.30433E+03   0.29920E+02   0.25898E+02   0.37172E+00  -0.17593E+00
   0.30468E+03   0.29920E+02   0.25898E+02   0.37169E+00  -0.17587E+00
   0.30503E+03   0.29920E+02   0.25898E+02   0.37165E+00  -0.17580E+00
   0.30538E+03   0.29920E+02   0.25898E+02   0.37160E+00  -0.17574E+00
   0.30573E+03   0.29920E+02   0.25898E+02   0.37155E+00  -0.17569E+00
   0.30608E+03   0.29920E+02   0.25898E+02   0.37150E+00  -0.17565E+00
   0.30643E+03   0.29920E+02   0.25898E+02   0.37144E+00  -0.17561E+00
   0.30678E+03   0.29920E+02   0.25898E+02   0.37139E+00  -0.17559E+00
   0.30713E+03   0.29920E+02   0.25897E+02   0.37134E+00  -0.17557E+00
   0.30748E+03   0.29920E+02   0.25897E+02   0.37129E+00  -0.17557E+00
   0.30783E+03   0.29920E+02   0.25896E+02   0.37125E+00  -0.17558E+00
   0.30818E+03   0.29920E+02   0.25895E+02   0.37121E+00  -0.17559E+00
   0.30853E+03   0.29920E+02   0.25894E+02   0.37117E+00  -0.17562E+00
   0.30888E+03   0.29920E+02   0.25894E+02   0.37115E+00  -0.17565E+00
   0.30923E+03   0.29920E+02   0.25893E+02   0.37113E+00  -0.17570E+00
   0.30958E+03   0.29920E+02   0.25892E+02   0.37112E+00  -0.17575E+00
   0.30993E+03   0.29920E+02   0.25892E+02   0.37112E+00  -0.17580E+00
   0.31028E+03   0.29920E+02   0.25891E+02   0.37113E+00  -0.17586E+00
   0.31063E+03   0.29920E+02   0.25890E+02   0.37114E+00  -0.17592E+00
   0.31098E+03   0.29920E+02   0.25890E+02   0.37116E+00  -0.17598E+00
   0.31133E+03   0.29920E+02   0.25890E+02   0.37119E+00  -0.17604E+00
   0.31168E+03   0.29920E+02   0.25889E+02   0.37123E+00  -0.17610E+00
   0.31203E+03   0.29920E+02   0.25889E+02   0.37126E+00  -0.17615E+00
   0.31238E+03   0.29920E+02   0.25889E+02   0.37131E+00  -0.17620E+00
   0.31273E+03   0.29920E+02   0.25889E+02   0.37135E+00  -0.17624E+00
   0.31308E+03   0.29920E+02   0.25889E+02   0.37140E+00  -0.17628E+00
   0.31343E+03   0.29920E+02   0.25890E+02   0.37145E+00  -0.17630E+00
   0.31378E+03   0.29920E+02   0.25890E+02   0.37149E+00  -0.17632E+00
   0.31413E+03   0.29920E+02   0.25891E+02   0.37154E+00  -0.17632E+00
   0.31448E+03   0.29920E+02   0.25891E+02   0.37158E+00  -0.17632E+00
   0.31483E+03   0.29920E+02   0.25892E+02   0.37161E+00  -0.17631E+00
   0.31518E+03   0.29920E+02   0.25892E+02   0.37164E+00  -0.17629E+00
   0.31553E+03   0.29920E+02   0.25893E+02   0.37167E+00  -0.17626E+00
   0.31588E+03   0.29920E+02   0.25894E+02   0.37169E+00  -0.17622E+00
   0.31623E+03   0.29920E+02   0.25894E+02   0.37170E+00  -0.17618E+00
   0.31658E+03   0.29920E+02   0.25895E+02   0.37170E+00  -0.17613E+00
   0.31693E+03   0.29920E+02   0.25896E+02   0.37170E+00  -0.17608E+00
   0.31728E+03   0.29920E+02   0.25896E+02   0.37168E+00  -0.17603E+00
   0.31763E+03   0.29920E+02   0.25897E+02   0.37167E+00  -0.17597E+00
   0.31798E+03   0.29920E+02   0.25897E+02   0.37164E+00  -0.17592E+00
   0.31833E+03   0.29920E+02   0.25897E+02   0.37161E+00  -0.17587E+00
   0.31868E+03   0.29920E+02   0.25897E+02   0.37158E+00  -0.17582E+00
   0.31903E+03   0.29920E+02   0.25897E+02   0.37154E+00  -0.17577E+00
   0.31938E+03   0.29920E+02   0.25897E+02   0.37150E+00  -0.17574E+00
   0.31973E+03   0.29920E+02   0.25897E+02   0.37146E+00  -0.17571E+00
   0.32008E+03   0.29920E+02   0.25897E+02   0.37142E+00  -0.17568E+00
   0.32043E+03   0.29920E+02   0.25897E+02   0.37138E+00  -0.17567E+00
   0.32078E+03   0.29920E+02   0.25896E+02   0.37134E+00  -0.17566E+00
   0.32113E+03   0.29920E+02   0.25896E+02   0.37130E+00  -0.17566E+00
   0.32148E+03   0.29920E+02   0.25895E+02   0.37127E+00  -0.17567E+00
   0.32183E+03   0.29920E+02   0.25895E+02   0.37124E+00  -0.17569E+00
   0.32218E+03   0.29920E+02   0.25894E+02   0.37122E+00  -0.17571E+00
   0.32253E+03   0.29920E+02   0.25893E+02   0.37120E+00  -0.17574E+00
   0.32288E+03   0.29920E+02   0.25893E+02   0.37119E+00  -0.17578E+00
   0.32323E+03   0.29920E+02   0.25892E+02   0.37119E+00  -0.17582E+00
   0.32358E+03   0.29920E+02   0.25892E+02   0.37119E+00  -0.17586E+00
   0.32393E+03   0.29920E+02   0.25891E+02   0.37120E+00  -0.17591E+00
   0.32428E+03   0.29920E+02   0.25891E+02   0.37121E+00  -0.17595E+00
   0.32463E+03   0.29920E+02   0.25891E+02   0.37123E+00  -0.17600E+00
   0.32498E+03   0.29920E+02   0.25890E+02   0.37126E+00  -0.17605E+00
   0.32533E+03   0.29920E+02   0.25890E+02   0.37128E+00  -0.17609E+00
   0.32568E+03   0.29920E+02   0.25890E+02   0.37132E+00  -0.17613E+00
   0.32603E+03   0.29920E+02   0.25890E+02   0.37135E+00  -0.17617E+00
   0.32638E+03   0.29920E+02   0.25890E+02   0.37139E+00  -0.17619E+00
   0.32673E+03   0.29920E+02   0.25890E+02   0.37142E+00  -0.17622E+00
   0.32708E+03   0.29920E+02   0.25891E+02   0.37146E+00  -0.17623E+00
   0.32743E+03   0.29920E+02   0.25891E+02   0.37149E+00  -0.17624E+00
   0.32778E+03   0.29920E+02   0.25891E+02   0.37153E+00  -0.17624E+00
   0.32813E+03   0.29920E+02   0.25892E+02   0.37156E+00  -0.17624E+00
   0.32848E+03   0.29920E+02   0.25892E+02   0.37158E+00  -0.17622E+00
   0.32883E+03   0.29920E+02   0.25893E+02   0.37160E+00  -0.17621E+00
   0.32918E+03   0.29920E+02   0.25893E+02   0.37162E+00  -0.17618E+00
   0.32953E+03   0.29920E+02   0.25894E+02   0.37163E+00  -0.17615E+00
   0.32988E+03   0.29920E+02   0.25894E+02   0.37164E+00  -0.17611E+00
   0.33023E+03   0.29920E+02   0.25895E+02   0.37164E+00  -0.17608E+00
   0.33058E+03   0.29920E+02   0.25895E+02   0.37163E+00  -0.17604E+00
   0.33093E+03   0.29920E+02   0.25896E+02   0.37162E+00  -0.17599E+00
   0.33128E+03   0.29920E+02   0.25896E+02   0.37161E+00  -0.17595E+00
   0.33163E+03   0.29920E+02   0.25896E+02   0.37158E+00  -0.17591E+00
   0.33198E+03   0.29920E+02   0.25896E+02   0.37156E+00  -0.17587E+00
   0.33233E+03   0.29920E+02   0.25896E+02   0.37153E+00  -0.17584E+00
   0.33268E+03   0.29920E+02   0.25896E+02   0.37150E+00  -0.17580E+00
   0.33303E+03   0.29920E+02   0.25896E+02   0.37147E+00  -0.17578E+00
   0.33338E+03   0.29920E+02   0.25896E+02   0.37144E+00  -0.17576E+00
   0.33373E+03   0.29920E+02   0.25896E+02   0.37141E+00  -0.17574E+00
   0.33408E+03   0.29920E+02   0.25896E+02   0.37138E+00  -0.17573E+00
   0.33443E+03   0.29920E+02   0.25895E+02   0.37135E+00  -0.17573E+00
   0.33478E+03   0.29920E+02   0.25895E+02   0.37132E+00  -0.17573E+00
   0.33513E+03   0.29920E+02   0.25895E+02   0.37130E+00  -0.17574E+00
   0.33548E+03   0.29920E+02   0.25894E+02   0.37128E+00  -0.17576E+00
   0.33583E+03   0.29920E+02   0.25894E+02   0.37126E+00  -0.17578E+00
   0.33618E+03   0.29920E+02   0.25893E+02   0.37125E+00  -0.17580E+00
   0.33653E+03   0.29920E+02   0.25893E+02   0.37124E+00  -0.17583E+00
   0.33688E+03   0.29920E+02   0.25892E+02   0.37124E+00  -0.17587E+00
   0.33723E+03   0.29920E+02   0.25892E+02   0.37125E+00  -0.17590E+00
   0.33758E+03   0.29920E+02   0.25892E+02   0.37125E+00  -0.17594E+00
   0.33793E+03   0.29920E+02   0.25891E+02   0.37127E+00  -0.17598E+00
   0.33828E+03   0.29920E+02   0.25891E+02   0.37128E+00  -0.17601E+00
   0.33863E+03   0.29920E+02   0.25891E+02   0.37130E+00  -0.17605E+00
   0.33898E+03   0.29920E+02   0.25891E+02   0.37133E+00  -0.17608E+00
   0.33933E+03   0.29920E+02   0.25891E+02   0.37135E+00  -0.17611E+00
   0.33968E+03   0.29920E+02   0.25891E+02   0.37138E+00  -0.17613E+00
   0.34003E+03   0.29920E+02   0.25891E+02   0.37141E+00  -0.17615E+00
   0.34038E+03   0.29920E+02   0.25891E+02   0.37144E+00  -0.17617E+00
   0.34073E+03   0.29920E+02   0.25891E+02   0.37146E+00  -0.17618E+00
   0.34108E+03   0.29920E+02   0.25892E+02   0.37149E+00  -0.17618E+00
   0.34143E+03   0.29920E+02   0.25892E+02   0.37152E+00  -0.17618E+00
   0.34178E+03   0.29920E+02   0.25892E+02   0.37154E+00  -0.17617E+00
   0.34213E+03   0.29920E+02   0.25893E+02   0.37156E+00  -0.17616E+00
   0.34248E+03   0.29920E+02   0.25893E+02   0.37157E+00  -0.17614E+00
   0.34283E+03   0.29920E+02   0.25894E+02   0.37158E+00  -0.17612E+00
   0.34318E+03   0.29920E+02   0.25894E+02   0.37159E+00  -0.17610E+00
   0.34353E+03   0.29920E+02   0.25894E+02   0.37159E+00  -0.17607E+00
   0.34388E+03   0.29920E+02   0.25895E+02   0.37159E+00  -0.17604E+00
   0.34423E+03   0.29920E+02   0.25895E+02   0.37158E+00  -0.17601E+00
   0.34458E+03   0.29920E+02   0.25895E+02   0.37157E+00  -0.17597E+00
   0.34493E+03   0.29920E+02   0.25896E+02   0.37156E+00  -0.17594E+00
   0.34528E+03   0.29920E+02   0.25896E+02   0.37154E+00  -0.17591E+00
   0.34563E+03   0.29920E+02   0.25896E+02   0.37152E+00  -0.17588E+00
   0.34598E+03   0.29920E+02   0.25896E+02   0.37150E+00  -0.17585E+00
   0.34633E+03   0.29920E+02   0.25896E+02   0.37147E+00  -0.17583E+00
   0.34668E+03   0.29920E+02   0.25896E+02   0.37145E+00  -0.17581E+00
   0.34703E+03   0.29920E+02   0.25896E+02   0.37142E+00  -0.17580E+00
   0.34738E+03   0.29920E+02   0.25895E+02   0.37140E+00  -0.17579E+00
   0.34773E+03   0.29920E+02   0.25895E+02   0.37138E+00  -0.17578E+00
   0.34808E+03   0.29920E+02   0.25895E+02   0.37135E+00  -0.17578E+00
   0.34843E+03   0.29920E+02   0.25894E+02   0.37133E+00  -0.17579E+00
   0.34878E+03   0.29920E+02   0.25894E+02   0.37132E+00  -0.17580E+00
   0.34913E+03   0.29920E+02   0.25894E+02   0.37130E+00  -0.17581E+00
   0.34948E+03   0.29920E+02   0.25893E+02   0.37129E+00  -0.17583E+00
   0.34983E+03   0.29920E+02   0.25893E+02   0.37129E+00  -0.17585E+00
   0.35018E+03   0.29920E+02   0.25893E+02   0.37128E+00  -0.17588E+00
   0.35053E+03   0.29920E+02   0.25892E+02   0.37128E+00  -0.17590E+00
   0.35088E+03   0.29920E+02   0.25892E+02   0.37129E+00  -0.17593E+00
   0.35123E+03   0.29920E+02   0.25892E+02   0.37130E+00  -0.17596E+00
   0.35158E+03   0.29920E+02   0.25892E+02   0.37131E+00  -0.17599E+00
   0.35193E+03   0.29920E+02   0.25892E+02   0.37132E+00  -0.17601E+00
   0.35228E+03   0.29920E+02   0.25891E+02   0.37134E+00  -0.17604E+00
   0.35263E+03   0.29920E+02   0.25891E+02   0.37136E+00  -0.17607E+00
   0.35298E+03   0.29920E+02   0.25891E+02   0.37138E+00  -0.17609E+00
   0.35333E+03   0.29920E+02   0.25892E+02   0.37140E+00  -0.17610E+00
   0.35368E+03   0.29920E+02   0.25892E+02   0.37142E+00  -0.17612E+00
   0.35403E+03   0.29920E+02   0.25892E+02   0.37145E+00  -0.17613E+00
   0.35438E+03   0.29920E+02   0.25892E+02   0.37147E+00  -0.17613E+00
   0.35473E+03   0.29920E+02   0.25892E+02   0.37149E+00  -0.17613E+00
   0.35508E+03   0.29920E+02   0.25893E+02   0.37150E+00  -0.17613E+00
   0.35543E+03   0.29920E+02   0.25893E+02   0.37152E+00  -0.17612E+00
   0.35578E+03   0.29920E+02   0.25893E+02   0.37153E+00  -0.17611E+00
   0.35613E+03   0.29920E+02   0.25893E+02   0.37154E+00  -0.17610E+00
   0.35648E+03   0.29920E+02   0.25894E+02   0.37155E+00  -0.17608E+00
   0.35683E+03   0.29920E+02   0.25894E+02   0.37155E+00  -0.17606E+00
   0.35718E+03   0.29920E+02   0.25894E+02   0.37155E+00  -0.17604E+00
   0.35753E+03   0.29920E+02   0.25895E+02   0.37155E+00  -0.17601E+00
   0.35788E+03   0.29920E+02   0.25895E+02   0.37154E+00  -0.17599E+00
   0.35823E+03   0.29920E+02   0.25895E+02   0.37154E+00  -0.17596E+00
   0.35858E+03   0.29920E+02   0.25895E+02   0.37152E+00  -0.17594E+00
   0.35893E+03   0.29920E+02   0.25895E+02   0.37151E+00  -0.17591E+00
   0.35928E+03   0.29920E+02   0.25895E+02   0.37149E+00  -0.17589E+00
   0.35963E+03   0.29920E+02   0.25895E+02   0.37147E+00  -0.17587E+00
   0.35998E+03   0.29920E+02   0.25895E+02   0.37146E+00  -0.17585E+00
   0.36033E+03   0.29920E+02   0.25895E+02   0.37144E+00  -0.17584E+00
   0.36068E+03   0.29920E+02   0.25895E+02   0.37142E+00  -0.17583E+00
   0.36103E+03   0.29920E+02   0.25895E+02   0.37140E+00  -0.17583E+00
   0.36138E+03   0.29920E+02   0.25895E+02   0.37138E+00  -0.17582E+00
   0.36173E+03   0.29920E+02   0.25894E+02   0.37136E+00  -0.17583E+00
   0.36208E+03   0.29920E+02   0.25894E+02   0.37135E+00  -0.17583E+00
   0.36243E+03   0.29920E+02   0.25894E+02   0.37134E+00  -0.17584E+00
   0.36278E+03   0.29920E+02   0.25894E+02   0.37133E+00  -0.17585E+00
   0.36313E+03   0.29920E+02   0.25893E+02   0.37132E+00  -0.17587E+00
   0.36348E+03   0.29920E+02   0.25893E+02   0.37132E+00  -0.17589E+00
   0.36383E+03   0.29920E+02   0.25893E+02   0.37132E+00  -0.17591E+00
   0.36418E+03   0.29920E+02   0.25893E+02   0.37132E+00  -0.17593E+00
   0.36453E+03   0.29920E+02   0.25892E+02   0.37132E+00  -0.17595E+00
   0.36488E+03   0.29920E+02   0.25892E+02   0.37133E+00  -0.17597E+00
   0.36523E+03   0.29920E+02   0.25892E+02   0.37134E+00  -0.17599E+00
   0.36558E+03   0.29920E+02   0.25892E+02   0.37135E+00  -0.17601E+00
   0.36593E+03   0.29920E+02   0.25892E+02   0.37137E+00  -0.17603E+00
   0.36628E+03   0.29920E+02   0.25892E+02   0.37138E+00  -0.17605E+00
   0.36663E+03   0.29920E+02   0.25892E+02   0.37140E+00  -0.17607E+00
   0.36698E+03   0.29920E+02   0.25892E+02   0.37141E+00  -0.17608E+00
   0.36733E+03   0.29920E+02   0.25892E+02   0.37143E+00  -0.17609E+00
   0.36768E+03   0.29920E+02   0.25892E+02   0.37145E+00  -0.17609E+00
   0.36803E+03   0.29920E+02   0.25892E+02   0.37146E+00  -0.17610E+00
   0.36838E+03   0.29920E+02   0.25893E+02   0.37148E+00  -0.17610E+00
   0.36873E+03   0.29920E+02   0.25893E+02   0.37149E+00  -0.17609E+00
   0.36908E+03   0.29920E+02   0.25893E+02   0.37150E+00  -0.17609E+00
   0.36943E+03   0.29920E+02   0.25893E+02   0.37151E+00  -0.17608E+00
   0.36978E+03   0.29920E+02   0.25894E+02   0.37152E+00  -0.17606E+00
   0.37013E+03   0.29920E+02   0.25894E+02   0.37152E+00  -0.17605E+00
   0.37048E+03   0.29920E+02   0.25894E+02   0.37153E+00  -0.17603E+00
   0.37083E+03   0.29920E+02   0.25894E+02   0.37152E+00  -0.17601E+00
   0.37118E+03   0.29920E+02   0.25894E+02   0.37152E+00  -0.17599E+00
   0.37153E+03   0.29920E+02   0.25895E+02   0.37152E+00  -0.17597E+00
   0.37188E+03   0.29920E+02   0.25895E+02   0.37151E+00  -0.17595E+00
   0.37223E+03   0.29920E+02   0.25895E+02   0.37150E+00  -0.17593E+00
   0.37258E+03   0.29920E+02   0.25895E+02   0.37148E+00  -0.17592E+00
   0.37293E+03   0.29920E+02   0.25895E+02   0.37147E+00  -0.17590E+00
   0.37328E+03   0.29920E+02   0.25895E+02   0.37146E+00  -0.17589E+00
   0.37363E+03   0.29920E+02   0.25895E+02   0.37144E+00  -0.17588E+00
   0.37398E+03   0.29920E+02   0.25895E+02   0.37143E+00  -0.17587E+00
   0.37433E+03   0.29920E+02   0.25895E+02   0.37141E+00  -0.17586E+00
   0.37468E+03   0.29920E+02   0.25894E+02   0.37140E+00  -0.17586E+00
   0.37503E+03   0.29920E+02   0.25894E+02   0.37138E+00  -0.17586E+00
   0.37538E+03   0.29920E+02   0.25894E+02   0.37137E+00  -0.17586E+00
   0.37573E+03   0.29920E+02   0.25894E+02   0.37136E+00  -0.17587E+00
   0.37608E+03   0.29920E+02   0.25894E+02   0.37135E+00  -0.17587E+00
   0.37643E+03   0.29920E+02   0.25893E+02   0.37135E+00  -0.17588E+00
   0.37678E+03   0.29920E+02   0.25893E+02   0.37134E+00  -0.17590E+00
   0.37713E+03   0.29920E+02   0.25893E+02   0.37134E+00  -0.17591E+00
   0.37748E+03   0.29920E+02   0.25893E+02   0.37134E+00  -0.17593E+00
   0.37783E+03   0.29920E+02   0.25893E+02   0.37134E+00  -0.17594E+00
   0.37818E+03   0.29920E+02   0.25893E+02   0.37135E+00  -0.17596E+00
   0.37853E+03   0.29920E+02   0.25892E+02   0.37135E+00  -0.17598E+00
   0.37888E+03   0.29920E+02   0.25892E+02   0.37136E+00  -0.17600E+00
   0.37923E+03   0.29920E+02   0.25892E+02   0.37137E+00  -0.17601E+00
   0.37958E+03   0.29920E+02   0.25892E+02   0.37138E+00  -0.17603E+00
   0.37993E+03   0.29920E+02   0.25892E+02   0.37140E+00  -0.17604E+00
   0.38028E+03   0.29920E+02   0.25892E+02   0.37141E+00  -0.17605E+00
   0.38063E+03   0.29920E+02   0.25892E+02   0.37142E+00  -0.17606E+00
   0.38098E+03   0.29920E+02   0.25892E+02   0.37144E+00  -0.17606E+00
   0.38133E+03   0.29920E+02   0.25893E+02   0.37145E+00  -0.17607E+00
   0.38168E+03   0.29920E+02   0.25893E+02   0.37146E+00  -0.17607E+00
   0.38203E+03   0.29920E+02   0.25893E+02   0.37147E+00  -0.17607E+00
   0.38238E+03   0.29920E+02   0.25893E+02   0.37148E+00  -0.17606E+00
   0.38273E+03   0.29920E+02   0.25893E+02   0.37149E+00  -0.17606E+00
   0.38308E+03   0.29920E+02   0.25893E+02   0.37150E+00  -0.17605E+00
   0.38343E+03   0.29920E+02   0.25894E+02   0.37150E+00  -0.17604E+00
   0.38378E+03   0.29920E+02   0.25894E+02   0.37150E+00  -0.17602E+00
   0.38413E+03   0.29920E+02   0.25894E+02   0.37150E+00  -0.17601E+00
   0.38448E+03   0.29920E+02   0.25894E+02   0.37150E+00  -0.17600E+00
   0.38483E+03   0.29920E+02   0.25894E+02   0.37150E+00  -0.17598E+00
   0.38518E+03   0.29920E+02   0.25894E+02   0.37149E+00  -0.17597E+00
   0.38553E+03   0.29920E+02   0.25894E+02   0.37149E+00  -0.17595E+00
   0.38588E+03   0.29920E+02   0.25895E+02   0.37148E+00  -0.17594E+00
   0.38623E+03   0.29920E+02   0.25895E+02   0.37147E+00  -0.17592E+00
   0.38658E+03   0.29920E+02   0.25895E+02   0.37146E+00  -0.17591E+00
   0.38693E+03   0.29920E+02   0.25895E+02   0.37145E+00  -0.17590E+00
   0.38728E+03   0.29920E+02   0.25894E+02   0.37143E+00  -0.17589E+00
   0.38763E+03   0.29920E+02   0.25894E+02   0.37142E+00  -0.17589E+00
   0.38798E+03   0.29920E+02   0.25894E+02   0.37141E+00  -0.17588E+00
   0.38833E+03   0.29920E+02   0.25894E+02   0.37140E+00  -0.17588E+00
   0.38868E+03   0.29920E+02   0.25894E+02   0.37139E+00  -0.17588E+00
   0.38903E+03   0.29920E+02   0.25894E+02   0.37138E+00  -0.17589E+00
   0.38938E+03   0.29920E+02   0.25894E+02   0.37137E+00  -0.17589E+00
   0.38973E+03   0.29920E+02   0.25894E+02   0.37137E+00  -0.17590E+00
   0.39008E+03   0.29920E+02   0.25893E+02   0.37136E+00  -0.17591E+00
   0.39043E+03   0.29920E+02   0.25893E+02   0.37136E+00  -0.17592E+00
   0.39078E+03   0.29920E+02   0.25893E+02   0.37136E+00  -0.17593E+00
   0.39113E+03   0.29920E+02   0.25893E+02   0.37136E+00  -0.17594E+00
   0.39148E+03   0.29920E+02   0.25893E+02   0.37136E+00  -0.17596E+00
   0.39183E+03   0.29920E+02   0.25893E+02   0.37137E+00  -0.17597E+00
   0.39218E+03   0.29920E+02   0.25893E+02   0.37137E+00  -0.17598E+00
   0.39253E+03   0.29920E+02   0.25893E+02   0.37138E+00  -0.17600E+00
   0.39288E+03   0.29920E+02   0.25893E+02   0.37139E+00  -0.17601E+00
   0.39323E+03   0.29920E+02   0.25893E+02   0.37140E+00  -0.17602E+00
   0.39358E+03   0.29920E+02   0.25893E+02   0.37141E+00  -0.17603E+00
   0.39393E+03   0.29920E+02   0.25893E+02   0.37142E+00  -0.17604E+00
   0.39428E+03   0.29920E+02   0.25893E+02   0.37143E+00  -0.17604E+00
   0.39463E+03   0.29920E+02   0.25893E+02   0.37144E+00  -0.17604E+00
   0.39498E+03   0.29920E+02   0.25893E+02   0.37145E+00  -0.17605E+00
   0.39533E+03   0.29920E+02   0.25893E+02   0.37146E+00  -0.17605E+00
   0.39568E+03   0.29920E+02   0.25893E+02   0.37147E+00  -0.17604E+00
   0.39603E+03   0.29920E+02   0.25893E+02   0.37147E+00  -0.17604E+00
   0.39638E+03   0.29920E+02   0.25893E+02   0.37148E+00  -0.17603E+00
   0.39673E+03   0.29920E+02   0.25894E+02   0.37148E+00  -0.17603E+00
   0.39708E+03   0.29920E+02   0.25894E+02   0.37149E+00  -0.17602E+00
   0.39743E+03   0.29920E+02   0.25894E+02   0.37149E+00  -0.17601E+00
   0.39778E+03   0.29920E+02   0.25894E+02   0.37149E+00  -0.17600E+00
   0.39813E+03   0.29920E+02   0.25894E+02   0.37148E+00  -0.17598E+00
   0.39848E+03   0.29920E+02   0.25894E+02   0.37148E+00  -0.17597E+00
   0.39883E+03   0.29920E+02   0.25894E+02   0.37148E+00  -0.17596E+00
   0.39918E+03   0.29920E+02   0.25894E+02   0.37147E+00  -0.17595E+00
   0.39953E+03   0.29920E+02   0.25894E+02   0.37146E+00  -0.17594E+00
   0.39988E+03   0.29920E+02   0.25894E+02   0.37145E+00  -0.17593E+00
   0.40023E+03   0.29920E+02   0.25894E+02   0.37145E+00  -0.17592E+00
   0.40058E+03   0.29920E+02   0.25894E+02   0.37144E+00  -0.17591E+00
   0.40093E+03   0.29920E+02   0.25894E+02   0.37143E+00  -0.17591E+00
   0.40128E+03   0.29920E+02   0.25894E+02   0.37142E+00  -0.17590E+00
   0.40163E+03   0.29920E+02   0.25894E+02   0.37141E+00  -0.17590E+00
   0.40198E+03   0.29920E+02   0.25894E+02   0.37140E+00  -0.17590E+00
   0.40233E+03   0.29920E+02   0.25894E+02   0.37139E+00  -0.17590E+00
   0.40268E+03   0.29920E+02   0.25894E+02   0.37139E+00  -0.17591E+00
   0.40303E+03   0.29920E+02   0.25894E+02   0.37138E+00  -0.17591E+00
   0.40338E+03   0.29920E+02   0.25893E+02   0.37138E+00  -0.17592E+00
   0.40373E+03   0.29920E+02   0.25893E+02   0.37138E+00  -0.17593E+00
   0.40408E+03   0.29920E+02   0.25893E+02   0.37137E+00  -0.17593E+00
   0.40443E+03   0.29920E+02   0.25893E+02   0.37137E+00  -0.17594E+00
   0.40478E+03   0.29920E+02   0.25893E+02   0.37138E+00  -0.17595E+00
   0.40513E+03   0.29920E+02   0.25893E+02   0.37138E+00  -0.17596E+00
   0.40548E+03   0.29920E+02   0.25893E+02   0.37138E+00  -0.17597E+00
   0.40583E+03   0.29920E+02   0.25893E+02   0.37139E+00  -0.17598E+00
   0.40618E+03   0.29920E+02   0.25893E+02   0.37139E+00  -0.17599E+00
   0.40653E+03   0.29920E+02   0.25893E+02   0.37140E+00  -0.17600E+00
   0.40688E+03   0.29920E+02   0.25893E+02   0.37141E+00  -0.17601E+00
   0.40723E+03   0.29920E+02   0.25893E+02   0.37142E+00  -0.17602E+00
   0.40758E+03   0.29920E+02   0.25893E+02   0.37142E+00  -0.17602E+00
   0.40793E+03   0.29920E+02   0.25893E+02   0.37143E+00  -0.17603E+00
   0.40828E+03   0.29920E+02   0.25893E+02   0.37144E+00  -0.17603E+00
   0.40863E+03   0.29920E+02   0.25893E+02   0.37145E+00  -0.17603E+00
   0.40898E+03   0.29920E+02   0.25893E+02   0.37145E+00  -0.17603E+00
   0.40933E+03   0.29920E+02   0.25893E+02   0.37146E+00  -0.17603E+00
   0.40968E+03   0.29920E+02   0.25893E+02   0.37146E+00  -0.17602E+00
   0.41003E+03   0.29920E+02   0.25893E+02   0.37147E+00  -0.17602E+00
   0.41038E+03   0.29920E+02   0.25894E+02   0.37147E+00  -0.17601E+00
   0.41073E+03   0.29920E+02   0.25894E+02   0.37147E+00  -0.17600E+00
   0.41108E+03   0.29920E+02   0.25894E+02   0.37147E+00  -0.17600E+00
   0.41143E+03   0.29920E+02   0.25894E+02   0.37147E+00  -0.17599E+00
   0.41178E+03   0.29920E+02   0.25894E+02   0.37147E+00  -0.17598E+00
   0.41213E+03   0.29920E+02   0.25894E+02   0.37147E+00  -0.17597E+00
   0.41248E+03   0.29920E+02   0.25894E+02   0.37146E+00  -0.17596E+00
   0.41283E+03   0.29920E+02   0.25894E+02   0.37146E+00  -0.17595E+00
   0.41318E+03   0.29920E+02   0.25894E+02   0.37145E+00  -0.17594E+00
   0.41353E+03   0.29920E+02   0.25894E+02   0.37145E+00  -0.17594E+00
   0.41388E+03   0.29920E+02   0.25894E+02   0.37144E+00  -0.17593E+00
   0.41423E+03   0.29920E+02   0.25894E+02   0.37143E+00  -0.17592E+00
   0.41458E+03   0.29920E+02   0.25894E+02   0.37142E+00  -0.17592E+00
   0.41493E+03   0.29920E+02   0.25894E+02   0.37142E+00  -0.17592E+00
   0.41528E+03   0.29920E+02   0.25894E+02   0.37141E+00  -0.17592E+00
   0.41563E+03   0.29920E+02   0.25894E+02   0.37141E+00  -0.17592E+00
   0.41598E+03   0.29920E+02   0.25894E+02   0.37140E+00  -0.17592E+00
   0.41633E+03   0.29920E+02   0.25894E+02   0.37140E+00  -0.17592E+00
   0.41668E+03   0.29920E+02   0.25894E+02   0.37139E+00  -0.17593E+00
   0.41703E+03   0.29920E+02   0.25893E+02   0.37139E+00  -0.17593E+00
   0.41738E+03   0.29920E+02   0.25893E+02   0.37139E+00  -0.17594E+00
   0.41773E+03   0.29920E+02   0.25893E+02   0.37139E+00  -0.17595E+00
   0.41808E+03   0.29920E+02   0.25893E+02   0.37139E+00  -0.17595E+00
   0.41843E+03   0.29920E+02   0.25893E+02   0.37139E+00  -0.17596E+00
   0.41878E+03   0.29920E+02   0.25893E+02   0.37139E+00  -0.17597E+00
   0.41913E+03   0.29920E+02   0.25893E+02   0.37139E+00  -0.17598E+00
   0.41948E+03   0.29920E+02   0.25893E+02   0.37140E+00  -0.17598E+00
   0.41983E+03   0.29920E+02   0.25893E+02   0.37140E+00  -0.17599E+00
