       time        TW        TE         hW        hE
   0.17500E+00   0.29372E+02   0.29233E+02   0.37900E-02  -0.29556E-01
   0.52500E+00   0.28583E+02   0.27540E+02   0.29800E-01  -0.10274E+00
   0.87500E+00   0.28457E+02   0.25836E+02   0.67899E-01  -0.19087E+00
   0.12250E+01   0.28626E+02   0.24254E+02   0.11264E+00  -0.28829E+00
   0.15750E+01   0.28933E+02   0.23036E+02   0.17079E+00  -0.38415E+00
   0.19250E+01   0.29257E+02   0.22521E+02   0.23903E+00  -0.45864E+00
   0.22750E+01   0.29527E+02   0.22451E+02   0.31488E+00  -0.52983E+00
   0.26250E+01   0.29721E+02   0.22337E+02   0.39511E+00  -0.61210E+00
   0.29750E+01   0.29843E+02   0.22245E+02   0.47883E+00  -0.68010E+00
   0.33250E+01   0.29915E+02   0.22879E+02   0.55934E+00  -0.70651E+00
   0.36750E+01   0.29954E+02   0.24071E+02   0.63845E+00  -0.70203E+00
   0.40250E+01   0.29975E+02   0.25194E+02   0.70626E+00  -0.67584E+00
   0.43750E+01   0.29985E+02   0.26102E+02   0.76109E+00  -0.61943E+00
   0.47250E+01   0.29990E+02   0.26821E+02   0.80296E+00  -0.54576E+00
   0.50750E+01   0.29994E+02   0.27408E+02   0.82791E+00  -0.45808E+00
   0.54250E+01   0.29998E+02   0.27893E+02   0.82472E+00  -0.36627E+00
   0.57750E+01   0.30000E+02   0.28314E+02   0.78920E+00  -0.29157E+00
   0.61250E+01   0.30000E+02   0.28667E+02   0.73409E+00  -0.21632E+00
   0.64750E+01   0.29999E+02   0.28952E+02   0.66821E+00  -0.13827E+00
   0.68250E+01   0.29996E+02   0.29106E+02   0.60317E+00  -0.78783E-01
   0.71750E+01   0.29992E+02   0.29105E+02   0.54682E+00  -0.32639E-01
   0.75250E+01   0.29987E+02   0.29074E+02   0.50059E+00   0.28392E-02
   0.78750E+01   0.29979E+02   0.28980E+02   0.45762E+00   0.24360E-01
   0.82250E+01   0.29967E+02   0.28825E+02   0.41607E+00   0.34369E-01
   0.85750E+01   0.29954E+02   0.28707E+02   0.38495E+00   0.36769E-01
   0.89250E+01   0.29940E+02   0.28597E+02   0.36462E+00   0.38214E-01
   0.92750E+01   0.29926E+02   0.28471E+02   0.34393E+00   0.31535E-01
   0.96250E+01   0.29908E+02   0.28321E+02   0.32644E+00   0.16705E-01
   0.99750E+01   0.29894E+02   0.28199E+02   0.32466E+00   0.86961E-02
   0.10325E+02   0.29886E+02   0.28139E+02   0.32515E+00   0.51193E-02
   0.10675E+02   0.29875E+02   0.28041E+02   0.31681E+00  -0.73089E-02
   0.11025E+02   0.29865E+02   0.27751E+02   0.30869E+00  -0.29717E-01
   0.11375E+02   0.29854E+02   0.27398E+02   0.29920E+00  -0.48448E-01
   0.11725E+02   0.29840E+02   0.27240E+02   0.28985E+00  -0.55904E-01
   0.12075E+02   0.29828E+02   0.27145E+02   0.28251E+00  -0.65493E-01
   0.12425E+02   0.29814E+02   0.26964E+02   0.27482E+00  -0.81086E-01
   0.12775E+02   0.29802E+02   0.26670E+02   0.26914E+00  -0.98076E-01
   0.13125E+02   0.29795E+02   0.26262E+02   0.26525E+00  -0.11925E+00
   0.13475E+02   0.29785E+02   0.25771E+02   0.26496E+00  -0.14330E+00
   0.13825E+02   0.29780E+02   0.25598E+02   0.26877E+00  -0.15884E+00
   0.14175E+02   0.29784E+02   0.25586E+02   0.27640E+00  -0.16970E+00
   0.14525E+02   0.29791E+02   0.25410E+02   0.28412E+00  -0.18743E+00
   0.14875E+02   0.29801E+02   0.25053E+02   0.29005E+00  -0.21264E+00
   0.15225E+02   0.29816E+02   0.24460E+02   0.30381E+00  -0.24446E+00
   0.15575E+02   0.29837E+02   0.24305E+02   0.32761E+00  -0.26713E+00
   0.15925E+02   0.29862E+02   0.24333E+02   0.34822E+00  -0.28723E+00
   0.16275E+02   0.29883E+02   0.24230E+02   0.36262E+00  -0.31135E+00
   0.16625E+02   0.29901E+02   0.24335E+02   0.38170E+00  -0.32512E+00
   0.16975E+02   0.29918E+02   0.24427E+02   0.40614E+00  -0.33940E+00
   0.17325E+02   0.29933E+02   0.24640E+02   0.43193E+00  -0.34939E+00
   0.17675E+02   0.29947E+02   0.25208E+02   0.45840E+00  -0.34996E+00
   0.18025E+02   0.29959E+02   0.25662E+02   0.48510E+00  -0.34976E+00
   0.18375E+02   0.29967E+02   0.25527E+02   0.50148E+00  -0.34605E+00
   0.18725E+02   0.29973E+02   0.25785E+02   0.50715E+00  -0.33409E+00
   0.19075E+02   0.29976E+02   0.26373E+02   0.51607E+00  -0.30805E+00
   0.19425E+02   0.29979E+02   0.26841E+02   0.52609E+00  -0.27680E+00
   0.19775E+02   0.29981E+02   0.27316E+02   0.53073E+00  -0.25327E+00
   0.20125E+02   0.29982E+02   0.27637E+02   0.52152E+00  -0.22893E+00
   0.20475E+02   0.29982E+02   0.28064E+02   0.50788E+00  -0.18834E+00
   0.20825E+02   0.29980E+02   0.28153E+02   0.49689E+00  -0.15117E+00
   0.21175E+02   0.29978E+02   0.27798E+02   0.47969E+00  -0.13397E+00
   0.21525E+02   0.29974E+02   0.27558E+02   0.45812E+00  -0.11691E+00
   0.21875E+02   0.29968E+02   0.27578E+02   0.43571E+00  -0.94619E-01
   0.22225E+02   0.29960E+02   0.27564E+02   0.41345E+00  -0.75209E-01
   0.22575E+02   0.29951E+02   0.27452E+02   0.39507E+00  -0.66958E-01
   0.22925E+02   0.29941E+02   0.27370E+02   0.37807E+00  -0.64804E-01
   0.23275E+02   0.29931E+02   0.27284E+02   0.36243E+00  -0.61095E-01
   0.23625E+02   0.29923E+02   0.27125E+02   0.34722E+00  -0.62276E-01
   0.23975E+02   0.29910E+02   0.26987E+02   0.33524E+00  -0.66971E-01
   0.24325E+02   0.29897E+02   0.26941E+02   0.33328E+00  -0.67465E-01
   0.24675E+02   0.29890E+02   0.26831E+02   0.32670E+00  -0.72010E-01
   0.25025E+02   0.29882E+02   0.26582E+02   0.31534E+00  -0.91592E-01
   0.25375E+02   0.29875E+02   0.26474E+02   0.30883E+00  -0.98561E-01
   0.25725E+02   0.29868E+02   0.26528E+02   0.31055E+00  -0.90949E-01
   0.26075E+02   0.29862E+02   0.26401E+02   0.31321E+00  -0.10138E+00
   0.26425E+02   0.29857E+02   0.25991E+02   0.30837E+00  -0.12972E+00
   0.26775E+02   0.29853E+02   0.25527E+02   0.30351E+00  -0.15388E+00
   0.27125E+02   0.29849E+02   0.25162E+02   0.30454E+00  -0.16608E+00
   0.27475E+02   0.29851E+02   0.24943E+02   0.30857E+00  -0.17929E+00
   0.27825E+02   0.29854E+02   0.24887E+02   0.30915E+00  -0.19409E+00
   0.28175E+02   0.29857E+02   0.24951E+02   0.31654E+00  -0.20348E+00
   0.28525E+02   0.29867E+02   0.24940E+02   0.32820E+00  -0.21571E+00
   0.28875E+02   0.29876E+02   0.24632E+02   0.33816E+00  -0.23713E+00
   0.29225E+02   0.29886E+02   0.24267E+02   0.35383E+00  -0.26218E+00
   0.29575E+02   0.29898E+02   0.24010E+02   0.36841E+00  -0.28426E+00
   0.29925E+02   0.29910E+02   0.24294E+02   0.37885E+00  -0.29043E+00
   0.30275E+02   0.29919E+02   0.24747E+02   0.38836E+00  -0.29325E+00
   0.30625E+02   0.29927E+02   0.24984E+02   0.40363E+00  -0.30254E+00
   0.30975E+02   0.29936E+02   0.25351E+02   0.43111E+00  -0.29996E+00
   0.31325E+02   0.29948E+02   0.25240E+02   0.45038E+00  -0.30911E+00
   0.31675E+02   0.29956E+02   0.25150E+02   0.45909E+00  -0.32092E+00
   0.32025E+02   0.29962E+02   0.25565E+02   0.47208E+00  -0.30596E+00
   0.32375E+02   0.29967E+02   0.25988E+02   0.48189E+00  -0.28662E+00
   0.32725E+02   0.29970E+02   0.26068E+02   0.48465E+00  -0.27564E+00
   0.33075E+02   0.29972E+02   0.26041E+02   0.48247E+00  -0.26892E+00
   0.33425E+02   0.29973E+02   0.26076E+02   0.48767E+00  -0.25657E+00
   0.33775E+02   0.29974E+02   0.26287E+02   0.49320E+00  -0.23535E+00
   0.34125E+02   0.29975E+02   0.26545E+02   0.49290E+00  -0.21902E+00
   0.34475E+02   0.29974E+02   0.26664E+02   0.48134E+00  -0.20276E+00
   0.34825E+02   0.29972E+02   0.27039E+02   0.46744E+00  -0.17183E+00
   0.35175E+02   0.29969E+02   0.27267E+02   0.45952E+00  -0.14431E+00
   0.35525E+02   0.29966E+02   0.27090E+02   0.44824E+00  -0.13530E+00
   0.35875E+02   0.29963E+02   0.27037E+02   0.43856E+00  -0.12158E+00
   0.36225E+02   0.29960E+02   0.27005E+02   0.42318E+00  -0.10736E+00
   0.36575E+02   0.29953E+02   0.26948E+02   0.40002E+00  -0.91898E-01
   0.36925E+02   0.29941E+02   0.27121E+02   0.37952E+00  -0.69237E-01
   0.37275E+02   0.29930E+02   0.27226E+02   0.36688E+00  -0.64742E-01
   0.37625E+02   0.29921E+02   0.27205E+02   0.35693E+00  -0.67466E-01
   0.37975E+02   0.29913E+02   0.27147E+02   0.34847E+00  -0.71336E-01
   0.38325E+02   0.29903E+02   0.26954E+02   0.33621E+00  -0.83657E-01
   0.38675E+02   0.29890E+02   0.26733E+02   0.32804E+00  -0.84909E-01
   0.39025E+02   0.29883E+02   0.26569E+02   0.32419E+00  -0.89652E-01
   0.39375E+02   0.29875E+02   0.26449E+02   0.31300E+00  -0.10268E+00
   0.39725E+02   0.29867E+02   0.26432E+02   0.30645E+00  -0.10365E+00
   0.40075E+02   0.29864E+02   0.26337E+02   0.31047E+00  -0.11078E+00
   0.40425E+02   0.29860E+02   0.26213E+02   0.31641E+00  -0.12380E+00
   0.40775E+02   0.29858E+02   0.26235E+02   0.31816E+00  -0.12652E+00
   0.41125E+02   0.29860E+02   0.26254E+02   0.31337E+00  -0.13148E+00
   0.41475E+02   0.29860E+02   0.26201E+02   0.31076E+00  -0.13888E+00
   0.41825E+02   0.29859E+02   0.26268E+02   0.31247E+00  -0.13502E+00
   0.42175E+02   0.29857E+02   0.26048E+02   0.31299E+00  -0.14654E+00
   0.42525E+02   0.29857E+02   0.25828E+02   0.31658E+00  -0.16362E+00
   0.42875E+02   0.29861E+02   0.25703E+02   0.31714E+00  -0.17121E+00
   0.43225E+02   0.29863E+02   0.25419E+02   0.31779E+00  -0.18585E+00
   0.43575E+02   0.29866E+02   0.25271E+02   0.32210E+00  -0.19357E+00
   0.43925E+02   0.29871E+02   0.24972E+02   0.32803E+00  -0.21162E+00
   0.44275E+02   0.29877E+02   0.24640E+02   0.33707E+00  -0.23705E+00
   0.44625E+02   0.29886E+02   0.24634E+02   0.35007E+00  -0.24704E+00
   0.44975E+02   0.29897E+02   0.24770E+02   0.36516E+00  -0.26010E+00
   0.45325E+02   0.29908E+02   0.24934E+02   0.38122E+00  -0.26475E+00
   0.45675E+02   0.29919E+02   0.24959E+02   0.39316E+00  -0.27063E+00
   0.46025E+02   0.29929E+02   0.24743E+02   0.40392E+00  -0.28598E+00
   0.46375E+02   0.29937E+02   0.24821E+02   0.41654E+00  -0.28413E+00
   0.46725E+02   0.29944E+02   0.25001E+02   0.42956E+00  -0.28505E+00
   0.47075E+02   0.29951E+02   0.25161E+02   0.44583E+00  -0.28904E+00
   0.47425E+02   0.29957E+02   0.25623E+02   0.45563E+00  -0.28118E+00
   0.47775E+02   0.29961E+02   0.26112E+02   0.45784E+00  -0.27234E+00
   0.48125E+02   0.29964E+02   0.26558E+02   0.46220E+00  -0.25340E+00
   0.48475E+02   0.29966E+02   0.26795E+02   0.47029E+00  -0.23171E+00
   0.48825E+02   0.29968E+02   0.27008E+02   0.47423E+00  -0.21710E+00
   0.49175E+02   0.29970E+02   0.26830E+02   0.46959E+00  -0.20653E+00
   0.49525E+02   0.29969E+02   0.26456E+02   0.45661E+00  -0.19907E+00
   0.49875E+02   0.29966E+02   0.26702E+02   0.44691E+00  -0.17287E+00
   0.50225E+02   0.29963E+02   0.26818E+02   0.43792E+00  -0.14833E+00
   0.50575E+02   0.29960E+02   0.26817E+02   0.42394E+00  -0.14247E+00
   0.50925E+02   0.29956E+02   0.26906E+02   0.41134E+00  -0.13076E+00
   0.51275E+02   0.29949E+02   0.26912E+02   0.40326E+00  -0.11493E+00
   0.51625E+02   0.29943E+02   0.26974E+02   0.39564E+00  -0.10114E+00
   0.51975E+02   0.29939E+02   0.26905E+02   0.38802E+00  -0.99783E-01
   0.52325E+02   0.29932E+02   0.26933E+02   0.37423E+00  -0.97546E-01
   0.52675E+02   0.29923E+02   0.27015E+02   0.35695E+00  -0.83596E-01
   0.53025E+02   0.29916E+02   0.26811E+02   0.34684E+00  -0.87106E-01
   0.53375E+02   0.29908E+02   0.26791E+02   0.33772E+00  -0.87681E-01
   0.53725E+02   0.29900E+02   0.26814E+02   0.33077E+00  -0.84751E-01
   0.54075E+02   0.29892E+02   0.26594E+02   0.32434E+00  -0.95124E-01
   0.54425E+02   0.29880E+02   0.26495E+02   0.31673E+00  -0.98648E-01
   0.54775E+02   0.29869E+02   0.26365E+02   0.31170E+00  -0.10930E+00
   0.55125E+02   0.29865E+02   0.26111E+02   0.31207E+00  -0.12250E+00
   0.55475E+02   0.29866E+02   0.25729E+02   0.31116E+00  -0.13843E+00
   0.55825E+02   0.29862E+02   0.25490E+02   0.30737E+00  -0.15765E+00
   0.56175E+02   0.29859E+02   0.25480E+02   0.31242E+00  -0.15897E+00
   0.56525E+02   0.29862E+02   0.25270E+02   0.31781E+00  -0.17087E+00
   0.56875E+02   0.29865E+02   0.25004E+02   0.32489E+00  -0.19440E+00
   0.57225E+02   0.29873E+02   0.24925E+02   0.32943E+00  -0.20334E+00
   0.57575E+02   0.29878E+02   0.24644E+02   0.33123E+00  -0.21909E+00
   0.57925E+02   0.29883E+02   0.24470E+02   0.34595E+00  -0.23650E+00
   0.58275E+02   0.29892E+02   0.24705E+02   0.35809E+00  -0.24294E+00
   0.58625E+02   0.29901E+02   0.25031E+02   0.36597E+00  -0.24929E+00
   0.58975E+02   0.29911E+02   0.25037E+02   0.38042E+00  -0.26067E+00
   0.59325E+02   0.29921E+02   0.25149E+02   0.39076E+00  -0.26913E+00
   0.59675E+02   0.29929E+02   0.25740E+02   0.40149E+00  -0.25805E+00
   0.60025E+02   0.29937E+02   0.26072E+02   0.41710E+00  -0.24776E+00
   0.60375E+02   0.29943E+02   0.26081E+02   0.42669E+00  -0.25328E+00
   0.60725E+02   0.29948E+02   0.26042E+02   0.43209E+00  -0.25239E+00
   0.61075E+02   0.29951E+02   0.26235E+02   0.43364E+00  -0.24384E+00
   0.61425E+02   0.29954E+02   0.26554E+02   0.43861E+00  -0.23372E+00
   0.61775E+02   0.29957E+02   0.26913E+02   0.43948E+00  -0.21181E+00
   0.62125E+02   0.29958E+02   0.27265E+02   0.43581E+00  -0.19146E+00
   0.62475E+02   0.29957E+02   0.27248E+02   0.43410E+00  -0.18130E+00
   0.62825E+02   0.29957E+02   0.27296E+02   0.43306E+00  -0.16456E+00
   0.63175E+02   0.29957E+02   0.27455E+02   0.42585E+00  -0.14806E+00
   0.63525E+02   0.29954E+02   0.27387E+02   0.41642E+00  -0.13818E+00
   0.63875E+02   0.29950E+02   0.27459E+02   0.40822E+00  -0.11817E+00
   0.64225E+02   0.29942E+02   0.27590E+02   0.38938E+00  -0.97883E-01
   0.64575E+02   0.29933E+02   0.27509E+02   0.37422E+00  -0.91613E-01
   0.64925E+02   0.29927E+02   0.27382E+02   0.36904E+00  -0.91261E-01
   0.65275E+02   0.29921E+02   0.27182E+02   0.36292E+00  -0.93814E-01
   0.65625E+02   0.29911E+02   0.26961E+02   0.34891E+00  -0.96539E-01
   0.65975E+02   0.29902E+02   0.26778E+02   0.33598E+00  -0.10101E+00
   0.66325E+02   0.29896E+02   0.26698E+02   0.32820E+00  -0.98930E-01
   0.66675E+02   0.29890E+02   0.26672E+02   0.32142E+00  -0.97142E-01
   0.67025E+02   0.29881E+02   0.26361E+02   0.31474E+00  -0.11241E+00
   0.67375E+02   0.29874E+02   0.25843E+02   0.31488E+00  -0.13041E+00
   0.67725E+02   0.29868E+02   0.25606E+02   0.31691E+00  -0.13866E+00
   0.68075E+02   0.29863E+02   0.25541E+02   0.31959E+00  -0.14745E+00
   0.68425E+02   0.29867E+02   0.25367E+02   0.32109E+00  -0.16470E+00
   0.68775E+02   0.29871E+02   0.25115E+02   0.31976E+00  -0.18350E+00
   0.69125E+02   0.29872E+02   0.24863E+02   0.32319E+00  -0.19804E+00
   0.69475E+02   0.29876E+02   0.24948E+02   0.33241E+00  -0.20009E+00
   0.69825E+02   0.29882E+02   0.25061E+02   0.34577E+00  -0.20442E+00
   0.70175E+02   0.29891E+02   0.24906E+02   0.35600E+00  -0.22540E+00
   0.70525E+02   0.29899E+02   0.24755E+02   0.36058E+00  -0.24037E+00
   0.70875E+02   0.29905E+02   0.24860E+02   0.36685E+00  -0.24245E+00
   0.71225E+02   0.29910E+02   0.24978E+02   0.37543E+00  -0.24712E+00
   0.71575E+02   0.29917E+02   0.25163E+02   0.38454E+00  -0.24856E+00
   0.71925E+02   0.29925E+02   0.25362E+02   0.39852E+00  -0.25113E+00
   0.72275E+02   0.29933E+02   0.25335E+02   0.40550E+00  -0.25767E+00
   0.72625E+02   0.29939E+02   0.25234E+02   0.40717E+00  -0.25973E+00
   0.72975E+02   0.29943E+02   0.24955E+02   0.41471E+00  -0.26446E+00
   0.73325E+02   0.29947E+02   0.25077E+02   0.42867E+00  -0.26267E+00
   0.73675E+02   0.29951E+02   0.25645E+02   0.43389E+00  -0.24805E+00
   0.74025E+02   0.29954E+02   0.26030E+02   0.43261E+00  -0.23801E+00
   0.74375E+02   0.29956E+02   0.26191E+02   0.44027E+00  -0.23469E+00
   0.74725E+02   0.29958E+02   0.26438E+02   0.44905E+00  -0.21786E+00
   0.75075E+02   0.29960E+02   0.26635E+02   0.45078E+00  -0.19866E+00
   0.75425E+02   0.29963E+02   0.26589E+02   0.44542E+00  -0.19186E+00
   0.75775E+02   0.29962E+02   0.26703E+02   0.43524E+00  -0.17478E+00
   0.76125E+02   0.29960E+02   0.26841E+02   0.42643E+00  -0.15049E+00
   0.76475E+02   0.29957E+02   0.26756E+02   0.41438E+00  -0.13887E+00
   0.76825E+02   0.29951E+02   0.26560E+02   0.40043E+00  -0.13507E+00
   0.77175E+02   0.29943E+02   0.26332E+02   0.39268E+00  -0.13364E+00
   0.77525E+02   0.29939E+02   0.26075E+02   0.38669E+00  -0.13540E+00
   0.77875E+02   0.29934E+02   0.25943E+02   0.37527E+00  -0.13905E+00
   0.78225E+02   0.29928E+02   0.25961E+02   0.36407E+00  -0.13970E+00
   0.78575E+02   0.29921E+02   0.26048E+02   0.35943E+00  -0.12895E+00
   0.78925E+02   0.29915E+02   0.26288E+02   0.35907E+00  -0.11678E+00
   0.79275E+02   0.29912E+02   0.26515E+02   0.36043E+00  -0.11633E+00
   0.79625E+02   0.29913E+02   0.26340E+02   0.35709E+00  -0.12752E+00
   0.79975E+02   0.29912E+02   0.26281E+02   0.35363E+00  -0.12796E+00
   0.80325E+02   0.29908E+02   0.26267E+02   0.34848E+00  -0.12255E+00
   0.80675E+02   0.29901E+02   0.26204E+02   0.33723E+00  -0.12226E+00
   0.81025E+02   0.29891E+02   0.26452E+02   0.32927E+00  -0.11569E+00
   0.81375E+02   0.29886E+02   0.26248E+02   0.32719E+00  -0.12927E+00
   0.81725E+02   0.29881E+02   0.25683E+02   0.32539E+00  -0.15391E+00
   0.82075E+02   0.29877E+02   0.25496E+02   0.32520E+00  -0.16225E+00
   0.82425E+02   0.29874E+02   0.25502E+02   0.32783E+00  -0.16782E+00
   0.82775E+02   0.29876E+02   0.25392E+02   0.33505E+00  -0.17743E+00
   0.83125E+02   0.29880E+02   0.25242E+02   0.33715E+00  -0.19258E+00
   0.83475E+02   0.29887E+02   0.25127E+02   0.33478E+00  -0.20720E+00
   0.83825E+02   0.29890E+02   0.25151E+02   0.34356E+00  -0.20704E+00
   0.84175E+02   0.29896E+02   0.25211E+02   0.36162E+00  -0.20794E+00
   0.84525E+02   0.29906E+02   0.24970E+02   0.36932E+00  -0.22718E+00
   0.84875E+02   0.29913E+02   0.24767E+02   0.37071E+00  -0.24473E+00
   0.85225E+02   0.29916E+02   0.24847E+02   0.37645E+00  -0.25003E+00
   0.85575E+02   0.29920E+02   0.24789E+02   0.38287E+00  -0.25311E+00
   0.85925E+02   0.29927E+02   0.24841E+02   0.39433E+00  -0.25761E+00
   0.86275E+02   0.29934E+02   0.25184E+02   0.40593E+00  -0.26511E+00
   0.86625E+02   0.29940E+02   0.25273E+02   0.41540E+00  -0.26724E+00
   0.86975E+02   0.29945E+02   0.25274E+02   0.42418E+00  -0.26227E+00
   0.87325E+02   0.29949E+02   0.25097E+02   0.43625E+00  -0.27562E+00
   0.87675E+02   0.29954E+02   0.24761E+02   0.44574E+00  -0.28816E+00
   0.88025E+02   0.29958E+02   0.24845E+02   0.44869E+00  -0.28089E+00
   0.88375E+02   0.29960E+02   0.25288E+02   0.44931E+00  -0.27107E+00
   0.88725E+02   0.29961E+02   0.25781E+02   0.45354E+00  -0.25288E+00
   0.89075E+02   0.29963E+02   0.26136E+02   0.46601E+00  -0.23809E+00
   0.89425E+02   0.29967E+02   0.26267E+02   0.47203E+00  -0.23361E+00
   0.89775E+02   0.29968E+02   0.26384E+02   0.46623E+00  -0.22082E+00
   0.90125E+02   0.29968E+02   0.26495E+02   0.46360E+00  -0.20141E+00
   0.90475E+02   0.29968E+02   0.26747E+02   0.46010E+00  -0.17647E+00
   0.90825E+02   0.29966E+02   0.27092E+02   0.44786E+00  -0.15011E+00
   0.91175E+02   0.29961E+02   0.27166E+02   0.43515E+00  -0.13757E+00
   0.91525E+02   0.29957E+02   0.26957E+02   0.42103E+00  -0.13452E+00
   0.91875E+02   0.29951E+02   0.26905E+02   0.41024E+00  -0.12065E+00
   0.92225E+02   0.29946E+02   0.27055E+02   0.40461E+00  -0.10498E+00
   0.92575E+02   0.29941E+02   0.26952E+02   0.38942E+00  -0.10261E+00
   0.92925E+02   0.29933E+02   0.27003E+02   0.36852E+00  -0.91713E-01
   0.93275E+02   0.29924E+02   0.27078E+02   0.35507E+00  -0.82309E-01
   0.93625E+02   0.29914E+02   0.26933E+02   0.34808E+00  -0.85183E-01
   0.93975E+02   0.29905E+02   0.26918E+02   0.34189E+00  -0.82245E-01
   0.94325E+02   0.29897E+02   0.26824E+02   0.33801E+00  -0.91414E-01
   0.94675E+02   0.29891E+02   0.26577E+02   0.33098E+00  -0.10252E+00
   0.95025E+02   0.29884E+02   0.26316E+02   0.31719E+00  -0.10618E+00
   0.95375E+02   0.29870E+02   0.26167E+02   0.31013E+00  -0.11581E+00
   0.95725E+02   0.29861E+02   0.26197E+02   0.31435E+00  -0.11482E+00
   0.96075E+02   0.29863E+02   0.26231E+02   0.31769E+00  -0.11920E+00
   0.96425E+02   0.29864E+02   0.25968E+02   0.31846E+00  -0.14434E+00
   0.96775E+02   0.29862E+02   0.25835E+02   0.31912E+00  -0.15576E+00
   0.97125E+02   0.29863E+02   0.25893E+02   0.32478E+00  -0.15249E+00
   0.97475E+02   0.29869E+02   0.25481E+02   0.33017E+00  -0.17087E+00
   0.97825E+02   0.29874E+02   0.25158E+02   0.32563E+00  -0.19641E+00
   0.98175E+02   0.29875E+02   0.25091E+02   0.32561E+00  -0.20314E+00
   0.98525E+02   0.29876E+02   0.25106E+02   0.33386E+00  -0.20118E+00
   0.98875E+02   0.29882E+02   0.25056E+02   0.34409E+00  -0.21434E+00
   0.99225E+02   0.29890E+02   0.24665E+02   0.35301E+00  -0.24369E+00
   0.99575E+02   0.29899E+02   0.24387E+02   0.36167E+00  -0.26299E+00
   0.99925E+02   0.29907E+02   0.24081E+02   0.37032E+00  -0.27946E+00
   0.10027E+03   0.29915E+02   0.23836E+02   0.38367E+00  -0.29834E+00
   0.10062E+03   0.29924E+02   0.23904E+02   0.39812E+00  -0.31312E+00
   0.10097E+03   0.29934E+02   0.24203E+02   0.41594E+00  -0.32447E+00
   0.10132E+03   0.29943E+02   0.24891E+02   0.43464E+00  -0.31665E+00
   0.10167E+03   0.29951E+02   0.25181E+02   0.44895E+00  -0.31492E+00
   0.10202E+03   0.29958E+02   0.25132E+02   0.47121E+00  -0.32310E+00
   0.10237E+03   0.29965E+02   0.25551E+02   0.49202E+00  -0.31158E+00
   0.10272E+03   0.29971E+02   0.25864E+02   0.49853E+00  -0.29747E+00
   0.10307E+03   0.29974E+02   0.25845E+02   0.49560E+00  -0.28759E+00
   0.10342E+03   0.29975E+02   0.26039E+02   0.49726E+00  -0.27023E+00
   0.10377E+03   0.29976E+02   0.26622E+02   0.49944E+00  -0.23944E+00
   0.10412E+03   0.29976E+02   0.26958E+02   0.49717E+00  -0.21078E+00
   0.10447E+03   0.29976E+02   0.26900E+02   0.48812E+00  -0.19964E+00
   0.10482E+03   0.29974E+02   0.27209E+02   0.48121E+00  -0.17701E+00
   0.10517E+03   0.29973E+02   0.27464E+02   0.47501E+00  -0.14211E+00
   0.10552E+03   0.29970E+02   0.27476E+02   0.45422E+00  -0.12106E+00
   0.10587E+03   0.29965E+02   0.27293E+02   0.43076E+00  -0.10941E+00
   0.10622E+03   0.29958E+02   0.27057E+02   0.41489E+00  -0.96310E-01
   0.10657E+03   0.29951E+02   0.27006E+02   0.39910E+00  -0.82543E-01
   0.10692E+03   0.29942E+02   0.26845E+02   0.37812E+00  -0.81920E-01
   0.10727E+03   0.29932E+02   0.26666E+02   0.36381E+00  -0.87981E-01
   0.10762E+03   0.29921E+02   0.26714E+02   0.35327E+00  -0.78700E-01
   0.10797E+03   0.29909E+02   0.26938E+02   0.34458E+00  -0.67258E-01
   0.10832E+03   0.29902E+02   0.26985E+02   0.33709E+00  -0.70227E-01
   0.10867E+03   0.29895E+02   0.26735E+02   0.32839E+00  -0.86274E-01
   0.10902E+03   0.29889E+02   0.26562E+02   0.32715E+00  -0.91298E-01
   0.10937E+03   0.29884E+02   0.26578E+02   0.32520E+00  -0.85884E-01
   0.10972E+03   0.29875E+02   0.26404E+02   0.31291E+00  -0.97894E-01
   0.11007E+03   0.29862E+02   0.26179E+02   0.30658E+00  -0.11463E+00
   0.11042E+03   0.29857E+02   0.26003E+02   0.31011E+00  -0.12500E+00
   0.11077E+03   0.29854E+02   0.25817E+02   0.30672E+00  -0.13647E+00
   0.11112E+03   0.29847E+02   0.25535E+02   0.30261E+00  -0.15374E+00
   0.11147E+03   0.29847E+02   0.25180E+02   0.31113E+00  -0.17366E+00
   0.11182E+03   0.29855E+02   0.24990E+02   0.32105E+00  -0.18687E+00
   0.11217E+03   0.29859E+02   0.24820E+02   0.32370E+00  -0.20238E+00
   0.11252E+03   0.29864E+02   0.24633E+02   0.32630E+00  -0.22533E+00
   0.11287E+03   0.29873E+02   0.24483E+02   0.33914E+00  -0.23954E+00
   0.11322E+03   0.29886E+02   0.24406E+02   0.35730E+00  -0.25181E+00
   0.11357E+03   0.29899E+02   0.24382E+02   0.36345E+00  -0.26881E+00
   0.11392E+03   0.29908E+02   0.24540E+02   0.37024E+00  -0.27598E+00
   0.11427E+03   0.29917E+02   0.24726E+02   0.38848E+00  -0.27548E+00
   0.11462E+03   0.29928E+02   0.24889E+02   0.40763E+00  -0.28097E+00
   0.11497E+03   0.29938E+02   0.24912E+02   0.42090E+00  -0.29374E+00
   0.11532E+03   0.29945E+02   0.24782E+02   0.42929E+00  -0.30696E+00
   0.11567E+03   0.29951E+02   0.24942E+02   0.44426E+00  -0.30791E+00
   0.11602E+03   0.29957E+02   0.25123E+02   0.45946E+00  -0.29935E+00
   0.11637E+03   0.29962E+02   0.25023E+02   0.46297E+00  -0.30205E+00
   0.11672E+03   0.29965E+02   0.25397E+02   0.46738E+00  -0.29453E+00
   0.11707E+03   0.29968E+02   0.26026E+02   0.48111E+00  -0.27020E+00
   0.11742E+03   0.29971E+02   0.25999E+02   0.49147E+00  -0.26067E+00
   0.11777E+03   0.29973E+02   0.26264E+02   0.49267E+00  -0.25308E+00
   0.11812E+03   0.29975E+02   0.26871E+02   0.49154E+00  -0.22664E+00
   0.11847E+03   0.29975E+02   0.26895E+02   0.48570E+00  -0.19835E+00
   0.11882E+03   0.29974E+02   0.26724E+02   0.47346E+00  -0.17850E+00
   0.11917E+03   0.29972E+02   0.26729E+02   0.45924E+00  -0.16189E+00
   0.11952E+03   0.29969E+02   0.26766E+02   0.44823E+00  -0.13960E+00
   0.11987E+03   0.29964E+02   0.26963E+02   0.43677E+00  -0.11555E+00
   0.12022E+03   0.29959E+02   0.27148E+02   0.42105E+00  -0.10370E+00
   0.12057E+03   0.29951E+02   0.27071E+02   0.40460E+00  -0.97135E-01
   0.12092E+03   0.29944E+02   0.27042E+02   0.39001E+00  -0.87184E-01
   0.12127E+03   0.29937E+02   0.27208E+02   0.37439E+00  -0.72126E-01
   0.12162E+03   0.29926E+02   0.27355E+02   0.35856E+00  -0.58963E-01
   0.12197E+03   0.29915E+02   0.27315E+02   0.35014E+00  -0.59854E-01
   0.12232E+03   0.29909E+02   0.27015E+02   0.34195E+00  -0.76798E-01
   0.12267E+03   0.29901E+02   0.26568E+02   0.32651E+00  -0.93888E-01
   0.12302E+03   0.29883E+02   0.26302E+02   0.31257E+00  -0.10118E+00
   0.12337E+03   0.29868E+02   0.26237E+02   0.31090E+00  -0.10040E+00
   0.12372E+03   0.29862E+02   0.26274E+02   0.31251E+00  -0.10055E+00
   0.12407E+03   0.29859E+02   0.26231E+02   0.31023E+00  -0.11694E+00
   0.12442E+03   0.29856E+02   0.26010E+02   0.30992E+00  -0.13611E+00
   0.12477E+03   0.29856E+02   0.25857E+02   0.31723E+00  -0.14085E+00
   0.12512E+03   0.29862E+02   0.25785E+02   0.32746E+00  -0.14756E+00
   0.12547E+03   0.29869E+02   0.25512E+02   0.32643E+00  -0.16522E+00
   0.12582E+03   0.29869E+02   0.25195E+02   0.31599E+00  -0.17767E+00
   0.12617E+03   0.29864E+02   0.25170E+02   0.31438E+00  -0.18209E+00
   0.12652E+03   0.29864E+02   0.25061E+02   0.32319E+00  -0.18927E+00
   0.12687E+03   0.29870E+02   0.24795E+02   0.33469E+00  -0.21126E+00
   0.12722E+03   0.29880E+02   0.24605E+02   0.34498E+00  -0.23983E+00
   0.12757E+03   0.29889E+02   0.24569E+02   0.35079E+00  -0.25280E+00
   0.12792E+03   0.29897E+02   0.24297E+02   0.35828E+00  -0.26298E+00
   0.12827E+03   0.29906E+02   0.23847E+02   0.36978E+00  -0.28696E+00
   0.12862E+03   0.29916E+02   0.23843E+02   0.38544E+00  -0.30494E+00
   0.12897E+03   0.29927E+02   0.24043E+02   0.40125E+00  -0.30978E+00
   0.12932E+03   0.29936E+02   0.24277E+02   0.41865E+00  -0.31487E+00
   0.12967E+03   0.29945E+02   0.24691E+02   0.43574E+00  -0.31771E+00
   0.13002E+03   0.29953E+02   0.25090E+02   0.45575E+00  -0.31268E+00
   0.13037E+03   0.29960E+02   0.25703E+02   0.47370E+00  -0.29877E+00
   0.13072E+03   0.29965E+02   0.26350E+02   0.48164E+00  -0.28447E+00
   0.13107E+03   0.29969E+02   0.26541E+02   0.49073E+00  -0.27100E+00
   0.13142E+03   0.29972E+02   0.26341E+02   0.49748E+00  -0.25992E+00
   0.13177E+03   0.29974E+02   0.26397E+02   0.49433E+00  -0.24523E+00
   0.13212E+03   0.29974E+02   0.26944E+02   0.48341E+00  -0.21476E+00
   0.13247E+03   0.29973E+02   0.27285E+02   0.47550E+00  -0.18296E+00
   0.13282E+03   0.29972E+02   0.27189E+02   0.46895E+00  -0.16917E+00
   0.13317E+03   0.29970E+02   0.26977E+02   0.45782E+00  -0.16191E+00
   0.13352E+03   0.29967E+02   0.26992E+02   0.44193E+00  -0.14216E+00
   0.13387E+03   0.29962E+02   0.27197E+02   0.42594E+00  -0.11265E+00
   0.13422E+03   0.29956E+02   0.27451E+02   0.41677E+00  -0.87441E-01
   0.13457E+03   0.29951E+02   0.27472E+02   0.40230E+00  -0.77349E-01
   0.13492E+03   0.29944E+02   0.27332E+02   0.37859E+00  -0.75555E-01
   0.13527E+03   0.29936E+02   0.27233E+02   0.36046E+00  -0.70398E-01
   0.13562E+03   0.29925E+02   0.27340E+02   0.35245E+00  -0.54416E-01
   0.13597E+03   0.29913E+02   0.27482E+02   0.34634E+00  -0.45880E-01
   0.13632E+03   0.29901E+02   0.27336E+02   0.33291E+00  -0.59659E-01
   0.13667E+03   0.29888E+02   0.27058E+02   0.31581E+00  -0.79479E-01
   0.13702E+03   0.29872E+02   0.26767E+02   0.30657E+00  -0.85478E-01
   0.13737E+03   0.29861E+02   0.26545E+02   0.30725E+00  -0.89787E-01
   0.13772E+03   0.29857E+02   0.26229E+02   0.31029E+00  -0.11001E+00
   0.13807E+03   0.29854E+02   0.25813E+02   0.30647E+00  -0.13448E+00
   0.13842E+03   0.29848E+02   0.25596E+02   0.30070E+00  -0.14598E+00
   0.13877E+03   0.29846E+02   0.25488E+02   0.30305E+00  -0.15145E+00
   0.13912E+03   0.29851E+02   0.25365E+02   0.31381E+00  -0.16227E+00
   0.13947E+03   0.29857E+02   0.25274E+02   0.32311E+00  -0.17787E+00
   0.13982E+03   0.29863E+02   0.25172E+02   0.32819E+00  -0.19451E+00
   0.14017E+03   0.29870E+02   0.25040E+02   0.33183E+00  -0.20620E+00
   0.14052E+03   0.29877E+02   0.24764E+02   0.33684E+00  -0.22468E+00
   0.14087E+03   0.29886E+02   0.24513E+02   0.34684E+00  -0.24270E+00
   0.14122E+03   0.29893E+02   0.24656E+02   0.35655E+00  -0.24712E+00
   0.14157E+03   0.29900E+02   0.25058E+02   0.36510E+00  -0.24878E+00
   0.14192E+03   0.29908E+02   0.25253E+02   0.37602E+00  -0.25620E+00
   0.14227E+03   0.29918E+02   0.25382E+02   0.39404E+00  -0.26442E+00
   0.14262E+03   0.29929E+02   0.25512E+02   0.41020E+00  -0.26743E+00
   0.14297E+03   0.29938E+02   0.25592E+02   0.41618E+00  -0.26328E+00
   0.14332E+03   0.29943E+02   0.25745E+02   0.42137E+00  -0.25646E+00
   0.14367E+03   0.29949E+02   0.26148E+02   0.42984E+00  -0.24370E+00
   0.14402E+03   0.29953E+02   0.26467E+02   0.43763E+00  -0.22993E+00
   0.14437E+03   0.29955E+02   0.26530E+02   0.43903E+00  -0.22369E+00
   0.14472E+03   0.29957E+02   0.26820E+02   0.43926E+00  -0.21085E+00
   0.14507E+03   0.29958E+02   0.26963E+02   0.44118E+00  -0.19288E+00
   0.14542E+03   0.29958E+02   0.26695E+02   0.43835E+00  -0.18394E+00
   0.14577E+03   0.29958E+02   0.26538E+02   0.42866E+00  -0.17718E+00
   0.14612E+03   0.29954E+02   0.26660E+02   0.41784E+00  -0.16094E+00
   0.14647E+03   0.29950E+02   0.26693E+02   0.41334E+00  -0.14707E+00
   0.14682E+03   0.29948E+02   0.26914E+02   0.40716E+00  -0.13431E+00
   0.14717E+03   0.29945E+02   0.27209E+02   0.39963E+00  -0.11811E+00
   0.14752E+03   0.29940E+02   0.27221E+02   0.38975E+00  -0.10944E+00
   0.14787E+03   0.29934E+02   0.27183E+02   0.37882E+00  -0.98702E-01
   0.14822E+03   0.29927E+02   0.27150E+02   0.36961E+00  -0.89694E-01
   0.14857E+03   0.29921E+02   0.27179E+02   0.35901E+00  -0.87270E-01
   0.14892E+03   0.29914E+02   0.27036E+02   0.34600E+00  -0.89374E-01
   0.14927E+03   0.29902E+02   0.26878E+02   0.33369E+00  -0.95027E-01
   0.14962E+03   0.29889E+02   0.26905E+02   0.32682E+00  -0.91768E-01
   0.14997E+03   0.29881E+02   0.26884E+02   0.32076E+00  -0.92691E-01
   0.15032E+03   0.29872E+02   0.26785E+02   0.31934E+00  -0.10252E+00
   0.15067E+03   0.29866E+02   0.26497E+02   0.31859E+00  -0.11669E+00
   0.15102E+03   0.29863E+02   0.26275E+02   0.31425E+00  -0.12357E+00
   0.15137E+03   0.29860E+02   0.26382E+02   0.31307E+00  -0.11987E+00
   0.15172E+03   0.29861E+02   0.26396E+02   0.31561E+00  -0.12738E+00
   0.15207E+03   0.29862E+02   0.26163E+02   0.31590E+00  -0.13924E+00
   0.15242E+03   0.29861E+02   0.25713E+02   0.31420E+00  -0.15820E+00
   0.15277E+03   0.29862E+02   0.25246E+02   0.31391E+00  -0.17980E+00
   0.15312E+03   0.29863E+02   0.24864E+02   0.31637E+00  -0.19270E+00
   0.15347E+03   0.29864E+02   0.24545E+02   0.32344E+00  -0.21153E+00
   0.15382E+03   0.29867E+02   0.24479E+02   0.33333E+00  -0.23320E+00
   0.15417E+03   0.29876E+02   0.24252E+02   0.34272E+00  -0.25500E+00
   0.15452E+03   0.29887E+02   0.24170E+02   0.35332E+00  -0.27495E+00
   0.15487E+03   0.29900E+02   0.24232E+02   0.37335E+00  -0.28999E+00
   0.15522E+03   0.29914E+02   0.24360E+02   0.39801E+00  -0.30006E+00
   0.15557E+03   0.29928E+02   0.24674E+02   0.41431E+00  -0.30429E+00
   0.15592E+03   0.29939E+02   0.24620E+02   0.42475E+00  -0.31674E+00
   0.15627E+03   0.29947E+02   0.24638E+02   0.43698E+00  -0.32415E+00
   0.15662E+03   0.29954E+02   0.25011E+02   0.45473E+00  -0.31330E+00
   0.15697E+03   0.29961E+02   0.25293E+02   0.46747E+00  -0.30811E+00
   0.15732E+03   0.29966E+02   0.25859E+02   0.47842E+00  -0.30096E+00
   0.15767E+03   0.29969E+02   0.26733E+02   0.48926E+00  -0.27905E+00
   0.15802E+03   0.29972E+02   0.27182E+02   0.49522E+00  -0.25414E+00
   0.15837E+03   0.29975E+02   0.27416E+02   0.49709E+00  -0.23288E+00
   0.15872E+03   0.29976E+02   0.27482E+02   0.49228E+00  -0.21403E+00
   0.15907E+03   0.29975E+02   0.27622E+02   0.48379E+00  -0.18123E+00
   0.15942E+03   0.29974E+02   0.27916E+02   0.47321E+00  -0.14348E+00
   0.15977E+03   0.29971E+02   0.27953E+02   0.45625E+00  -0.12450E+00
   0.16012E+03   0.29966E+02   0.27907E+02   0.43790E+00  -0.10669E+00
   0.16047E+03   0.29960E+02   0.27726E+02   0.41973E+00  -0.89213E-01
   0.16082E+03   0.29952E+02   0.27446E+02   0.39916E+00  -0.81591E-01
   0.16117E+03   0.29945E+02   0.27274E+02   0.38044E+00  -0.74101E-01
   0.16152E+03   0.29935E+02   0.27124E+02   0.36211E+00  -0.71955E-01
   0.16187E+03   0.29923E+02   0.27068E+02   0.34779E+00  -0.67635E-01
   0.16222E+03   0.29909E+02   0.27078E+02   0.33735E+00  -0.63705E-01
   0.16257E+03   0.29896E+02   0.26944E+02   0.33101E+00  -0.74625E-01
   0.16292E+03   0.29887E+02   0.26708E+02   0.32696E+00  -0.89626E-01
   0.16327E+03   0.29881E+02   0.26554E+02   0.32640E+00  -0.95545E-01
   0.16362E+03   0.29876E+02   0.26383E+02   0.32277E+00  -0.10178E+00
   0.16397E+03   0.29876E+02   0.26082E+02   0.31216E+00  -0.11344E+00
   0.16432E+03   0.29870E+02   0.25871E+02   0.30570E+00  -0.12424E+00
   0.16467E+03   0.29862E+02   0.25748E+02   0.30885E+00  -0.13046E+00
   0.16502E+03   0.29859E+02   0.25662E+02   0.31020E+00  -0.13734E+00
   0.16537E+03   0.29858E+02   0.25763E+02   0.31160E+00  -0.14973E+00
   0.16572E+03   0.29861E+02   0.25844E+02   0.32061E+00  -0.16158E+00
   0.16607E+03   0.29866E+02   0.25657E+02   0.32374E+00  -0.17004E+00
   0.16642E+03   0.29866E+02   0.25658E+02   0.32172E+00  -0.17433E+00
   0.16677E+03   0.29866E+02   0.25449E+02   0.32703E+00  -0.18739E+00
   0.16712E+03   0.29873E+02   0.25044E+02   0.33509E+00  -0.20361E+00
   0.16747E+03   0.29880E+02   0.24957E+02   0.33892E+00  -0.21414E+00
   0.16782E+03   0.29886E+02   0.24969E+02   0.34374E+00  -0.22885E+00
   0.16817E+03   0.29892E+02   0.25028E+02   0.35195E+00  -0.23683E+00
   0.16852E+03   0.29899E+02   0.25225E+02   0.36470E+00  -0.23626E+00
   0.16887E+03   0.29909E+02   0.25546E+02   0.37842E+00  -0.24420E+00
   0.16922E+03   0.29919E+02   0.26075E+02   0.39115E+00  -0.24025E+00
   0.16957E+03   0.29927E+02   0.26238E+02   0.40301E+00  -0.23606E+00
   0.16992E+03   0.29935E+02   0.26075E+02   0.41481E+00  -0.24199E+00
   0.17027E+03   0.29942E+02   0.26371E+02   0.42097E+00  -0.23012E+00
   0.17062E+03   0.29946E+02   0.26566E+02   0.42111E+00  -0.21599E+00
   0.17097E+03   0.29948E+02   0.26353E+02   0.41772E+00  -0.21386E+00
   0.17132E+03   0.29949E+02   0.26288E+02   0.41714E+00  -0.20831E+00
   0.17167E+03   0.29948E+02   0.26556E+02   0.41992E+00  -0.19352E+00
   0.17202E+03   0.29948E+02   0.26779E+02   0.41800E+00  -0.18020E+00
   0.17237E+03   0.29948E+02   0.26602E+02   0.41569E+00  -0.17919E+00
   0.17272E+03   0.29948E+02   0.26353E+02   0.41200E+00  -0.18167E+00
   0.17307E+03   0.29947E+02   0.26167E+02   0.40462E+00  -0.17522E+00
   0.17342E+03   0.29945E+02   0.26148E+02   0.39656E+00  -0.16481E+00
   0.17377E+03   0.29941E+02   0.26148E+02   0.39029E+00  -0.15670E+00
   0.17412E+03   0.29937E+02   0.26041E+02   0.38788E+00  -0.15360E+00
   0.17447E+03   0.29934E+02   0.26182E+02   0.38532E+00  -0.14635E+00
   0.17482E+03   0.29932E+02   0.26294E+02   0.37827E+00  -0.14128E+00
   0.17517E+03   0.29928E+02   0.26303E+02   0.37282E+00  -0.14011E+00
   0.17552E+03   0.29924E+02   0.26286E+02   0.37343E+00  -0.13444E+00
   0.17587E+03   0.29923E+02   0.26153E+02   0.37003E+00  -0.13588E+00
   0.17622E+03   0.29920E+02   0.25938E+02   0.35710E+00  -0.14351E+00
   0.17657E+03   0.29913E+02   0.25831E+02   0.34843E+00  -0.14777E+00
   0.17692E+03   0.29906E+02   0.25929E+02   0.34979E+00  -0.14197E+00
   0.17727E+03   0.29903E+02   0.26032E+02   0.35466E+00  -0.13965E+00
   0.17762E+03   0.29904E+02   0.25821E+02   0.35074E+00  -0.15799E+00
   0.17797E+03   0.29901E+02   0.25667E+02   0.34205E+00  -0.16945E+00
   0.17832E+03   0.29898E+02   0.25722E+02   0.34503E+00  -0.15959E+00
   0.17867E+03   0.29899E+02   0.25663E+02   0.35152E+00  -0.15734E+00
   0.17902E+03   0.29901E+02   0.25768E+02   0.34892E+00  -0.16475E+00
   0.17937E+03   0.29902E+02   0.26032E+02   0.34874E+00  -0.16614E+00
   0.17972E+03   0.29904E+02   0.25701E+02   0.35109E+00  -0.17406E+00
   0.18007E+03   0.29903E+02   0.25102E+02   0.34775E+00  -0.19129E+00
   0.18042E+03   0.29900E+02   0.25076E+02   0.35017E+00  -0.19915E+00
   0.18077E+03   0.29903E+02   0.25217E+02   0.35725E+00  -0.19554E+00
   0.18112E+03   0.29906E+02   0.25099E+02   0.35780E+00  -0.20396E+00
   0.18147E+03   0.29907E+02   0.24882E+02   0.35960E+00  -0.22622E+00
   0.18182E+03   0.29911E+02   0.24883E+02   0.36779E+00  -0.23400E+00
   0.18217E+03   0.29916E+02   0.25108E+02   0.37951E+00  -0.22706E+00
   0.18252E+03   0.29923E+02   0.25522E+02   0.39068E+00  -0.22301E+00
   0.18287E+03   0.29929E+02   0.25565E+02   0.39695E+00  -0.22695E+00
   0.18322E+03   0.29934E+02   0.25372E+02   0.39837E+00  -0.23059E+00
   0.18357E+03   0.29937E+02   0.25494E+02   0.40307E+00  -0.22835E+00
   0.18392E+03   0.29940E+02   0.25653E+02   0.40939E+00  -0.22477E+00
   0.18427E+03   0.29943E+02   0.25985E+02   0.41073E+00  -0.21392E+00
   0.18462E+03   0.29945E+02   0.26095E+02   0.41394E+00  -0.20827E+00
   0.18497E+03   0.29946E+02   0.25831E+02   0.41197E+00  -0.21322E+00
   0.18532E+03   0.29946E+02   0.25811E+02   0.40398E+00  -0.20487E+00
   0.18567E+03   0.29945E+02   0.25867E+02   0.40551E+00  -0.19566E+00
   0.18602E+03   0.29945E+02   0.25775E+02   0.41376E+00  -0.19459E+00
   0.18637E+03   0.29946E+02   0.25960E+02   0.41336E+00  -0.18726E+00
   0.18672E+03   0.29946E+02   0.26349E+02   0.40201E+00  -0.17666E+00
   0.18707E+03   0.29942E+02   0.26591E+02   0.39594E+00  -0.16264E+00
   0.18742E+03   0.29939E+02   0.26573E+02   0.40232E+00  -0.14997E+00
   0.18777E+03   0.29939E+02   0.26476E+02   0.40122E+00  -0.14641E+00
   0.18812E+03   0.29938E+02   0.26393E+02   0.38951E+00  -0.14814E+00
   0.18847E+03   0.29933E+02   0.26409E+02   0.38060E+00  -0.14184E+00
   0.18882E+03   0.29927E+02   0.26648E+02   0.37540E+00  -0.12425E+00
   0.18917E+03   0.29923E+02   0.26716E+02   0.36838E+00  -0.11866E+00
   0.18952E+03   0.29918E+02   0.26569E+02   0.36060E+00  -0.12860E+00
   0.18987E+03   0.29914E+02   0.26444E+02   0.35217E+00  -0.12882E+00
   0.19022E+03   0.29908E+02   0.26213E+02   0.34438E+00  -0.12662E+00
   0.19057E+03   0.29902E+02   0.26064E+02   0.34507E+00  -0.13075E+00
   0.19092E+03   0.29898E+02   0.26071E+02   0.34443E+00  -0.13490E+00
   0.19127E+03   0.29895E+02   0.25933E+02   0.33749E+00  -0.14365E+00
   0.19162E+03   0.29893E+02   0.25702E+02   0.33086E+00  -0.15373E+00
   0.19197E+03   0.29890E+02   0.25433E+02   0.33060E+00  -0.16494E+00
   0.19232E+03   0.29889E+02   0.25171E+02   0.33694E+00  -0.17322E+00
   0.19267E+03   0.29890E+02   0.25166E+02   0.34220E+00  -0.17752E+00
   0.19302E+03   0.29892E+02   0.25276E+02   0.34587E+00  -0.18695E+00
   0.19337E+03   0.29894E+02   0.25389E+02   0.34836E+00  -0.19192E+00
   0.19372E+03   0.29896E+02   0.25392E+02   0.35614E+00  -0.19661E+00
   0.19407E+03   0.29902E+02   0.25279E+02   0.36469E+00  -0.20853E+00
   0.19442E+03   0.29909E+02   0.24900E+02   0.36971E+00  -0.22336E+00
   0.19477E+03   0.29914E+02   0.24627E+02   0.37047E+00  -0.23621E+00
   0.19512E+03   0.29916E+02   0.24657E+02   0.37157E+00  -0.23795E+00
   0.19547E+03   0.29920E+02   0.24828E+02   0.38069E+00  -0.23358E+00
   0.19582E+03   0.29925E+02   0.25347E+02   0.38898E+00  -0.23152E+00
   0.19617E+03   0.29930E+02   0.25835E+02   0.39536E+00  -0.22972E+00
   0.19652E+03   0.29935E+02   0.25867E+02   0.40632E+00  -0.22875E+00
   0.19687E+03   0.29941E+02   0.25732E+02   0.41615E+00  -0.22893E+00
   0.19722E+03   0.29945E+02   0.25825E+02   0.41625E+00  -0.22460E+00
   0.19757E+03   0.29947E+02   0.26016E+02   0.41650E+00  -0.21151E+00
   0.19792E+03   0.29947E+02   0.26270E+02   0.41563E+00  -0.19544E+00
   0.19827E+03   0.29947E+02   0.26397E+02   0.41204E+00  -0.18617E+00
   0.19862E+03   0.29945E+02   0.26353E+02   0.40890E+00  -0.18508E+00
   0.19897E+03   0.29944E+02   0.26062E+02   0.41085E+00  -0.18966E+00
   0.19932E+03   0.29944E+02   0.25849E+02   0.40980E+00  -0.18935E+00
   0.19967E+03   0.29943E+02   0.25776E+02   0.40381E+00  -0.18526E+00
   0.20002E+03   0.29942E+02   0.25636E+02   0.39697E+00  -0.18360E+00
   0.20037E+03   0.29939E+02   0.25850E+02   0.39061E+00  -0.17397E+00
   0.20072E+03   0.29937E+02   0.25972E+02   0.39063E+00  -0.16614E+00
   0.20107E+03   0.29936E+02   0.25836E+02   0.39080E+00  -0.17094E+00
   0.20142E+03   0.29935E+02   0.25951E+02   0.39347E+00  -0.16528E+00
   0.20177E+03   0.29935E+02   0.26242E+02   0.39331E+00  -0.14972E+00
   0.20212E+03   0.29934E+02   0.26540E+02   0.38578E+00  -0.13667E+00
   0.20247E+03   0.29929E+02   0.26459E+02   0.37825E+00  -0.13561E+00
   0.20282E+03   0.29925E+02   0.26181E+02   0.37165E+00  -0.14369E+00
   0.20317E+03   0.29923E+02   0.26020E+02   0.36321E+00  -0.14189E+00
   0.20352E+03   0.29918E+02   0.25765E+02   0.35632E+00  -0.14653E+00
   0.20387E+03   0.29912E+02   0.25751E+02   0.35201E+00  -0.15063E+00
   0.20422E+03   0.29908E+02   0.25802E+02   0.34690E+00  -0.14642E+00
   0.20457E+03   0.29902E+02   0.25686E+02   0.34247E+00  -0.15391E+00
   0.20492E+03   0.29898E+02   0.25725E+02   0.34390E+00  -0.15885E+00
   0.20527E+03   0.29899E+02   0.25831E+02   0.34918E+00  -0.15628E+00
   0.20562E+03   0.29901E+02   0.25856E+02   0.35547E+00  -0.16018E+00
   0.20597E+03   0.29905E+02   0.25591E+02   0.35746E+00  -0.17416E+00
   0.20632E+03   0.29905E+02   0.25221E+02   0.35248E+00  -0.18466E+00
   0.20667E+03   0.29903E+02   0.25177E+02   0.34759E+00  -0.18305E+00
   0.20702E+03   0.29903E+02   0.25184E+02   0.34986E+00  -0.18686E+00
   0.20737E+03   0.29904E+02   0.25052E+02   0.35666E+00  -0.19737E+00
   0.20772E+03   0.29905E+02   0.24960E+02   0.36147E+00  -0.21045E+00
   0.20807E+03   0.29908E+02   0.24907E+02   0.36630E+00  -0.22660E+00
   0.20842E+03   0.29913E+02   0.24713E+02   0.37588E+00  -0.23854E+00
   0.20877E+03   0.29919E+02   0.24430E+02   0.38348E+00  -0.25371E+00
   0.20912E+03   0.29924E+02   0.24503E+02   0.38834E+00  -0.25994E+00
   0.20947E+03   0.29930E+02   0.24987E+02   0.39794E+00  -0.24826E+00
   0.20982E+03   0.29935E+02   0.25404E+02   0.40664E+00  -0.24242E+00
   0.21017E+03   0.29940E+02   0.25673E+02   0.41688E+00  -0.24230E+00
   0.21052E+03   0.29946E+02   0.25654E+02   0.42691E+00  -0.24289E+00
   0.21087E+03   0.29951E+02   0.25625E+02   0.43295E+00  -0.24120E+00
   0.21122E+03   0.29953E+02   0.25977E+02   0.43154E+00  -0.22672E+00
   0.21157E+03   0.29953E+02   0.26022E+02   0.42943E+00  -0.21675E+00
   0.21192E+03   0.29954E+02   0.25808E+02   0.43003E+00  -0.21852E+00
   0.21227E+03   0.29955E+02   0.25824E+02   0.42644E+00  -0.21379E+00
   0.21262E+03   0.29954E+02   0.26063E+02   0.42150E+00  -0.20057E+00
   0.21297E+03   0.29951E+02   0.26400E+02   0.42229E+00  -0.18165E+00
   0.21332E+03   0.29951E+02   0.26371E+02   0.42655E+00  -0.17226E+00
   0.21367E+03   0.29951E+02   0.26412E+02   0.41917E+00  -0.16743E+00
   0.21402E+03   0.29950E+02   0.26682E+02   0.40657E+00  -0.14812E+00
   0.21437E+03   0.29945E+02   0.26776E+02   0.39923E+00  -0.12911E+00
   0.21472E+03   0.29942E+02   0.26785E+02   0.39534E+00  -0.11918E+00
   0.21507E+03   0.29938E+02   0.26704E+02   0.38655E+00  -0.11487E+00
   0.21542E+03   0.29933E+02   0.26774E+02   0.37258E+00  -0.10919E+00
   0.21577E+03   0.29925E+02   0.26729E+02   0.35765E+00  -0.10329E+00
   0.21612E+03   0.29916E+02   0.26599E+02   0.34834E+00  -0.10339E+00
   0.21647E+03   0.29909E+02   0.26525E+02   0.34653E+00  -0.10815E+00
   0.21682E+03   0.29903E+02   0.26249E+02   0.34042E+00  -0.11989E+00
   0.21717E+03   0.29895E+02   0.26137E+02   0.33043E+00  -0.12762E+00
   0.21752E+03   0.29888E+02   0.26146E+02   0.32768E+00  -0.12716E+00
   0.21787E+03   0.29884E+02   0.26075E+02   0.33347E+00  -0.13065E+00
   0.21822E+03   0.29883E+02   0.26154E+02   0.33595E+00  -0.13422E+00
   0.21857E+03   0.29884E+02   0.26242E+02   0.33362E+00  -0.13868E+00
   0.21892E+03   0.29885E+02   0.26164E+02   0.33089E+00  -0.14337E+00
   0.21927E+03   0.29883E+02   0.26182E+02   0.33300E+00  -0.13975E+00
   0.21962E+03   0.29881E+02   0.26281E+02   0.33611E+00  -0.13777E+00
   0.21997E+03   0.29882E+02   0.26152E+02   0.33172E+00  -0.14609E+00
   0.22032E+03   0.29884E+02   0.25854E+02   0.32516E+00  -0.15947E+00
   0.22067E+03   0.29880E+02   0.25648E+02   0.32189E+00  -0.16843E+00
   0.22102E+03   0.29876E+02   0.25727E+02   0.32664E+00  -0.16547E+00
   0.22137E+03   0.29878E+02   0.25740E+02   0.33349E+00  -0.16963E+00
   0.22172E+03   0.29881E+02   0.25696E+02   0.33823E+00  -0.18817E+00
   0.22207E+03   0.29888E+02   0.25384E+02   0.34256E+00  -0.20748E+00
   0.22242E+03   0.29893E+02   0.25184E+02   0.34625E+00  -0.21363E+00
   0.22277E+03   0.29897E+02   0.25312E+02   0.35737E+00  -0.21299E+00
   0.22312E+03   0.29904E+02   0.25306E+02   0.36815E+00  -0.22125E+00
   0.22347E+03   0.29912E+02   0.25119E+02   0.37362E+00  -0.23319E+00
   0.22382E+03   0.29918E+02   0.24812E+02   0.37656E+00  -0.24648E+00
   0.22417E+03   0.29922E+02   0.24721E+02   0.38166E+00  -0.25496E+00
   0.22452E+03   0.29927E+02   0.24889E+02   0.39694E+00  -0.25178E+00
   0.22487E+03   0.29935E+02   0.25068E+02   0.40953E+00  -0.25629E+00
   0.22522E+03   0.29941E+02   0.25165E+02   0.41478E+00  -0.26429E+00
   0.22557E+03   0.29945E+02   0.25376E+02   0.41871E+00  -0.25790E+00
   0.22592E+03   0.29949E+02   0.25395E+02   0.42650E+00  -0.25276E+00
   0.22627E+03   0.29953E+02   0.25381E+02   0.43893E+00  -0.25320E+00
   0.22662E+03   0.29957E+02   0.25632E+02   0.44922E+00  -0.25011E+00
   0.22697E+03   0.29959E+02   0.25881E+02   0.44776E+00  -0.24149E+00
   0.22732E+03   0.29960E+02   0.25998E+02   0.44263E+00  -0.22907E+00
   0.22767E+03   0.29961E+02   0.25733E+02   0.44252E+00  -0.22405E+00
   0.22802E+03   0.29961E+02   0.25374E+02   0.44011E+00  -0.22565E+00
   0.22837E+03   0.29960E+02   0.25796E+02   0.43859E+00  -0.20521E+00
   0.22872E+03   0.29960E+02   0.26499E+02   0.43785E+00  -0.17883E+00
   0.22907E+03   0.29959E+02   0.26947E+02   0.43345E+00  -0.16176E+00
   0.22942E+03   0.29957E+02   0.27304E+02   0.42986E+00  -0.14053E+00
   0.22977E+03   0.29955E+02   0.27155E+02   0.42155E+00  -0.13270E+00
   0.23012E+03   0.29951E+02   0.26848E+02   0.40821E+00  -0.12710E+00
   0.23047E+03   0.29946E+02   0.26637E+02   0.39668E+00  -0.11900E+00
   0.23082E+03   0.29939E+02   0.26475E+02   0.38391E+00  -0.11692E+00
   0.23117E+03   0.29932E+02   0.26358E+02   0.36765E+00  -0.11169E+00
   0.23152E+03   0.29924E+02   0.25945E+02   0.34830E+00  -0.12353E+00
   0.23187E+03   0.29917E+02   0.25710E+02   0.33478E+00  -0.13188E+00
   0.23222E+03   0.29908E+02   0.25771E+02   0.33506E+00  -0.12243E+00
   0.23257E+03   0.29901E+02   0.25897E+02   0.34452E+00  -0.12395E+00
   0.23292E+03   0.29900E+02   0.26051E+02   0.34706E+00  -0.12732E+00
   0.23327E+03   0.29897E+02   0.25973E+02   0.34312E+00  -0.13829E+00
   0.23362E+03   0.29894E+02   0.25765E+02   0.34531E+00  -0.15089E+00
   0.23397E+03   0.29895E+02   0.25607E+02   0.34607E+00  -0.15330E+00
   0.23432E+03   0.29895E+02   0.25736E+02   0.34226E+00  -0.15340E+00
   0.23467E+03   0.29897E+02   0.25781E+02   0.34117E+00  -0.15302E+00
   0.23502E+03   0.29894E+02   0.25671E+02   0.33492E+00  -0.15638E+00
   0.23537E+03   0.29889E+02   0.25630E+02   0.33186E+00  -0.15877E+00
   0.23572E+03   0.29887E+02   0.25367E+02   0.33348E+00  -0.17109E+00
   0.23607E+03   0.29886E+02   0.25264E+02   0.34049E+00  -0.18623E+00
   0.23642E+03   0.29890E+02   0.25276E+02   0.34668E+00  -0.19173E+00
   0.23677E+03   0.29893E+02   0.25052E+02   0.34442E+00  -0.20626E+00
   0.23712E+03   0.29895E+02   0.24848E+02   0.34660E+00  -0.21978E+00
   0.23747E+03   0.29899E+02   0.25134E+02   0.35521E+00  -0.21702E+00
   0.23782E+03   0.29906E+02   0.25366E+02   0.36883E+00  -0.21796E+00
   0.23817E+03   0.29914E+02   0.25413E+02   0.37941E+00  -0.22529E+00
   0.23852E+03   0.29922E+02   0.25507E+02   0.38748E+00  -0.23291E+00
   0.23887E+03   0.29928E+02   0.25674E+02   0.39313E+00  -0.23064E+00
   0.23922E+03   0.29932E+02   0.25827E+02   0.39839E+00  -0.22416E+00
   0.23957E+03   0.29936E+02   0.25506E+02   0.40274E+00  -0.23273E+00
   0.23992E+03   0.29938E+02   0.25328E+02   0.40665E+00  -0.23926E+00
   0.24027E+03   0.29941E+02   0.25571E+02   0.40942E+00  -0.23182E+00
   0.24062E+03   0.29943E+02   0.25754E+02   0.41220E+00  -0.22578E+00
   0.24097E+03   0.29945E+02   0.25933E+02   0.41651E+00  -0.21736E+00
   0.24132E+03   0.29947E+02   0.25920E+02   0.41871E+00  -0.21376E+00
   0.24167E+03   0.29948E+02   0.25933E+02   0.42054E+00  -0.21032E+00
   0.24202E+03   0.29949E+02   0.26120E+02   0.41986E+00  -0.19459E+00
   0.24237E+03   0.29949E+02   0.25859E+02   0.41764E+00  -0.19646E+00
   0.24272E+03   0.29949E+02   0.25794E+02   0.41622E+00  -0.19294E+00
   0.24307E+03   0.29950E+02   0.25890E+02   0.41198E+00  -0.17979E+00
   0.24342E+03   0.29947E+02   0.25947E+02   0.40062E+00  -0.17314E+00
   0.24377E+03   0.29942E+02   0.26152E+02   0.39673E+00  -0.15708E+00
   0.24412E+03   0.29941E+02   0.26155E+02   0.39761E+00  -0.15279E+00
   0.24447E+03   0.29939E+02   0.25990E+02   0.39560E+00  -0.15762E+00
   0.24482E+03   0.29937E+02   0.25839E+02   0.38666E+00  -0.15579E+00
   0.24517E+03   0.29932E+02   0.25678E+02   0.37494E+00  -0.15686E+00
   0.24552E+03   0.29928E+02   0.25620E+02   0.37403E+00  -0.15081E+00
   0.24587E+03   0.29925E+02   0.25853E+02   0.37251E+00  -0.14461E+00
   0.24622E+03   0.29922E+02   0.25823E+02   0.36355E+00  -0.15137E+00
   0.24657E+03   0.29918E+02   0.25657E+02   0.36050E+00  -0.15557E+00
   0.24692E+03   0.29917E+02   0.25600E+02   0.36328E+00  -0.15768E+00
   0.24727E+03   0.29915E+02   0.25661E+02   0.36235E+00  -0.15434E+00
   0.24762E+03   0.29913E+02   0.25892E+02   0.36025E+00  -0.14643E+00
   0.24797E+03   0.29911E+02   0.25844E+02   0.35495E+00  -0.15224E+00
   0.24832E+03   0.29908E+02   0.25550E+02   0.35220E+00  -0.16275E+00
   0.24867E+03   0.29907E+02   0.25435E+02   0.35199E+00  -0.16712E+00
   0.24902E+03   0.29905E+02   0.25326E+02   0.35103E+00  -0.17704E+00
   0.24937E+03   0.29905E+02   0.25190E+02   0.35300E+00  -0.18221E+00
   0.24972E+03   0.29905E+02   0.25471E+02   0.35484E+00  -0.17648E+00
   0.25007E+03   0.29904E+02   0.25836E+02   0.35556E+00  -0.17561E+00
   0.25042E+03   0.29905E+02   0.25995E+02   0.35992E+00  -0.17456E+00
   0.25077E+03   0.29909E+02   0.25931E+02   0.36595E+00  -0.17983E+00
   0.25112E+03   0.29912E+02   0.25500E+02   0.37060E+00  -0.19612E+00
   0.25147E+03   0.29915E+02   0.25157E+02   0.37163E+00  -0.19992E+00
   0.25182E+03   0.29915E+02   0.25115E+02   0.36432E+00  -0.20000E+00
   0.25217E+03   0.29914E+02   0.24939E+02   0.36203E+00  -0.20757E+00
   0.25252E+03   0.29913E+02   0.24755E+02   0.36533E+00  -0.21560E+00
   0.25287E+03   0.29914E+02   0.24940E+02   0.37212E+00  -0.22132E+00
   0.25322E+03   0.29918E+02   0.25469E+02   0.38326E+00  -0.21461E+00
   0.25357E+03   0.29926E+02   0.25930E+02   0.39356E+00  -0.20992E+00
   0.25392E+03   0.29933E+02   0.25705E+02   0.40212E+00  -0.21970E+00
   0.25427E+03   0.29937E+02   0.25360E+02   0.40453E+00  -0.22390E+00
   0.25462E+03   0.29939E+02   0.25147E+02   0.40161E+00  -0.22276E+00
   0.25497E+03   0.29940E+02   0.25072E+02   0.40009E+00  -0.22138E+00
   0.25532E+03   0.29941E+02   0.25081E+02   0.40376E+00  -0.22141E+00
   0.25567E+03   0.29942E+02   0.25007E+02   0.40361E+00  -0.22532E+00
   0.25602E+03   0.29941E+02   0.25164E+02   0.40168E+00  -0.22160E+00
   0.25637E+03   0.29941E+02   0.25312E+02   0.40751E+00  -0.21994E+00
   0.25672E+03   0.29943E+02   0.25366E+02   0.41431E+00  -0.22351E+00
   0.25707E+03   0.29946E+02   0.25567E+02   0.42213E+00  -0.21721E+00
   0.25742E+03   0.29949E+02   0.25687E+02   0.42451E+00  -0.21130E+00
   0.25777E+03   0.29950E+02   0.25672E+02   0.41714E+00  -0.20413E+00
   0.25812E+03   0.29950E+02   0.25586E+02   0.41248E+00  -0.19611E+00
   0.25847E+03   0.29950E+02   0.25802E+02   0.41212E+00  -0.18543E+00
   0.25882E+03   0.29949E+02   0.26187E+02   0.41292E+00  -0.16447E+00
   0.25917E+03   0.29948E+02   0.26044E+02   0.40416E+00  -0.16281E+00
   0.25952E+03   0.29945E+02   0.25956E+02   0.39591E+00  -0.16734E+00
   0.25987E+03   0.29941E+02   0.26217E+02   0.39334E+00  -0.14916E+00
   0.26022E+03   0.29938E+02   0.26446E+02   0.38957E+00  -0.13410E+00
   0.26057E+03   0.29934E+02   0.26686E+02   0.38151E+00  -0.12905E+00
   0.26092E+03   0.29930E+02   0.26721E+02   0.37605E+00  -0.12658E+00
   0.26127E+03   0.29924E+02   0.26449E+02   0.37076E+00  -0.12731E+00
   0.26162E+03   0.29918E+02   0.26393E+02   0.36061E+00  -0.12309E+00
   0.26197E+03   0.29914E+02   0.26412E+02   0.35450E+00  -0.12028E+00
   0.26232E+03   0.29909E+02   0.26311E+02   0.34838E+00  -0.12056E+00
   0.26267E+03   0.29901E+02   0.26208E+02   0.34111E+00  -0.12505E+00
   0.26302E+03   0.29892E+02   0.25986E+02   0.33613E+00  -0.13688E+00
   0.26337E+03   0.29889E+02   0.25750E+02   0.33217E+00  -0.14654E+00
   0.26372E+03   0.29889E+02   0.25592E+02   0.33248E+00  -0.15596E+00
   0.26407E+03   0.29888E+02   0.25376E+02   0.34031E+00  -0.16657E+00
   0.26442E+03   0.29888E+02   0.25249E+02   0.33858E+00  -0.17277E+00
   0.26477E+03   0.29889E+02   0.25188E+02   0.33594E+00  -0.18247E+00
   0.26512E+03   0.29891E+02   0.25226E+02   0.34281E+00  -0.18987E+00
   0.26547E+03   0.29894E+02   0.25474E+02   0.35424E+00  -0.18664E+00
   0.26582E+03   0.29901E+02   0.25765E+02   0.36237E+00  -0.18525E+00
   0.26617E+03   0.29907E+02   0.25661E+02   0.36397E+00  -0.19650E+00
   0.26652E+03   0.29911E+02   0.25492E+02   0.36461E+00  -0.20700E+00
   0.26687E+03   0.29911E+02   0.25672E+02   0.36993E+00  -0.19822E+00
   0.26722E+03   0.29914E+02   0.25861E+02   0.37341E+00  -0.18807E+00
   0.26757E+03   0.29918E+02   0.25956E+02   0.37337E+00  -0.19545E+00
   0.26792E+03   0.29921E+02   0.26142E+02   0.37507E+00  -0.19463E+00
   0.26827E+03   0.29921E+02   0.25916E+02   0.37629E+00  -0.19625E+00
   0.26862E+03   0.29922E+02   0.25311E+02   0.37821E+00  -0.21271E+00
   0.26897E+03   0.29925E+02   0.25194E+02   0.38099E+00  -0.21868E+00
   0.26932E+03   0.29929E+02   0.25159E+02   0.38386E+00  -0.22206E+00
   0.26967E+03   0.29930E+02   0.25137E+02   0.38092E+00  -0.21932E+00
   0.27002E+03   0.29929E+02   0.25477E+02   0.38459E+00  -0.20847E+00
   0.27037E+03   0.29931E+02   0.25675E+02   0.39414E+00  -0.20921E+00
   0.27072E+03   0.29935E+02   0.25550E+02   0.40368E+00  -0.21172E+00
   0.27107E+03   0.29940E+02   0.25443E+02   0.41134E+00  -0.21844E+00
   0.27142E+03   0.29943E+02   0.25418E+02   0.41128E+00  -0.21983E+00
   0.27177E+03   0.29944E+02   0.25608E+02   0.40665E+00  -0.19997E+00
   0.27212E+03   0.29944E+02   0.25895E+02   0.40600E+00  -0.19017E+00
   0.27247E+03   0.29944E+02   0.25935E+02   0.40544E+00  -0.18814E+00
   0.27282E+03   0.29943E+02   0.25948E+02   0.40035E+00  -0.18096E+00
   0.27317E+03   0.29941E+02   0.25932E+02   0.40146E+00  -0.18060E+00
   0.27352E+03   0.29942E+02   0.25737E+02   0.40463E+00  -0.18453E+00
   0.27387E+03   0.29942E+02   0.25672E+02   0.39844E+00  -0.18085E+00
   0.27422E+03   0.29939E+02   0.25695E+02   0.38721E+00  -0.17830E+00
   0.27457E+03   0.29933E+02   0.25709E+02   0.38085E+00  -0.17412E+00
   0.27492E+03   0.29930E+02   0.25713E+02   0.38248E+00  -0.16747E+00
   0.27527E+03   0.29930E+02   0.25738E+02   0.38396E+00  -0.17284E+00
   0.27562E+03   0.29930E+02   0.25982E+02   0.38429E+00  -0.17148E+00
   0.27597E+03   0.29929E+02   0.26259E+02   0.38711E+00  -0.15674E+00
   0.27632E+03   0.29930E+02   0.26326E+02   0.38197E+00  -0.14790E+00
   0.27667E+03   0.29928E+02   0.26040E+02   0.37261E+00  -0.15574E+00
   0.27702E+03   0.29924E+02   0.25783E+02   0.37067E+00  -0.16325E+00
   0.27737E+03   0.29922E+02   0.25682E+02   0.36678E+00  -0.15978E+00
   0.27772E+03   0.29918E+02   0.25785E+02   0.35871E+00  -0.15297E+00
   0.27807E+03   0.29914E+02   0.25960E+02   0.35931E+00  -0.15159E+00
   0.27842E+03   0.29912E+02   0.25969E+02   0.35870E+00  -0.15230E+00
   0.27877E+03   0.29910E+02   0.26014E+02   0.35426E+00  -0.15187E+00
   0.27912E+03   0.29908E+02   0.26057E+02   0.35480E+00  -0.15576E+00
   0.27947E+03   0.29908E+02   0.26050E+02   0.35953E+00  -0.15649E+00
   0.27982E+03   0.29909E+02   0.26005E+02   0.36128E+00  -0.15257E+00
   0.28017E+03   0.29909E+02   0.25944E+02   0.35520E+00  -0.15805E+00
   0.28052E+03   0.29905E+02   0.26024E+02   0.34792E+00  -0.15825E+00
   0.28087E+03   0.29901E+02   0.25983E+02   0.34618E+00  -0.15283E+00
   0.28122E+03   0.29899E+02   0.25768E+02   0.34972E+00  -0.16142E+00
   0.28157E+03   0.29899E+02   0.25942E+02   0.35492E+00  -0.16633E+00
   0.28192E+03   0.29902E+02   0.25912E+02   0.35616E+00  -0.17030E+00
   0.28227E+03   0.29904E+02   0.25533E+02   0.35115E+00  -0.18549E+00
   0.28262E+03   0.29905E+02   0.25414E+02   0.35068E+00  -0.19223E+00
   0.28297E+03   0.29907E+02   0.25387E+02   0.35441E+00  -0.18596E+00
   0.28332E+03   0.29907E+02   0.25418E+02   0.35650E+00  -0.18559E+00
   0.28367E+03   0.29908E+02   0.25477E+02   0.36008E+00  -0.19319E+00
   0.28402E+03   0.29912E+02   0.25326E+02   0.36631E+00  -0.20365E+00
   0.28437E+03   0.29915E+02   0.25144E+02   0.37172E+00  -0.20823E+00
   0.28472E+03   0.29916E+02   0.25275E+02   0.37469E+00  -0.20895E+00
   0.28507E+03   0.29920E+02   0.25489E+02   0.37897E+00  -0.20651E+00
   0.28542E+03   0.29924E+02   0.25571E+02   0.38335E+00  -0.20481E+00
   0.28577E+03   0.29927E+02   0.25501E+02   0.38342E+00  -0.21118E+00
   0.28612E+03   0.29929E+02   0.25309E+02   0.38709E+00  -0.21534E+00
   0.28647E+03   0.29931E+02   0.25266E+02   0.39246E+00  -0.21441E+00
   0.28682E+03   0.29934E+02   0.25351E+02   0.39628E+00  -0.21427E+00
   0.28717E+03   0.29936E+02   0.25723E+02   0.39989E+00  -0.20868E+00
   0.28752E+03   0.29937E+02   0.26054E+02   0.39826E+00  -0.19757E+00
   0.28787E+03   0.29937E+02   0.25769E+02   0.39808E+00  -0.20332E+00
   0.28822E+03   0.29939E+02   0.25285E+02   0.40050E+00  -0.21394E+00
   0.28857E+03   0.29940E+02   0.25150E+02   0.40242E+00  -0.21384E+00
   0.28892E+03   0.29941E+02   0.25342E+02   0.40254E+00  -0.20677E+00
   0.28927E+03   0.29941E+02   0.25606E+02   0.39989E+00  -0.19450E+00
   0.28962E+03   0.29941E+02   0.26064E+02   0.39743E+00  -0.18234E+00
   0.28997E+03   0.29942E+02   0.26372E+02   0.39777E+00  -0.17154E+00
   0.29032E+03   0.29942E+02   0.26197E+02   0.39700E+00  -0.16909E+00
   0.29067E+03   0.29941E+02   0.25923E+02   0.39738E+00  -0.17478E+00
   0.29102E+03   0.29940E+02   0.25952E+02   0.39829E+00  -0.16932E+00
   0.29137E+03   0.29937E+02   0.26272E+02   0.39016E+00  -0.15061E+00
   0.29172E+03   0.29932E+02   0.26349E+02   0.37965E+00  -0.14477E+00
   0.29207E+03   0.29926E+02   0.26331E+02   0.37209E+00  -0.14549E+00
   0.29242E+03   0.29921E+02   0.26319E+02   0.36844E+00  -0.14359E+00
   0.29277E+03   0.29918E+02   0.26164E+02   0.37000E+00  -0.14641E+00
   0.29312E+03   0.29919E+02   0.26161E+02   0.37070E+00  -0.14541E+00
   0.29347E+03   0.29917E+02   0.26220E+02   0.36213E+00  -0.14292E+00
   0.29382E+03   0.29912E+02   0.26263E+02   0.35481E+00  -0.13929E+00
   0.29417E+03   0.29909E+02   0.26299E+02   0.34960E+00  -0.13323E+00
   0.29452E+03   0.29904E+02   0.26234E+02   0.34309E+00  -0.13552E+00
   0.29487E+03   0.29900E+02   0.26256E+02   0.34686E+00  -0.13742E+00
   0.29522E+03   0.29900E+02   0.26285E+02   0.35177E+00  -0.13804E+00
   0.29557E+03   0.29899E+02   0.26076E+02   0.34721E+00  -0.14783E+00
   0.29592E+03   0.29896E+02   0.25932E+02   0.33766E+00  -0.15313E+00
   0.29627E+03   0.29892E+02   0.25707E+02   0.33366E+00  -0.15761E+00
   0.29662E+03   0.29890E+02   0.25645E+02   0.33517E+00  -0.15816E+00
   0.29697E+03   0.29890E+02   0.25921E+02   0.33924E+00  -0.15529E+00
   0.29732E+03   0.29892E+02   0.25833E+02   0.34302E+00  -0.16915E+00
   0.29767E+03   0.29896E+02   0.25688E+02   0.34670E+00  -0.17873E+00
   0.29802E+03   0.29898E+02   0.25774E+02   0.34998E+00  -0.17687E+00
   0.29837E+03   0.29900E+02   0.25479E+02   0.34980E+00  -0.18475E+00
   0.29872E+03   0.29901E+02   0.25163E+02   0.34937E+00  -0.19355E+00
   0.29907E+03   0.29903E+02   0.24957E+02   0.35321E+00  -0.20686E+00
   0.29942E+03   0.29905E+02   0.24739E+02   0.35785E+00  -0.22173E+00
   0.29977E+03   0.29908E+02   0.24762E+02   0.36194E+00  -0.22693E+00
   0.30012E+03   0.29912E+02   0.24835E+02   0.37155E+00  -0.23811E+00
   0.30047E+03   0.29919E+02   0.24957E+02   0.38192E+00  -0.24375E+00
   0.30082E+03   0.29924E+02   0.25001E+02   0.39172E+00  -0.24565E+00
   0.30118E+03   0.29930E+02   0.25257E+02   0.40151E+00  -0.25088E+00
   0.30153E+03   0.29936E+02   0.25554E+02   0.41293E+00  -0.24632E+00
   0.30188E+03   0.29942E+02   0.25471E+02   0.42298E+00  -0.24703E+00
   0.30223E+03   0.29947E+02   0.25636E+02   0.42572E+00  -0.24325E+00
   0.30258E+03   0.29950E+02   0.25822E+02   0.42618E+00  -0.23122E+00
   0.30293E+03   0.29951E+02   0.25916E+02   0.42606E+00  -0.22284E+00
   0.30328E+03   0.29953E+02   0.26297E+02   0.42965E+00  -0.20948E+00
   0.30363E+03   0.29954E+02   0.26699E+02   0.43260E+00  -0.19540E+00
   0.30398E+03   0.29955E+02   0.26764E+02   0.42906E+00  -0.18497E+00
   0.30433E+03   0.29953E+02   0.26647E+02   0.42257E+00  -0.17867E+00
   0.30468E+03   0.29951E+02   0.26888E+02   0.41838E+00  -0.16331E+00
   0.30503E+03   0.29949E+02   0.27106E+02   0.41517E+00  -0.14280E+00
   0.30538E+03   0.29947E+02   0.27011E+02   0.40419E+00  -0.13763E+00
   0.30573E+03   0.29943E+02   0.26963E+02   0.39098E+00  -0.13007E+00
   0.30608E+03   0.29936E+02   0.26891E+02   0.38147E+00  -0.11620E+00
   0.30643E+03   0.29930E+02   0.26506E+02   0.37277E+00  -0.11743E+00
   0.30678E+03   0.29925E+02   0.26258E+02   0.35983E+00  -0.12232E+00
   0.30713E+03   0.29918E+02   0.26107E+02   0.35084E+00  -0.12649E+00
   0.30748E+03   0.29908E+02   0.25941E+02   0.34623E+00  -0.12667E+00
   0.30783E+03   0.29900E+02   0.25955E+02   0.34131E+00  -0.12694E+00
   0.30818E+03   0.29897E+02   0.25885E+02   0.33959E+00  -0.13934E+00
   0.30853E+03   0.29897E+02   0.25682E+02   0.34150E+00  -0.14796E+00
   0.30888E+03   0.29898E+02   0.25440E+02   0.34251E+00  -0.15395E+00
   0.30923E+03   0.29898E+02   0.25285E+02   0.34214E+00  -0.16505E+00
   0.30958E+03   0.29895E+02   0.25355E+02   0.34362E+00  -0.16664E+00
   0.30993E+03   0.29895E+02   0.25477E+02   0.34625E+00  -0.16663E+00
   0.31028E+03   0.29896E+02   0.25405E+02   0.34880E+00  -0.17706E+00
   0.31063E+03   0.29897E+02   0.25079E+02   0.35011E+00  -0.19600E+00
   0.31098E+03   0.29900E+02   0.24764E+02   0.35043E+00  -0.21339E+00
   0.31133E+03   0.29904E+02   0.24668E+02   0.35589E+00  -0.21969E+00
   0.31168E+03   0.29907E+02   0.24849E+02   0.36249E+00  -0.22040E+00
   0.31203E+03   0.29911E+02   0.25028E+02   0.36486E+00  -0.22247E+00
   0.31238E+03   0.29916E+02   0.24980E+02   0.36907E+00  -0.23031E+00
   0.31273E+03   0.29920E+02   0.24780E+02   0.37648E+00  -0.24339E+00
   0.31308E+03   0.29924E+02   0.24490E+02   0.38950E+00  -0.25727E+00
   0.31343E+03   0.29931E+02   0.24378E+02   0.40009E+00  -0.26381E+00
   0.31378E+03   0.29936E+02   0.24363E+02   0.40794E+00  -0.27627E+00
   0.31413E+03   0.29941E+02   0.24607E+02   0.41556E+00  -0.28248E+00
   0.31448E+03   0.29945E+02   0.24975E+02   0.42084E+00  -0.27207E+00
   0.31483E+03   0.29948E+02   0.25238E+02   0.43295E+00  -0.27019E+00
   0.31518E+03   0.29954E+02   0.25531E+02   0.44924E+00  -0.26842E+00
   0.31553E+03   0.29959E+02   0.25816E+02   0.46007E+00  -0.25552E+00
   0.31588E+03   0.29963E+02   0.26323E+02   0.46241E+00  -0.23660E+00
   0.31623E+03   0.29965E+02   0.26782E+02   0.46152E+00  -0.21334E+00
   0.31658E+03   0.29966E+02   0.27053E+02   0.45830E+00  -0.19011E+00
   0.31693E+03   0.29966E+02   0.27169E+02   0.45056E+00  -0.17204E+00
   0.31728E+03   0.29964E+02   0.27273E+02   0.44044E+00  -0.15466E+00
   0.31763E+03   0.29961E+02   0.27456E+02   0.43021E+00  -0.13300E+00
   0.31798E+03   0.29956E+02   0.27577E+02   0.42069E+00  -0.11289E+00
   0.31833E+03   0.29952E+02   0.27500E+02   0.40610E+00  -0.10547E+00
   0.31868E+03   0.29945E+02   0.27454E+02   0.38610E+00  -0.98150E-01
   0.31903E+03   0.29934E+02   0.27535E+02   0.37087E+00  -0.81751E-01
   0.31938E+03   0.29923E+02   0.27276E+02   0.36061E+00  -0.79978E-01
   0.31973E+03   0.29915E+02   0.27018E+02   0.35192E+00  -0.90934E-01
   0.32008E+03   0.29907E+02   0.26894E+02   0.34220E+00  -0.92401E-01
   0.32043E+03   0.29898E+02   0.26700E+02   0.32890E+00  -0.92179E-01
   0.32078E+03   0.29885E+02   0.26613E+02   0.32004E+00  -0.91199E-01
   0.32113E+03   0.29876E+02   0.26649E+02   0.32160E+00  -0.92208E-01
   0.32148E+03   0.29876E+02   0.26552E+02   0.32131E+00  -0.10376E+00
   0.32183E+03   0.29872E+02   0.26290E+02   0.31696E+00  -0.11941E+00
   0.32218E+03   0.29869E+02   0.25905E+02   0.31769E+00  -0.13769E+00
   0.32253E+03   0.29868E+02   0.25657E+02   0.31605E+00  -0.14528E+00
   0.32288E+03   0.29862E+02   0.25654E+02   0.31599E+00  -0.14647E+00
   0.32323E+03   0.29861E+02   0.25632E+02   0.31910E+00  -0.15701E+00
   0.32358E+03   0.29865E+02   0.25615E+02   0.31862E+00  -0.16772E+00
   0.32393E+03   0.29867E+02   0.25638E+02   0.32321E+00  -0.17274E+00
   0.32428E+03   0.29872E+02   0.25413E+02   0.33424E+00  -0.18734E+00
   0.32463E+03   0.29880E+02   0.25204E+02   0.34109E+00  -0.19920E+00
   0.32498E+03   0.29885E+02   0.25071E+02   0.34222E+00  -0.21011E+00
   0.32533E+03   0.29890E+02   0.24710E+02   0.34448E+00  -0.23268E+00
   0.32568E+03   0.29895E+02   0.24593E+02   0.34935E+00  -0.24052E+00
   0.32603E+03   0.29899E+02   0.24692E+02   0.35980E+00  -0.24415E+00
   0.32638E+03   0.29907E+02   0.24719E+02   0.37431E+00  -0.26189E+00
   0.32673E+03   0.29916E+02   0.24826E+02   0.39094E+00  -0.27108E+00
   0.32708E+03   0.29927E+02   0.24706E+02   0.40615E+00  -0.28512E+00
   0.32743E+03   0.29936E+02   0.24990E+02   0.41413E+00  -0.29200E+00
   0.32778E+03   0.29943E+02   0.25366E+02   0.42879E+00  -0.28068E+00
   0.32813E+03   0.29950E+02   0.25416E+02   0.44444E+00  -0.28095E+00
   0.32848E+03   0.29956E+02   0.25678E+02   0.45041E+00  -0.27749E+00
   0.32883E+03   0.29960E+02   0.25943E+02   0.45625E+00  -0.26675E+00
   0.32918E+03   0.29963E+02   0.26518E+02   0.46404E+00  -0.24267E+00
   0.32953E+03   0.29965E+02   0.26948E+02   0.47054E+00  -0.21697E+00
   0.32988E+03   0.29967E+02   0.27063E+02   0.47049E+00  -0.20622E+00
   0.33023E+03   0.29968E+02   0.27357E+02   0.46243E+00  -0.18913E+00
   0.33058E+03   0.29967E+02   0.27509E+02   0.45198E+00  -0.16534E+00
   0.33093E+03   0.29965E+02   0.27428E+02   0.43987E+00  -0.14298E+00
   0.33128E+03   0.29962E+02   0.27411E+02   0.42724E+00  -0.12585E+00
   0.33163E+03   0.29955E+02   0.27385E+02   0.41433E+00  -0.11338E+00
   0.33198E+03   0.29948E+02   0.27216E+02   0.39700E+00  -0.10363E+00
   0.33233E+03   0.29941E+02   0.27026E+02   0.37891E+00  -0.10164E+00
   0.33268E+03   0.29932E+02   0.26940E+02   0.36898E+00  -0.97732E-01
   0.33303E+03   0.29923E+02   0.27040E+02   0.35966E+00  -0.82363E-01
   0.33338E+03   0.29916E+02   0.27060E+02   0.34775E+00  -0.76850E-01
   0.33373E+03   0.29905E+02   0.27016E+02   0.33700E+00  -0.81707E-01
   0.33408E+03   0.29894E+02   0.26914E+02   0.33340E+00  -0.87820E-01
   0.33443E+03   0.29886E+02   0.26740E+02   0.33253E+00  -0.92863E-01
   0.33478E+03   0.29880E+02   0.26586E+02   0.32762E+00  -0.99774E-01
   0.33513E+03   0.29876E+02   0.26380E+02   0.32056E+00  -0.11180E+00
   0.33548E+03   0.29870E+02   0.26335E+02   0.31129E+00  -0.11126E+00
   0.33583E+03   0.29862E+02   0.26314E+02   0.30871E+00  -0.11208E+00
   0.33618E+03   0.29857E+02   0.26265E+02   0.31280E+00  -0.12432E+00
   0.33653E+03   0.29860E+02   0.26093E+02   0.31493E+00  -0.13481E+00
   0.33688E+03   0.29864E+02   0.25824E+02   0.31319E+00  -0.15140E+00
   0.33723E+03   0.29864E+02   0.25501E+02   0.31558E+00  -0.16622E+00
   0.33758E+03   0.29863E+02   0.25412E+02   0.31400E+00  -0.16825E+00
   0.33793E+03   0.29861E+02   0.25390E+02   0.31533E+00  -0.17828E+00
   0.33828E+03   0.29864E+02   0.24917E+02   0.32500E+00  -0.20450E+00
   0.33863E+03   0.29870E+02   0.24671E+02   0.33180E+00  -0.22544E+00
   0.33898E+03   0.29876E+02   0.24618E+02   0.33971E+00  -0.23605E+00
   0.33933E+03   0.29885E+02   0.24387E+02   0.35334E+00  -0.25615E+00
   0.33968E+03   0.29898E+02   0.24177E+02   0.36884E+00  -0.27763E+00
   0.34003E+03   0.29910E+02   0.24106E+02   0.37874E+00  -0.29331E+00
   0.34038E+03   0.29919E+02   0.24366E+02   0.39128E+00  -0.30292E+00
   0.34073E+03   0.29929E+02   0.24283E+02   0.40962E+00  -0.31465E+00
   0.34108E+03   0.29939E+02   0.24224E+02   0.43031E+00  -0.32717E+00
   0.34143E+03   0.29949E+02   0.24308E+02   0.44940E+00  -0.33725E+00
   0.34178E+03   0.29957E+02   0.24326E+02   0.46212E+00  -0.34710E+00
   0.34213E+03   0.29963E+02   0.24727E+02   0.47495E+00  -0.33910E+00
   0.34248E+03   0.29968E+02   0.25011E+02   0.49083E+00  -0.33168E+00
   0.34283E+03   0.29972E+02   0.25083E+02   0.50490E+00  -0.32869E+00
   0.34318E+03   0.29976E+02   0.25323E+02   0.51236E+00  -0.31253E+00
   0.34353E+03   0.29978E+02   0.25790E+02   0.51481E+00  -0.29290E+00
   0.34388E+03   0.29980E+02   0.26197E+02   0.51964E+00  -0.26491E+00
   0.34423E+03   0.29981E+02   0.26457E+02   0.52258E+00  -0.23683E+00
   0.34458E+03   0.29981E+02   0.26654E+02   0.51718E+00  -0.22080E+00
   0.34493E+03   0.29980E+02   0.27124E+02   0.50381E+00  -0.19046E+00
   0.34528E+03   0.29978E+02   0.27626E+02   0.49143E+00  -0.15039E+00
   0.34563E+03   0.29976E+02   0.27534E+02   0.48034E+00  -0.13127E+00
   0.34598E+03   0.29973E+02   0.27329E+02   0.46051E+00  -0.11574E+00
   0.34633E+03   0.29967E+02   0.27368E+02   0.43419E+00  -0.90307E-01
   0.34668E+03   0.29959E+02   0.27427E+02   0.41242E+00  -0.69092E-01
   0.34703E+03   0.29949E+02   0.27551E+02   0.39557E+00  -0.49144E-01
   0.34738E+03   0.29940E+02   0.27547E+02   0.37792E+00  -0.47144E-01
   0.34773E+03   0.29930E+02   0.27484E+02   0.36014E+00  -0.51833E-01
   0.34808E+03   0.29919E+02   0.27411E+02   0.34189E+00  -0.48439E-01
   0.34843E+03   0.29904E+02   0.27413E+02   0.32742E+00  -0.44736E-01
   0.34878E+03   0.29889E+02   0.27482E+02   0.32122E+00  -0.39275E-01
   0.34913E+03   0.29878E+02   0.27450E+02   0.31861E+00  -0.45630E-01
   0.34948E+03   0.29865E+02   0.27260E+02   0.30742E+00  -0.62969E-01
   0.34983E+03   0.29849E+02   0.27015E+02   0.29791E+00  -0.75033E-01
   0.35018E+03   0.29840E+02   0.26949E+02   0.30077E+00  -0.78838E-01
   0.35053E+03   0.29839E+02   0.26833E+02   0.30296E+00  -0.86758E-01
   0.35088E+03   0.29839E+02   0.26527E+02   0.29497E+00  -0.10751E+00
   0.35123E+03   0.29834E+02   0.26098E+02   0.28523E+00  -0.12862E+00
   0.35158E+03   0.29823E+02   0.25756E+02   0.28399E+00  -0.13561E+00
   0.35193E+03   0.29818E+02   0.25641E+02   0.29321E+00  -0.14141E+00
   0.35228E+03   0.29823E+02   0.25614E+02   0.30226E+00  -0.15879E+00
   0.35263E+03   0.29830E+02   0.25372E+02   0.30707E+00  -0.18415E+00
   0.35298E+03   0.29840E+02   0.25149E+02   0.31140E+00  -0.20204E+00
   0.35333E+03   0.29849E+02   0.25227E+02   0.31681E+00  -0.20635E+00
   0.35368E+03   0.29858E+02   0.25279E+02   0.32969E+00  -0.21069E+00
   0.35403E+03   0.29872E+02   0.25258E+02   0.34595E+00  -0.22263E+00
   0.35438E+03   0.29887E+02   0.25481E+02   0.35450E+00  -0.23149E+00
   0.35473E+03   0.29899E+02   0.25320E+02   0.36016E+00  -0.24455E+00
   0.35508E+03   0.29907E+02   0.25084E+02   0.36833E+00  -0.25574E+00
   0.35543E+03   0.29915E+02   0.25192E+02   0.38272E+00  -0.25574E+00
   0.35578E+03   0.29923E+02   0.25319E+02   0.39598E+00  -0.25870E+00
   0.35613E+03   0.29930E+02   0.25445E+02   0.40333E+00  -0.26480E+00
   0.35648E+03   0.29936E+02   0.25664E+02   0.41202E+00  -0.26596E+00
   0.35683E+03   0.29942E+02   0.26093E+02   0.42378E+00  -0.25751E+00
   0.35718E+03   0.29949E+02   0.26415E+02   0.44029E+00  -0.24474E+00
   0.35753E+03   0.29954E+02   0.26572E+02   0.44730E+00  -0.23563E+00
   0.35788E+03   0.29957E+02   0.26828E+02   0.44818E+00  -0.22798E+00
   0.35823E+03   0.29959E+02   0.27249E+02   0.44902E+00  -0.20884E+00
   0.35858E+03   0.29960E+02   0.27623E+02   0.44963E+00  -0.18344E+00
   0.35893E+03   0.29961E+02   0.27904E+02   0.44445E+00  -0.16471E+00
   0.35928E+03   0.29960E+02   0.28017E+02   0.43356E+00  -0.14792E+00
   0.35963E+03   0.29958E+02   0.27696E+02   0.42184E+00  -0.13426E+00
   0.35998E+03   0.29954E+02   0.27115E+02   0.40514E+00  -0.12914E+00
   0.36033E+03   0.29946E+02   0.26901E+02   0.39147E+00  -0.12084E+00
   0.36068E+03   0.29940E+02   0.26832E+02   0.38060E+00  -0.10951E+00
   0.36103E+03   0.29934E+02   0.26766E+02   0.36421E+00  -0.10620E+00
   0.36138E+03   0.29924E+02   0.26787E+02   0.35320E+00  -0.10474E+00
   0.36173E+03   0.29914E+02   0.26673E+02   0.34654E+00  -0.10462E+00
   0.36208E+03   0.29905E+02   0.26430E+02   0.34550E+00  -0.11196E+00
   0.36243E+03   0.29901E+02   0.26258E+02   0.34839E+00  -0.12089E+00
   0.36278E+03   0.29899E+02   0.26286E+02   0.34167E+00  -0.12100E+00
   0.36313E+03   0.29895E+02   0.26378E+02   0.33477E+00  -0.11515E+00
   0.36348E+03   0.29891E+02   0.26322E+02   0.33183E+00  -0.11820E+00
   0.36383E+03   0.29886E+02   0.26144E+02   0.33014E+00  -0.12911E+00
   0.36418E+03   0.29881E+02   0.26193E+02   0.32950E+00  -0.13085E+00
   0.36453E+03   0.29879E+02   0.26342E+02   0.33092E+00  -0.12773E+00
   0.36488E+03   0.29880E+02   0.26329E+02   0.33093E+00  -0.13526E+00
   0.36523E+03   0.29882E+02   0.26337E+02   0.32666E+00  -0.13968E+00
   0.36558E+03   0.29877E+02   0.26269E+02   0.32156E+00  -0.14226E+00
   0.36593E+03   0.29871E+02   0.26131E+02   0.32201E+00  -0.14929E+00
   0.36628E+03   0.29870E+02   0.26003E+02   0.32505E+00  -0.15278E+00
   0.36663E+03   0.29872E+02   0.25817E+02   0.32771E+00  -0.16722E+00
   0.36698E+03   0.29874E+02   0.25686E+02   0.33027E+00  -0.18156E+00
   0.36733E+03   0.29875E+02   0.25715E+02   0.33140E+00  -0.18087E+00
   0.36768E+03   0.29876E+02   0.25769E+02   0.33445E+00  -0.18272E+00
   0.36803E+03   0.29882E+02   0.25743E+02   0.34245E+00  -0.18912E+00
   0.36838E+03   0.29890E+02   0.25509E+02   0.35083E+00  -0.20112E+00
   0.36873E+03   0.29898E+02   0.25547E+02   0.35682E+00  -0.20714E+00
   0.36908E+03   0.29903E+02   0.25629E+02   0.36121E+00  -0.20749E+00
   0.36943E+03   0.29908E+02   0.25473E+02   0.36965E+00  -0.21611E+00
   0.36978E+03   0.29915E+02   0.25360E+02   0.37690E+00  -0.22199E+00
   0.37013E+03   0.29919E+02   0.25137E+02   0.37768E+00  -0.23205E+00
   0.37048E+03   0.29923E+02   0.25195E+02   0.38214E+00  -0.23787E+00
   0.37083E+03   0.29927E+02   0.25441E+02   0.39237E+00  -0.23233E+00
   0.37118E+03   0.29933E+02   0.25484E+02   0.40400E+00  -0.23655E+00
   0.37153E+03   0.29938E+02   0.25585E+02   0.40906E+00  -0.23619E+00
   0.37188E+03   0.29942E+02   0.25895E+02   0.41161E+00  -0.22845E+00
   0.37223E+03   0.29944E+02   0.26057E+02   0.41652E+00  -0.22085E+00
   0.37258E+03   0.29947E+02   0.26101E+02   0.42213E+00  -0.21156E+00
   0.37293E+03   0.29949E+02   0.26235E+02   0.42745E+00  -0.20819E+00
   0.37328E+03   0.29951E+02   0.26025E+02   0.42482E+00  -0.20914E+00
   0.37363E+03   0.29951E+02   0.25690E+02   0.41574E+00  -0.21036E+00
   0.37398E+03   0.29949E+02   0.25801E+02   0.41124E+00  -0.20063E+00
   0.37433E+03   0.29948E+02   0.26132E+02   0.41244E+00  -0.18380E+00
   0.37468E+03   0.29948E+02   0.26240E+02   0.41149E+00  -0.17533E+00
   0.37503E+03   0.29947E+02   0.26209E+02   0.40483E+00  -0.17599E+00
   0.37538E+03   0.29945E+02   0.26254E+02   0.40240E+00  -0.17133E+00
   0.37573E+03   0.29943E+02   0.26520E+02   0.40217E+00  -0.14862E+00
   0.37608E+03   0.29942E+02   0.26714E+02   0.39821E+00  -0.13496E+00
   0.37643E+03   0.29938E+02   0.26688E+02   0.39121E+00  -0.13656E+00
   0.37678E+03   0.29933E+02   0.26766E+02   0.38252E+00  -0.12826E+00
   0.37713E+03   0.29929E+02   0.26664E+02   0.37250E+00  -0.12314E+00
   0.37748E+03   0.29924E+02   0.26566E+02   0.36339E+00  -0.12478E+00
   0.37783E+03   0.29917E+02   0.26683E+02   0.36049E+00  -0.11956E+00
   0.37818E+03   0.29911E+02   0.26542E+02   0.35458E+00  -0.12080E+00
   0.37853E+03   0.29906E+02   0.26367E+02   0.34384E+00  -0.12642E+00
   0.37888E+03   0.29898E+02   0.26381E+02   0.33597E+00  -0.12742E+00
   0.37923E+03   0.29893E+02   0.26239E+02   0.33633E+00  -0.13025E+00
   0.37958E+03   0.29890E+02   0.26049E+02   0.33894E+00  -0.13550E+00
   0.37993E+03   0.29887E+02   0.25927E+02   0.33868E+00  -0.14918E+00
   0.38028E+03   0.29885E+02   0.25785E+02   0.33317E+00  -0.15740E+00
   0.38063E+03   0.29883E+02   0.25658E+02   0.33048E+00  -0.15634E+00
   0.38098E+03   0.29885E+02   0.25370E+02   0.33497E+00  -0.16897E+00
   0.38133E+03   0.29885E+02   0.24968E+02   0.33603E+00  -0.18788E+00
   0.38168E+03   0.29885E+02   0.24852E+02   0.33801E+00  -0.19802E+00
   0.38203E+03   0.29891E+02   0.24788E+02   0.34464E+00  -0.21041E+00
   0.38238E+03   0.29896E+02   0.24820E+02   0.35137E+00  -0.22094E+00
   0.38273E+03   0.29901E+02   0.25001E+02   0.36064E+00  -0.22373E+00
   0.38308E+03   0.29909E+02   0.25118E+02   0.36910E+00  -0.22795E+00
   0.38343E+03   0.29914E+02   0.25301E+02   0.37801E+00  -0.23133E+00
   0.38378E+03   0.29920E+02   0.25522E+02   0.39168E+00  -0.23314E+00
   0.38413E+03   0.29929E+02   0.25588E+02   0.40004E+00  -0.23621E+00
   0.38448E+03   0.29934E+02   0.25816E+02   0.40602E+00  -0.23212E+00
   0.38483E+03   0.29939E+02   0.26161E+02   0.40777E+00  -0.22309E+00
   0.38518E+03   0.29942E+02   0.26194E+02   0.40560E+00  -0.21685E+00
   0.38553E+03   0.29943E+02   0.25906E+02   0.40634E+00  -0.21574E+00
   0.38588E+03   0.29943E+02   0.25781E+02   0.41173E+00  -0.21941E+00
   0.38623E+03   0.29945E+02   0.25824E+02   0.41463E+00  -0.21453E+00
   0.38658E+03   0.29946E+02   0.25546E+02   0.40958E+00  -0.21289E+00
   0.38693E+03   0.29946E+02   0.25710E+02   0.40878E+00  -0.21382E+00
   0.38728E+03   0.29946E+02   0.26208E+02   0.41027E+00  -0.19325E+00
   0.38763E+03   0.29945E+02   0.26403E+02   0.41136E+00  -0.17713E+00
   0.38798E+03   0.29946E+02   0.26243E+02   0.41610E+00  -0.18623E+00
   0.38833E+03   0.29948E+02   0.25907E+02   0.41552E+00  -0.19381E+00
   0.38868E+03   0.29948E+02   0.25725E+02   0.40901E+00  -0.18625E+00
   0.38903E+03   0.29946E+02   0.25915E+02   0.40123E+00  -0.16869E+00
   0.38938E+03   0.29943E+02   0.26185E+02   0.39226E+00  -0.15127E+00
   0.38973E+03   0.29938E+02   0.26180E+02   0.38597E+00  -0.14706E+00
   0.39008E+03   0.29935E+02   0.26229E+02   0.38413E+00  -0.14899E+00
   0.39043E+03   0.29933E+02   0.26261E+02   0.38137E+00  -0.14613E+00
   0.39078E+03   0.29930E+02   0.26321E+02   0.37865E+00  -0.14188E+00
   0.39113E+03   0.29927E+02   0.26495E+02   0.37689E+00  -0.13325E+00
   0.39148E+03   0.29924E+02   0.26498E+02   0.36756E+00  -0.12696E+00
   0.39183E+03   0.29917E+02   0.26284E+02   0.35319E+00  -0.13118E+00
   0.39218E+03   0.29911E+02   0.25982E+02   0.34444E+00  -0.14018E+00
   0.39253E+03   0.29908E+02   0.25567E+02   0.34272E+00  -0.15124E+00
   0.39288E+03   0.29903E+02   0.25341E+02   0.34437E+00  -0.15600E+00
   0.39323E+03   0.29899E+02   0.25368E+02   0.34096E+00  -0.15997E+00
   0.39358E+03   0.29892E+02   0.25509E+02   0.33437E+00  -0.16058E+00
   0.39393E+03   0.29889E+02   0.25741E+02   0.33940E+00  -0.15773E+00
   0.39428E+03   0.29892E+02   0.25894E+02   0.35007E+00  -0.16268E+00
   0.39463E+03   0.29897E+02   0.25863E+02   0.35643E+00  -0.16711E+00
   0.39498E+03   0.29903E+02   0.25805E+02   0.36030E+00  -0.17031E+00
   0.39533E+03   0.29906E+02   0.25806E+02   0.36068E+00  -0.17379E+00
   0.39568E+03   0.29908E+02   0.25742E+02   0.35589E+00  -0.17205E+00
   0.39603E+03   0.29906E+02   0.25755E+02   0.35036E+00  -0.16955E+00
   0.39638E+03   0.29903E+02   0.25980E+02   0.34900E+00  -0.16539E+00
   0.39673E+03   0.29904E+02   0.25971E+02   0.35113E+00  -0.16684E+00
   0.39708E+03   0.29904E+02   0.25906E+02   0.35277E+00  -0.17217E+00
   0.39743E+03   0.29903E+02   0.25838E+02   0.35686E+00  -0.17910E+00
   0.39778E+03   0.29907E+02   0.25564E+02   0.36008E+00  -0.18736E+00
   0.39813E+03   0.29909E+02   0.25502E+02   0.35699E+00  -0.18929E+00
   0.39848E+03   0.29906E+02   0.25267E+02   0.35591E+00  -0.19952E+00
   0.39883E+03   0.29905E+02   0.25187E+02   0.36173E+00  -0.20218E+00
   0.39918E+03   0.29908E+02   0.25301E+02   0.37021E+00  -0.20126E+00
   0.39953E+03   0.29914E+02   0.25146E+02   0.37705E+00  -0.21940E+00
   0.39988E+03   0.29920E+02   0.25123E+02   0.38238E+00  -0.22732E+00
   0.40023E+03   0.29924E+02   0.25431E+02   0.38675E+00  -0.21497E+00
   0.40058E+03   0.29928E+02   0.25918E+02   0.39270E+00  -0.19948E+00
   0.40093E+03   0.29932E+02   0.26172E+02   0.39741E+00  -0.19234E+00
   0.40128E+03   0.29935E+02   0.26298E+02   0.39916E+00  -0.19067E+00
   0.40163E+03   0.29937E+02   0.26605E+02   0.40292E+00  -0.17908E+00
   0.40198E+03   0.29939E+02   0.26711E+02   0.40215E+00  -0.17005E+00
   0.40233E+03   0.29940E+02   0.26562E+02   0.39546E+00  -0.16788E+00
   0.40268E+03   0.29938E+02   0.26766E+02   0.38696E+00  -0.15530E+00
   0.40303E+03   0.29932E+02   0.27039E+02   0.37826E+00  -0.13574E+00
   0.40338E+03   0.29928E+02   0.26839E+02   0.36996E+00  -0.13265E+00
   0.40373E+03   0.29925E+02   0.26484E+02   0.36254E+00  -0.14273E+00
   0.40408E+03   0.29921E+02   0.26191E+02   0.35923E+00  -0.14721E+00
   0.40443E+03   0.29915E+02   0.26044E+02   0.35619E+00  -0.14426E+00
   0.40478E+03   0.29911E+02   0.25979E+02   0.35004E+00  -0.14290E+00
   0.40513E+03   0.29910E+02   0.25847E+02   0.34188E+00  -0.15204E+00
   0.40548E+03   0.29905E+02   0.25743E+02   0.34154E+00  -0.15642E+00
   0.40583E+03   0.29902E+02   0.25784E+02   0.34842E+00  -0.15303E+00
   0.40618E+03   0.29903E+02   0.25815E+02   0.35252E+00  -0.15825E+00
   0.40653E+03   0.29905E+02   0.25706E+02   0.35509E+00  -0.17017E+00
   0.40688E+03   0.29906E+02   0.25697E+02   0.35883E+00  -0.17378E+00
   0.40723E+03   0.29906E+02   0.25893E+02   0.35947E+00  -0.16591E+00
   0.40758E+03   0.29908E+02   0.26157E+02   0.35430E+00  -0.15686E+00
   0.40793E+03   0.29909E+02   0.26031E+02   0.35292E+00  -0.16588E+00
   0.40828E+03   0.29909E+02   0.25577E+02   0.35824E+00  -0.18182E+00
   0.40863E+03   0.29909E+02   0.25497E+02   0.35899E+00  -0.18092E+00
   0.40898E+03   0.29908E+02   0.25459E+02   0.35212E+00  -0.18493E+00
   0.40933E+03   0.29905E+02   0.25097E+02   0.35298E+00  -0.20215E+00
   0.40968E+03   0.29905E+02   0.25094E+02   0.35973E+00  -0.20739E+00
   0.41003E+03   0.29907E+02   0.25493E+02   0.36098E+00  -0.20054E+00
   0.41038E+03   0.29910E+02   0.25651E+02   0.36550E+00  -0.20209E+00
   0.41073E+03   0.29915E+02   0.25442E+02   0.37561E+00  -0.21487E+00
   0.41108E+03   0.29920E+02   0.25338E+02   0.38841E+00  -0.21873E+00
   0.41143E+03   0.29926E+02   0.25539E+02   0.39402E+00  -0.21301E+00
   0.41178E+03   0.29929E+02   0.25638E+02   0.39114E+00  -0.21485E+00
   0.41213E+03   0.29931E+02   0.25879E+02   0.39295E+00  -0.20958E+00
   0.41248E+03   0.29934E+02   0.26301E+02   0.39912E+00  -0.19471E+00
   0.41283E+03   0.29936E+02   0.26542E+02   0.40330E+00  -0.18903E+00
   0.41318E+03   0.29937E+02   0.26540E+02   0.40144E+00  -0.18725E+00
   0.41353E+03   0.29937E+02   0.26316E+02   0.39942E+00  -0.18524E+00
   0.41388E+03   0.29938E+02   0.26079E+02   0.40170E+00  -0.18431E+00
   0.41423E+03   0.29939E+02   0.25898E+02   0.39637E+00  -0.18089E+00
   0.41458E+03   0.29936E+02   0.25709E+02   0.38134E+00  -0.18331E+00
   0.41493E+03   0.29931E+02   0.25475E+02   0.37479E+00  -0.18705E+00
   0.41528E+03   0.29928E+02   0.25499E+02   0.38078E+00  -0.18035E+00
   0.41563E+03   0.29928E+02   0.25694E+02   0.38500E+00  -0.17426E+00
   0.41598E+03   0.29928E+02   0.25779E+02   0.38224E+00  -0.17761E+00
   0.41633E+03   0.29927E+02   0.25805E+02   0.38592E+00  -0.18085E+00
   0.41668E+03   0.29929E+02   0.25749E+02   0.39246E+00  -0.17795E+00
   0.41703E+03   0.29930E+02   0.25895E+02   0.38912E+00  -0.17328E+00
   0.41738E+03   0.29930E+02   0.25985E+02   0.38462E+00  -0.17441E+00
   0.41773E+03   0.29930E+02   0.25821E+02   0.38384E+00  -0.17670E+00
   0.41808E+03   0.29930E+02   0.25860E+02   0.38215E+00  -0.16936E+00
   0.41843E+03   0.29927E+02   0.25772E+02   0.37550E+00  -0.16992E+00
   0.41878E+03   0.29924E+02   0.25761E+02   0.37076E+00  -0.17205E+00
   0.41913E+03   0.29922E+02   0.25925E+02   0.37490E+00  -0.16598E+00
   0.41948E+03   0.29921E+02   0.25878E+02   0.37409E+00  -0.16766E+00
   0.41983E+03   0.29920E+02   0.25990E+02   0.36909E+00  -0.16659E+00
