         362
  0.175000000000000        1312500.00000000     
         201
  0.525000000000000        3937500.00000000     
         474
  0.875000000000000        6562500.00000000     
         161
   1.22500000000000        9187500.00000000     
         370
   1.57500000000000        11812500.0000000     
         526
   1.92500000000000        14437500.0000000     
         322
   2.27500000000000        17062500.0000000     
         471
   2.62500000000000        19687500.0000000     
         447
   2.97500000000000        22312500.0000000     
         159
   3.32500000000000        24937500.0000000     
         468
   3.67500000000000        27562500.0000000     
         103
   4.02500000000000        30187500.0000000     
         114
   4.37500000000000        32812500.0000000     
         296
   4.72500000000000        35437500.0000000     
         165
   5.07500000000000        38062500.0000000     
         239
   5.42500000000000        40687500.0000000     
         291
   5.77500000000000        43312500.0000000     
         329
   6.12500000000000        45937500.0000000     
         309
   6.47500000000000        48562500.0000000     
         369
   6.82500000000000        51187500.0000000     
         530
   7.17500000000000        53812500.0000000     
         117
   7.52500000000000        56437500.0000000     
         316
   7.87500000000000        59062500.0000000     
          37
   8.22500000000000        61687500.0000000     
         122
   8.57500000000000        64312500.0000000     
         272
   8.92500000000000        66937500.0000000     
         223
   9.27500000000000        69562500.0000000     
         485
   9.62499999999999        72187500.0000000     
         522
   9.97499999999999        74812500.0000000     
         130
   10.3250000000000        77437500.0000000     
         279
   10.6750000000000        80062500.0000000     
         504
   11.0250000000000        82687500.0000000     
         288
   11.3750000000000        85312499.9999999     
          87
   11.7250000000000        87937499.9999999     
         232
   12.0750000000000        90562499.9999999     
         441
   12.4250000000000        93187499.9999999     
         491
   12.7750000000000        95812499.9999999     
         223
   13.1250000000000        98437499.9999999     
          86
   13.4750000000000        101062500.000000     
          31
   13.8250000000000        103687500.000000     
         191
   14.1750000000000        106312500.000000     
         104
   14.5250000000000        108937500.000000     
           9
   14.8750000000000        111562500.000000     
         267
   15.2250000000000        114187500.000000     
         218
   15.5750000000000        116812500.000000     
         175
   15.9250000000000        119437500.000000     
         126
   16.2750000000000        122062500.000000     
         315
   16.6250000000000        124687500.000000     
         182
   16.9750000000000        127312500.000000     
          54
   17.3250000000000        129937500.000000     
         446
   17.6750000000000        132562500.000000     
          72
   18.0250000000000        135187500.000000     
          73
   18.3750000000000        137812500.000000     
         108
   18.7250000000000        140437500.000000     
          53
   19.0750000000000        143062500.000000     
         104
   19.4250000000000        145687500.000000     
         202
   19.7750000000000        148312500.000000     
         260
   20.1250000000000        150937500.000000     
         396
   20.4750000000000        153562500.000000     
         129
   20.8250000000000        156187500.000000     
         383
   21.1750000000000        158812500.000000     
         371
   21.5250000000000        161437500.000000     
         390
   21.8750000000000        164062500.000000     
         149
   22.2250000000000        166687500.000000     
          67
   22.5750000000000        169312500.000000     
         322
   22.9250000000000        171937500.000000     
         209
   23.2750000000000        174562500.000000     
         197
   23.6250000000000        177187500.000000     
         289
   23.9750000000000        179812500.000000     
         387
   24.3250000000000        182437500.000000     
         298
   24.6750000000000        185062500.000000     
         313
   25.0250000000000        187687500.000000     
         470
   25.3750000000000        190312500.000000     
         118
   25.7250000000000        192937500.000000     
         291
   26.0750000000000        195562500.000000     
         437
   26.4250000000000        198187500.000000     
         433
   26.7750000000000        200812500.000000     
         459
   27.1250000000000        203437500.000000     
         306
   27.4750000000000        206062500.000000     
         234
   27.8250000000000        208687500.000000     
         460
   28.1750000000000        211312500.000000     
         323
   28.5250000000000        213937500.000000     
         504
   28.8750000000000        216562500.000000     
         308
   29.2250000000000        219187500.000000     
          68
   29.5750000000000        221812500.000000     
         145
   29.9250000000000        224437500.000000     
         451
   30.2750000000000        227062500.000000     
         173
   30.6250000000000        229687500.000000     
         199
   30.9750000000001        232312500.000000     
         267
   31.3250000000001        234937500.000000     
         245
   31.6750000000001        237562500.000000     
         135
   32.0250000000001        240187500.000000     
         497
   32.3750000000001        242812500.000000     
          28
   32.7250000000001        245437500.000000     
         355
   33.0750000000001        248062500.000000     
          27
   33.4250000000001        250687500.000000     
         279
   33.7750000000001        253312500.000000     
         388
   34.1250000000001        255937500.000000     
         226
   34.4750000000001        258562500.000000     
         317
   34.8250000000001        261187500.000001     
         141
   35.1750000000001        263812500.000001     
          92
   35.5250000000001        266437500.000001     
         130
   35.8750000000001        269062500.000001     
          74
   36.2250000000001        271687500.000001     
         189
   36.5750000000001        274312500.000001     
          71
   36.9250000000001        276937500.000001     
         111
   37.2750000000001        279562500.000001     
         511
   37.6250000000001        282187500.000001     
         116
   37.9750000000001        284812500.000001     
         291
   38.3250000000001        287437500.000001     
          95
   38.6750000000001        290062500.000001     
         532
   39.0250000000001        292687500.000001     
         307
   39.3750000000001        295312500.000001     
         492
   39.7250000000001        297937500.000001     
         344
   40.0750000000001        300562500.000001     
          57
   40.4250000000001        303187500.000001     
         407
   40.7750000000001        305812500.000001     
         470
   41.1250000000001        308437500.000001     
         110
   41.4750000000001        311062500.000001     
         512
   41.8250000000001        313687500.000001     
         432
   42.1750000000001        316312500.000001     
          31
   42.5250000000001        318937500.000001     
         423
   42.8750000000001        321562500.000001     
         387
   43.2250000000001        324187500.000001     
         369
   43.5750000000001        326812500.000001     
          53
   43.9250000000001        329437500.000001     
         187
   44.2750000000001        332062500.000001     
         390
   44.6250000000001        334687500.000001     
         107
   44.9750000000001        337312500.000001     
         345
   45.3250000000001        339937500.000001     
         513
   45.6750000000001        342562500.000001     
         161
   46.0250000000001        345187500.000001     
         142
   46.3750000000001        347812500.000001     
          77
   46.7250000000001        350437500.000001     
          14
   47.0750000000001        353062500.000001     
         118
   47.4250000000001        355687500.000001     
         429
   47.7750000000001        358312500.000001     
         416
   48.1250000000001        360937500.000001     
         485
   48.4750000000001        363562500.000001     
         460
   48.8250000000001        366187500.000001     
         286
   49.1750000000001        368812500.000001     
         149
   49.5250000000001        371437500.000001     
         478
   49.8750000000001        374062500.000001     
          62
   50.2250000000001        376687500.000001     
          64
   50.5750000000001        379312500.000001     
         191
   50.9250000000001        381937500.000001     
         384
   51.2750000000001        384562500.000001     
         517
   51.6250000000001        387187500.000001     
         434
   51.9750000000001        389812500.000001     
         219
   52.3250000000001        392437500.000001     
         182
   52.6750000000001        395062500.000001     
         425
   53.0250000000001        397687500.000001     
         213
   53.3750000000001        400312500.000001     
         342
   53.7250000000001        402937500.000001     
         340
   54.0750000000001        405562500.000001     
         466
   54.4250000000001        408187500.000001     
         394
   54.7750000000001        410812500.000001     
         184
   55.1250000000001        413437500.000001     
         144
   55.4750000000002        416062500.000001     
         446
   55.8250000000002        418687500.000001     
         306
   56.1750000000002        421312500.000001     
         250
   56.5250000000002        423937500.000001     
         349
   56.8750000000002        426562500.000001     
         352
   57.2250000000002        429187500.000001     
         251
   57.5750000000002        431812500.000001     
          58
   57.9250000000002        434437500.000001     
         180
   58.2750000000002        437062500.000001     
         442
   58.6250000000002        439687500.000001     
          74
   58.9750000000002        442312500.000001     
         221
   59.3250000000002        444937500.000001     
         148
   59.6750000000002        447562500.000001     
         121
   60.0250000000002        450187500.000001     
         518
   60.3750000000002        452812500.000001     
         426
   60.7250000000002        455437500.000001     
          71
   61.0750000000002        458062500.000001     
         134
   61.4250000000002        460687500.000001     
         367
   61.7750000000002        463312500.000001     
         231
   62.1250000000002        465937500.000001     
         465
   62.4750000000002        468562500.000001     
         148
   62.8250000000002        471187500.000001     
         297
   63.1750000000002        473812500.000001     
         430
   63.5250000000002        476437500.000001     
         495
   63.8750000000002        479062500.000001     
         206
   64.2250000000002        481687500.000001     
         386
   64.5750000000002        484312500.000001     
         117
   64.9250000000002        486937500.000001     
         404
   65.2750000000002        489562500.000001     
         106
   65.6250000000002        492187500.000001     
         137
   65.9750000000002        494812500.000001     
          97
   66.3250000000001        497437500.000001     
         202
   66.6750000000001        500062500.000001     
         439
   67.0250000000001        502687500.000001     
          73
   67.3750000000001        505312500.000001     
         173
   67.7250000000001        507937500.000001     
         465
   68.0750000000001        510562500.000001     
         352
   68.4250000000001        513187500.000001     
          53
   68.7750000000001        515812500.000001     
         349
   69.1250000000001        518437500.000001     
         408
   69.4750000000001        521062500.000001     
         431
   69.8250000000001        523687500.000001     
          21
   70.1750000000001        526312500.000001     
          59
   70.5250000000001        528937500.000001     
         365
   70.8750000000001        531562500.000001     
          52
   71.2250000000001        534187500.000000     
         398
   71.5750000000001        536812500.000000     
          13
   71.9250000000001        539437500.000000     
         434
   72.2750000000000        542062500.000000     
         197
   72.6250000000000        544687500.000000     
         472
   72.9750000000000        547312500.000000     
         495
   73.3250000000000        549937500.000000     
         220
   73.6750000000000        552562500.000000     
         338
   74.0250000000000        555187500.000000     
         233
   74.3750000000000        557812500.000000     
         112
   74.7250000000000        560437500.000000     
         237
   75.0750000000000        563062500.000000     
         323
   75.4250000000000        565687500.000000     
         416
   75.7750000000000        568312500.000000     
         323
   76.1250000000000        570937500.000000     
         403
   76.4750000000000        573562500.000000     
          43
   76.8250000000000        576187500.000000     
         268
   77.1750000000000        578812500.000000     
         473
   77.5250000000000        581437500.000000     
         265
   77.8750000000000        584062500.000000     
         142
   78.2250000000000        586687500.000000     
           0
   78.5749999999999        589312500.000000     
         219
   78.9249999999999        591937500.000000     
         443
   79.2749999999999        594562500.000000     
          74
   79.6249999999999        597187500.000000     
         391
   79.9749999999999        599812499.999999     
         327
   80.3249999999999        602437499.999999     
         467
   80.6749999999999        605062499.999999     
         221
   81.0249999999999        607687499.999999     
         269
   81.3749999999999        610312499.999999     
         374
   81.7249999999999        612937499.999999     
         368
   82.0749999999999        615562499.999999     
         253
   82.4249999999999        618187499.999999     
         149
   82.7749999999999        620812499.999999     
         508
   83.1249999999999        623437499.999999     
         168
   83.4749999999999        626062499.999999     
         253
   83.8249999999999        628687499.999999     
         309
   84.1749999999999        631312499.999999     
         473
   84.5249999999998        633937499.999999     
         451
   84.8749999999998        636562499.999999     
         165
   85.2249999999998        639187499.999999     
         439
   85.5749999999998        641812499.999999     
         389
   85.9249999999998        644437499.999999     
         110
   86.2749999999998        647062499.999999     
         312
   86.6249999999998        649687499.999999     
         149
   86.9749999999998        652312499.999999     
         285
   87.3249999999998        654937499.999999     
         392
   87.6749999999998        657562499.999998     
         149
   88.0249999999998        660187499.999998     
         478
   88.3749999999998        662812499.999998     
         165
   88.7249999999998        665437499.999998     
         293
   89.0749999999998        668062499.999998     
         342
   89.4249999999998        670687499.999998     
         371
   89.7749999999998        673312499.999998     
          24
   90.1249999999998        675937499.999998     
         527
   90.4749999999998        678562499.999998     
         280
   90.8249999999997        681187499.999998     
         204
   91.1749999999997        683812499.999998     
         379
   91.5249999999997        686437499.999998     
         462
   91.8749999999997        689062499.999998     
         331
   92.2249999999997        691687499.999998     
         455
   92.5749999999997        694312499.999998     
         108
   92.9249999999997        696937499.999998     
         225
   93.2749999999997        699562499.999998     
         182
   93.6249999999997        702187499.999998     
         228
   93.9749999999997        704812499.999998     
         169
   94.3249999999997        707437499.999998     
         409
   94.6749999999997        710062499.999998     
         356
   95.0249999999997        712687499.999998     
         277
   95.3749999999997        715312499.999997     
          40
   95.7249999999997        717937499.999997     
         516
   96.0749999999997        720562499.999997     
         437
   96.4249999999997        723187499.999997     
         215
   96.7749999999997        725812499.999997     
         386
   97.1249999999996        728437499.999997     
         520
   97.4749999999996        731062499.999997     
         470
   97.8249999999996        733687499.999997     
         502
   98.1749999999996        736312499.999997     
         107
   98.5249999999996        738937499.999997     
         500
   98.8749999999996        741562499.999997     
         439
   99.2249999999996        744187499.999997     
         114
   99.5749999999996        746812499.999997     
         401
   99.9249999999996        749437499.999997     
         397
   100.275000000000        752062499.999997     
         393
   100.625000000000        754687499.999997     
         110
   100.975000000000        757312499.999997     
         516
   101.325000000000        759937499.999997     
         300
   101.675000000000        762562499.999997     
         316
   102.025000000000        765187499.999997     
         154
   102.375000000000        767812499.999997     
         528
   102.725000000000        770437499.999997     
         181
   103.075000000000        773062499.999997     
         523
   103.425000000000        775687499.999997     
         163
   103.775000000000        778312499.999997     
         411
   104.125000000000        780937499.999996     
         158
   104.475000000000        783562499.999996     
         281
   104.825000000000        786187499.999996     
          37
   105.175000000000        788812499.999996     
         130
   105.525000000000        791437499.999996     
         285
   105.875000000000        794062499.999996     
          52
   106.224999999999        796687499.999996     
         200
   106.574999999999        799312499.999996     
         341
   106.924999999999        801937499.999996     
           7
   107.274999999999        804562499.999996     
         483
   107.624999999999        807187499.999996     
         242
   107.974999999999        809812499.999996     
          21
   108.324999999999        812437499.999996     
         419
   108.674999999999        815062499.999996     
         303
   109.024999999999        817687499.999996     
         396
   109.374999999999        820312499.999996     
         268
   109.724999999999        822937499.999996     
         204
   110.074999999999        825562499.999996     
         340
   110.424999999999        828187499.999996     
         499
   110.774999999999        830812499.999996     
         432
   111.124999999999        833437499.999996     
         184
   111.474999999999        836062499.999996     
         149
   111.824999999999        838687499.999996     
         370
   112.174999999999        841312499.999995     
         521
   112.524999999999        843937499.999995     
         532
   112.874999999999        846562499.999995     
         524
   113.224999999999        849187499.999995     
          21
   113.574999999999        851812499.999995     
         367
   113.924999999999        854437499.999995     
          36
   114.274999999999        857062499.999995     
           2
   114.624999999999        859687499.999995     
         528
   114.974999999999        862312499.999995     
         485
   115.324999999999        864937499.999995     
         266
   115.674999999999        867562499.999995     
         424
   116.024999999999        870187499.999995     
          28
   116.374999999999        872812499.999995     
         105
   116.724999999999        875437499.999995     
         211
   117.074999999999        878062499.999995     
         176
   117.424999999999        880687499.999995     
         259
   117.774999999999        883312499.999995     
         364
   118.124999999999        885937499.999995     
         402
   118.474999999999        888562499.999995     
         440
   118.824999999999        891187499.999995     
         329
   119.174999999999        893812499.999995     
           8
   119.524999999999        896437499.999995     
         151
   119.874999999999        899062499.999995     
         204
   120.224999999999        901687499.999995     
         510
   120.574999999999        904312499.999995     
         367
   120.924999999999        906937499.999994     
         120
   121.274999999999        909562499.999994     
         337
   121.624999999999        912187499.999994     
         123
   121.974999999999        914812499.999994     
          27
   122.324999999999        917437499.999994     
         269
   122.674999999999        920062499.999994     
          70
   123.024999999999        922687499.999994     
         354
   123.374999999999        925312499.999994     
         324
   123.724999999999        927937499.999994     
         246
   124.074999999999        930562499.999994     
         448
   124.424999999999        933187499.999994     
         503
   124.774999999999        935812499.999994     
         107
   125.124999999999        938437499.999994     
         102
   125.474999999999        941062499.999994     
          37
   125.824999999999        943687499.999994     
         325
   126.174999999999        946312499.999994     
         268
   126.524999999999        948937499.999994     
          89
   126.874999999999        951562499.999994     
         530
   127.224999999999        954187499.999994     
         430
   127.574999999999        956812499.999994     
         286
   127.924999999999        959437499.999994     
         383
   128.274999999999        962062499.999993     
         257
   128.624999999999        964687499.999993     
          34
   128.974999999999        967312499.999993     
         538
   129.324999999999        969937499.999993     
         506
   129.674999999999        972562499.999993     
         225
   130.024999999999        975187499.999993     
         422
   130.374999999999        977812499.999993     
         280
   130.724999999999        980437499.999993     
          83
   131.074999999999        983062499.999993     
         447
   131.424999999999        985687499.999993     
         514
   131.774999999999        988312499.999993     
         109
   132.124999999999        990937499.999993     
         497
   132.474999999999        993562499.999993     
         433
   132.824999999999        996187499.999993     
         182
   133.174999999999        998812499.999993     
         396
   133.524999999999        1001437499.99999     
         496
   133.874999999999        1004062499.99999     
         347
   134.224999999999        1006687499.99999     
         311
   134.574999999999        1009312499.99999     
          45
   134.924999999999        1011937499.99999     
         313
   135.274999999999        1014562499.99999     
         292
   135.624999999999        1017187499.99999     
         331
   135.974999999999        1019812499.99999     
         484
   136.324999999999        1022437499.99999     
          16
   136.674999999999        1025062499.99999     
         437
   137.024999999999        1027687499.99999     
         125
   137.374999999999        1030312499.99999     
         392
   137.724999999999        1032937499.99999     
         485
   138.074999999999        1035562499.99999     
         499
   138.424999999999        1038187499.99999     
         481
   138.774999999999        1040812499.99999     
         309
   139.124999999999        1043437499.99999     
          29
   139.474999999999        1046062499.99999     
          14
   139.824999999999        1048687499.99999     
         225
   140.174999999999        1051312499.99999     
         424
   140.524999999999        1053937499.99999     
         434
   140.874999999999        1056562499.99999     
         483
   141.224999999999        1059187499.99999     
          32
   141.574999999999        1061812499.99999     
         273
   141.924999999999        1064437499.99999     
         110
   142.274999999999        1067062499.99999     
         319
   142.624999999999        1069687499.99999     
         498
   142.974999999999        1072312499.99999     
         319
   143.324999999999        1074937499.99999     
         148
   143.674999999999        1077562499.99999     
         211
   144.024999999999        1080187499.99999     
         441
   144.374999999999        1082812499.99999     
         132
   144.724999999999        1085437499.99999     
          72
   145.074999999999        1088062499.99999     
           9
   145.424999999999        1090687499.99999     
         522
   145.774999999999        1093312499.99999     
         192
   146.124999999999        1095937499.99999     
         348
   146.474999999999        1098562499.99999     
         146
   146.824999999999        1101187499.99999     
         539
   147.174999999999        1103812499.99999     
         375
   147.524999999999        1106437499.99999     
         133
   147.874999999999        1109062499.99999     
         310
   148.224999999999        1111687499.99999     
         261
   148.574999999999        1114312499.99999     
         181
   148.924999999999        1116937499.99999     
         347
   149.274999999999        1119562499.99999     
         531
   149.624999999999        1122187499.99999     
         193
   149.974999999999        1124812499.99999     
         244
   150.324999999999        1127437499.99999     
          76
   150.674999999999        1130062499.99999     
         514
   151.024999999999        1132687499.99999     
          98
   151.374999999999        1135312499.99999     
         357
   151.724999999999        1137937499.99999     
         497
   152.074999999999        1140562499.99999     
          93
   152.424999999999        1143187499.99999     
         237
   152.774999999999        1145812499.99999     
         251
   153.124999999999        1148437499.99999     
          82
   153.474999999999        1151062499.99999     
         279
   153.824999999999        1153687499.99999     
         392
   154.174999999999        1156312499.99999     
         170
   154.524999999999        1158937499.99999     
         399
   154.874999999999        1161562499.99999     
         483
   155.224999999999        1164187499.99999     
         320
   155.574999999999        1166812499.99999     
          84
   155.924999999999        1169437499.99999     
         264
   156.274999999999        1172062499.99999     
         258
   156.624999999999        1174687499.99999     
         532
   156.974999999999        1177312499.99999     
         516
   157.324999999999        1179937499.99999     
         347
   157.674999999999        1182562499.99999     
         237
   158.024999999999        1185187499.99999     
         452
   158.374999999999        1187812499.99999     
         287
   158.724999999999        1190437499.99999     
         365
   159.074999999999        1193062499.99999     
          54
   159.424999999999        1195687499.99999     
         365
   159.774999999999        1198312499.99999     
         499
   160.124999999999        1200937499.99999     
         513
   160.474999999999        1203562499.99999     
         200
   160.824999999999        1206187499.99999     
         524
   161.174999999999        1208812499.99999     
          12
   161.524999999999        1211437499.99999     
         307
   161.874999999999        1214062499.99999     
          75
   162.224999999999        1216687499.99999     
         210
   162.574999999999        1219312499.99999     
         188
   162.924999999999        1221937499.99999     
         159
   163.274999999999        1224562499.99999     
         528
   163.624999999999        1227187499.99999     
         304
   163.974999999999        1229812499.99999     
         207
   164.324999999999        1232437499.99999     
         426
   164.674999999999        1235062499.99999     
         349
   165.024999999999        1237687499.99999     
         146
   165.374999999999        1240312499.99999     
         460
   165.724999999999        1242937499.99999     
          89
   166.074999999999        1245562499.99999     
          88
   166.424999999999        1248187499.99999     
         471
   166.774999999998        1250812499.99999     
         348
   167.124999999998        1253437499.99999     
         371
   167.474999999998        1256062499.99999     
         116
   167.824999999998        1258687499.99999     
          14
   168.174999999998        1261312499.99999     
         324
   168.524999999998        1263937499.99999     
         476
   168.874999999998        1266562499.99999     
          98
   169.224999999998        1269187499.99999     
          65
   169.574999999998        1271812499.99999     
         429
   169.924999999998        1274437499.99999     
         467
   170.274999999998        1277062499.99999     
          16
   170.624999999998        1279687499.99999     
         433
   170.974999999998        1282312499.99999     
         441
   171.324999999998        1284937499.99999     
         501
   171.674999999998        1287562499.99999     
         172
   172.024999999998        1290187499.99999     
         374
   172.374999999998        1292812499.99999     
         167
   172.724999999998        1295437499.99999     
         301
   173.074999999998        1298062499.99999     
          99
   173.424999999998        1300687499.99999     
         341
   173.774999999998        1303312499.99999     
         245
   174.124999999998        1305937499.99999     
         332
   174.474999999998        1308562499.99999     
         416
   174.824999999998        1311187499.99999     
         245
   175.174999999998        1313812499.99999     
         535
   175.524999999998        1316437499.99999     
         433
   175.874999999998        1319062499.99999     
         474
   176.224999999998        1321687499.99999     
           1
   176.574999999998        1324312499.99999     
          55
   176.924999999998        1326937499.99999     
         410
   177.274999999998        1329562499.99999     
         403
   177.624999999998        1332187499.99999     
         398
   177.974999999998        1334812499.99999     
         191
   178.324999999998        1337437499.99999     
         207
   178.674999999998        1340062499.99999     
         153
   179.024999999998        1342687499.99999     
         259
   179.374999999998        1345312499.99999     
         305
   179.724999999998        1347937499.99999     
         300
   180.074999999998        1350562499.99999     
          51
   180.424999999998        1353187499.99999     
          16
   180.774999999998        1355812499.99999     
          26
   181.124999999998        1358437499.99999     
         500
   181.474999999998        1361062499.99999     
         480
   181.824999999998        1363687499.99999     
         480
   182.174999999998        1366312499.99999     
         217
   182.524999999998        1368937499.99999     
           9
   182.874999999998        1371562499.99999     
         224
   183.224999999998        1374187499.99999     
         448
   183.574999999998        1376812499.99999     
          40
   183.924999999998        1379437499.99999     
         228
   184.274999999998        1382062499.99999     
         359
   184.624999999998        1384687499.99999     
         186
   184.974999999998        1387312499.99999     
         508
   185.324999999998        1389937499.99999     
         227
   185.674999999998        1392562499.99999     
         482
   186.024999999998        1395187499.99999     
         415
   186.374999999998        1397812499.99999     
          44
   186.724999999998        1400437499.99999     
         109
   187.074999999998        1403062499.99999     
         513
   187.424999999998        1405687499.99999     
         499
   187.774999999998        1408312499.99999     
         335
   188.124999999998        1410937499.99999     
         317
   188.474999999998        1413562499.99999     
         445
   188.824999999998        1416187499.99999     
         502
   189.174999999998        1418812499.99999     
         449
   189.524999999998        1421437499.99999     
         494
   189.874999999998        1424062499.99999     
         341
   190.224999999998        1426687499.99999     
         222
   190.574999999998        1429312499.99999     
         503
   190.924999999998        1431937499.99999     
         198
   191.274999999998        1434562499.99999     
         342
   191.624999999998        1437187499.99999     
         419
   191.974999999998        1439812499.99999     
         272
   192.324999999998        1442437499.99999     
         506
   192.674999999998        1445062499.99999     
         162
   193.024999999998        1447687499.99999     
         505
   193.374999999998        1450312499.99999     
         455
   193.724999999998        1452937499.99999     
         140
   194.074999999998        1455562499.99999     
         286
   194.424999999998        1458187499.99999     
         104
   194.774999999998        1460812499.99999     
          92
   195.124999999998        1463437499.99999     
         110
   195.474999999998        1466062499.99999     
         153
   195.824999999998        1468687499.99999     
         422
   196.174999999998        1471312499.99999     
           7
   196.524999999998        1473937499.99999     
         299
   196.874999999998        1476562499.99998     
         178
   197.224999999998        1479187499.99998     
         396
   197.574999999998        1481812499.99998     
         533
   197.924999999998        1484437499.99998     
         502
   198.274999999998        1487062499.99998     
         336
   198.624999999998        1489687499.99998     
          86
   198.974999999998        1492312499.99998     
          38
   199.324999999998        1494937499.99998     
         374
   199.674999999998        1497562499.99998     
         129
   200.024999999998        1500187499.99998     
         469
   200.374999999998        1502812499.99998     
         419
   200.724999999998        1505437499.99998     
         451
   201.074999999998        1508062499.99998     
         365
   201.424999999998        1510687499.99998     
         343
   201.774999999998        1513312499.99998     
          32
   202.124999999998        1515937499.99998     
         432
   202.474999999998        1518562499.99998     
         349
   202.824999999998        1521187499.99998     
         186
   203.174999999998        1523812499.99998     
         385
   203.524999999998        1526437499.99998     
         415
   203.874999999998        1529062499.99998     
         190
   204.224999999998        1531687499.99998     
         140
   204.574999999998        1534312499.99998     
         118
   204.924999999998        1536937499.99998     
         220
   205.274999999998        1539562499.99998     
         449
   205.624999999998        1542187499.99998     
          80
   205.974999999998        1544812499.99998     
         300
   206.324999999998        1547437499.99998     
         262
   206.674999999998        1550062499.99998     
         129
   207.024999999998        1552687499.99998     
         482
   207.374999999998        1555312499.99998     
         141
   207.724999999998        1557937499.99998     
         468
   208.074999999998        1560562499.99998     
         377
   208.424999999998        1563187499.99998     
         321
   208.774999999998        1565812499.99998     
         104
   209.124999999998        1568437499.99998     
         415
   209.474999999998        1571062499.99998     
         517
   209.824999999998        1573687499.99998     
         367
   210.174999999998        1576312499.99998     
         327
   210.524999999998        1578937499.99998     
         232
   210.874999999998        1581562499.99998     
         109
   211.224999999998        1584187499.99998     
         327
   211.574999999998        1586812499.99998     
         282
   211.924999999998        1589437499.99998     
         349
   212.274999999998        1592062499.99998     
         466
   212.624999999998        1594687499.99998     
          71
   212.974999999998        1597312499.99998     
         353
   213.324999999998        1599937499.99998     
         213
   213.674999999998        1602562499.99998     
         387
   214.024999999998        1605187499.99998     
         406
   214.374999999998        1607812499.99998     
         114
   214.724999999998        1610437499.99998     
         451
   215.074999999998        1613062499.99998     
          44
   215.424999999998        1615687499.99998     
         358
   215.774999999998        1618312499.99998     
         162
   216.124999999998        1620937499.99998     
         426
   216.474999999998        1623562499.99998     
         327
   216.824999999998        1626187499.99998     
          44
   217.174999999998        1628812499.99998     
         464
   217.524999999998        1631437499.99998     
           2
   217.874999999998        1634062499.99998     
         214
   218.224999999998        1636687499.99998     
         527
   218.574999999998        1639312499.99998     
           6
   218.924999999998        1641937499.99998     
         422
   219.274999999998        1644562499.99998     
          58
   219.624999999998        1647187499.99998     
         524
   219.974999999998        1649812499.99998     
         236
   220.324999999998        1652437499.99998     
         245
   220.674999999998        1655062499.99998     
         443
   221.024999999998        1657687499.99998     
         233
   221.374999999998        1660312499.99998     
         461
   221.724999999998        1662937499.99998     
         144
   222.074999999998        1665562499.99998     
         205
   222.424999999998        1668187499.99998     
          42
   222.774999999998        1670812499.99998     
         133
   223.124999999998        1673437499.99998     
         356
   223.474999999998        1676062499.99998     
         474
   223.824999999998        1678687499.99998     
         288
   224.174999999998        1681312499.99998     
         499
   224.524999999998        1683937499.99998     
         494
   224.874999999998        1686562499.99998     
          13
   225.224999999998        1689187499.99998     
           5
   225.574999999998        1691812499.99998     
         473
   225.924999999998        1694437499.99998     
         464
   226.274999999998        1697062499.99998     
         155
   226.624999999998        1699687499.99998     
         266
   226.974999999998        1702312499.99998     
         129
   227.324999999998        1704937499.99998     
         286
   227.674999999998        1707562499.99998     
         327
   228.024999999998        1710187499.99998     
         217
   228.374999999997        1712812499.99998     
         343
   228.724999999997        1715437499.99998     
         219
   229.074999999997        1718062499.99998     
         512
   229.424999999997        1720687499.99998     
         298
   229.774999999997        1723312499.99998     
         540
   230.124999999997        1725937499.99998     
         504
   230.474999999997        1728562499.99998     
         410
   230.824999999997        1731187499.99998     
          93
   231.174999999997        1733812499.99998     
         305
   231.524999999997        1736437499.99998     
         168
   231.874999999997        1739062499.99998     
         440
   232.224999999997        1741687499.99998     
         414
   232.574999999997        1744312499.99998     
         235
   232.924999999997        1746937499.99998     
         518
   233.274999999997        1749562499.99998     
         141
   233.624999999997        1752187499.99998     
         311
   233.974999999997        1754812499.99998     
         292
   234.324999999997        1757437499.99998     
         304
   234.674999999997        1760062499.99998     
         112
   235.024999999997        1762687499.99998     
         491
   235.374999999997        1765312499.99998     
         300
   235.724999999997        1767937499.99998     
         501
   236.074999999997        1770562499.99998     
         348
   236.424999999997        1773187499.99998     
         388
   236.774999999997        1775812499.99998     
         500
   237.124999999997        1778437499.99998     
         241
   237.474999999997        1781062499.99998     
         488
   237.824999999997        1783687499.99998     
         166
   238.174999999997        1786312499.99998     
         344
   238.524999999997        1788937499.99998     
         166
   238.874999999997        1791562499.99998     
         487
   239.224999999997        1794187499.99998     
         471
   239.574999999997        1796812499.99998     
         245
   239.924999999997        1799437499.99998     
         514
   240.274999999997        1802062499.99998     
         191
   240.624999999997        1804687499.99998     
         303
   240.974999999997        1807312499.99998     
         298
   241.324999999997        1809937499.99998     
         406
   241.674999999997        1812562499.99998     
          95
   242.024999999997        1815187499.99998     
          93
   242.374999999997        1817812499.99998     
         368
   242.724999999997        1820437499.99998     
         304
   243.074999999997        1823062499.99998     
         505
   243.424999999997        1825687499.99998     
         349
   243.774999999997        1828312499.99998     
         526
   244.124999999997        1830937499.99998     
         321
   244.474999999997        1833562499.99998     
         394
   244.824999999997        1836187499.99998     
           9
   245.174999999997        1838812499.99998     
          59
   245.524999999997        1841437499.99998     
         512
   245.874999999997        1844062499.99998     
         504
   246.224999999997        1846687499.99998     
         436
   246.574999999997        1849312499.99998     
         119
   246.924999999997        1851937499.99998     
         539
   247.274999999997        1854562499.99998     
         132
   247.624999999997        1857187499.99998     
         388
   247.974999999997        1859812499.99998     
         327
   248.324999999997        1862437499.99998     
         416
   248.674999999997        1865062499.99998     
         177
   249.024999999997        1867687499.99998     
         225
   249.374999999997        1870312499.99998     
         292
   249.724999999997        1872937499.99998     
         252
   250.074999999997        1875562499.99998     
         110
   250.424999999997        1878187499.99998     
         349
   250.774999999997        1880812499.99998     
         101
   251.124999999997        1883437499.99998     
         423
   251.474999999997        1886062499.99998     
         264
   251.824999999997        1888687499.99998     
         326
   252.174999999997        1891312499.99998     
         355
   252.524999999997        1893937499.99998     
         243
   252.874999999997        1896562499.99998     
          98
   253.224999999997        1899187499.99998     
         261
   253.574999999997        1901812499.99998     
          86
   253.924999999997        1904437499.99998     
         502
   254.274999999997        1907062499.99998     
         251
   254.624999999997        1909687499.99998     
         416
   254.974999999997        1912312499.99998     
         392
   255.324999999997        1914937499.99998     
         348
   255.674999999997        1917562499.99998     
         518
   256.024999999997        1920187499.99998     
         135
   256.374999999997        1922812499.99998     
         275
   256.724999999997        1925437499.99998     
         307
   257.074999999997        1928062499.99998     
         399
   257.424999999997        1930687499.99998     
          21
   257.774999999997        1933312499.99998     
         294
   258.124999999997        1935937499.99998     
         145
   258.474999999997        1938562499.99998     
         202
   258.824999999997        1941187499.99998     
         515
   259.174999999997        1943812499.99998     
         390
   259.524999999997        1946437499.99998     
         228
   259.874999999997        1949062499.99998     
         139
   260.224999999997        1951687499.99998     
         146
   260.574999999997        1954312499.99998     
          17
   260.924999999997        1956937499.99998     
         510
   261.274999999997        1959562499.99998     
         486
   261.624999999997        1962187499.99998     
          13
   261.974999999997        1964812499.99998     
         500
   262.324999999997        1967437499.99998     
         456
   262.674999999998        1970062499.99998     
          25
   263.024999999998        1972687499.99998     
         306
   263.374999999998        1975312499.99998     
         187
   263.724999999998        1977937499.99998     
         296
   264.074999999998        1980562499.99998     
         418
   264.424999999998        1983187499.99998     
         494
   264.774999999998        1985812499.99998     
         150
   265.124999999998        1988437499.99998     
         467
   265.474999999998        1991062499.99998     
         347
   265.824999999998        1993687499.99998     
         197
   266.174999999998        1996312499.99998     
          58
   266.524999999998        1998937499.99998     
         421
   266.874999999998        2001562499.99998     
         466
   267.224999999998        2004187499.99998     
          99
   267.574999999998        2006812499.99998     
         477
   267.924999999998        2009437499.99998     
         472
   268.274999999998        2012062499.99998     
         143
   268.624999999998        2014687499.99998     
         212
   268.974999999998        2017312499.99998     
         304
   269.324999999998        2019937499.99998     
         448
   269.674999999998        2022562499.99998     
         281
   270.024999999998        2025187499.99998     
         135
   270.374999999998        2027812499.99998     
         177
   270.724999999998        2030437499.99999     
           6
   271.074999999998        2033062499.99999     
         340
   271.424999999998        2035687499.99999     
         139
   271.774999999998        2038312499.99999     
         139
   272.124999999998        2040937499.99999     
          36
   272.474999999998        2043562499.99999     
         537
   272.824999999998        2046187499.99999     
         316
   273.174999999998        2048812499.99999     
          53
   273.524999999998        2051437499.99999     
         135
   273.874999999998        2054062499.99999     
         207
   274.224999999998        2056687499.99999     
         336
   274.574999999998        2059312499.99999     
           7
   274.924999999998        2061937499.99999     
         332
   275.274999999998        2064562499.99999     
         131
   275.624999999998        2067187499.99999     
         398
   275.974999999998        2069812499.99999     
         167
   276.324999999998        2072437499.99999     
         176
   276.674999999998        2075062499.99999     
         451
   277.024999999998        2077687499.99999     
          12
   277.374999999998        2080312499.99999     
         242
   277.724999999998        2082937499.99999     
         448
   278.074999999999        2085562499.99999     
         234
   278.424999999999        2088187499.99999     
         121
   278.774999999999        2090812499.99999     
         486
   279.124999999999        2093437499.99999     
         448
   279.474999999999        2096062499.99999     
          13
   279.824999999999        2098687499.99999     
          20
   280.174999999999        2101312499.99999     
         444
   280.524999999999        2103937499.99999     
         509
   280.874999999999        2106562499.99999     
         208
   281.224999999999        2109187499.99999     
         215
   281.574999999999        2111812499.99999     
         528
   281.924999999999        2114437499.99999     
         409
   282.274999999999        2117062499.99999     
         260
   282.624999999999        2119687499.99999     
          36
   282.974999999999        2122312499.99999     
         429
   283.324999999999        2124937499.99999     
         508
   283.674999999999        2127562499.99999     
         247
   284.024999999999        2130187499.99999     
         510
   284.374999999999        2132812499.99999     
         281
   284.724999999999        2135437499.99999     
         274
   285.074999999999        2138062499.99999     
          54
   285.424999999999        2140687499.99999     
          83
   285.774999999999        2143312499.99999     
         190
   286.124999999999        2145937499.99999     
         335
   286.474999999999        2148562499.99999     
         521
   286.824999999999        2151187499.99999     
         221
   287.174999999999        2153812499.99999     
          38
   287.524999999999        2156437499.99999     
         361
   287.874999999999        2159062499.99999     
          28
   288.224999999999        2161687499.99999     
         309
   288.574999999999        2164312499.99999     
         263
   288.924999999999        2166937499.99999     
         490
   289.274999999999        2169562499.99999     
         241
   289.624999999999        2172187499.99999     
          45
   289.974999999999        2174812499.99999     
          53
   290.324999999999        2177437499.99999     
         420
   290.674999999999        2180062499.99999     
         132
   291.024999999999        2182687500.00000     
          32
   291.374999999999        2185312500.00000     
         211
   291.724999999999        2187937500.00000     
         412
   292.074999999999        2190562500.00000     
         455
   292.424999999999        2193187500.00000     
         264
   292.774999999999        2195812500.00000     
          41
   293.124999999999        2198437500.00000     
         517
   293.475000000000        2201062500.00000     
         325
   293.825000000000        2203687500.00000     
         260
   294.175000000000        2206312500.00000     
         239
   294.525000000000        2208937500.00000     
         382
   294.875000000000        2211562500.00000     
         245
   295.225000000000        2214187500.00000     
          17
   295.575000000000        2216812500.00000     
          81
   295.925000000000        2219437500.00000     
         326
   296.275000000000        2222062500.00000     
         428
   296.625000000000        2224687500.00000     
         476
   296.975000000000        2227312500.00000     
         434
   297.325000000000        2229937500.00000     
         470
   297.675000000000        2232562500.00000     
         231
   298.025000000000        2235187500.00000     
         378
   298.375000000000        2237812500.00000     
           6
   298.725000000000        2240437500.00000     
         438
   299.075000000000        2243062500.00000     
         400
   299.425000000000        2245687500.00000     
         335
   299.775000000000        2248312500.00000     
         134
   300.125000000000        2250937500.00000     
         171
   300.475000000000        2253562500.00000     
          76
   300.825000000000        2256187500.00000     
         360
   301.175000000000        2258812500.00000     
          35
   301.525000000000        2261437500.00000     
         359
   301.875000000000        2264062500.00000     
          87
   302.225000000000        2266687500.00000     
          62
   302.575000000000        2269312500.00000     
         106
   302.925000000000        2271937500.00000     
         470
   303.275000000000        2274562500.00000     
         115
   303.625000000000        2277187500.00000     
          83
   303.975000000000        2279812500.00000     
          20
   304.325000000000        2282437500.00000     
         442
   304.675000000000        2285062500.00000     
         537
   305.025000000000        2287687500.00000     
         538
   305.375000000000        2290312500.00000     
         325
   305.725000000000        2292937500.00000     
         362
   306.075000000000        2295562500.00000     
          73
   306.425000000000        2298187500.00000     
         232
   306.775000000000        2300812500.00000     
         295
   307.125000000000        2303437500.00000     
         330
   307.475000000000        2306062500.00000     
         274
   307.825000000000        2308687500.00000     
         530
   308.175000000000        2311312500.00000     
         223
   308.525000000000        2313937500.00000     
          53
   308.875000000001        2316562500.00000     
         114
   309.225000000001        2319187500.00000     
         317
   309.575000000001        2321812500.00000     
          54
   309.925000000001        2324437500.00000     
         271
   310.275000000001        2327062500.00000     
         520
   310.625000000001        2329687500.00000     
          11
   310.975000000001        2332312500.00000     
          11
   311.325000000001        2334937500.00001     
         281
   311.675000000001        2337562500.00001     
         313
   312.025000000001        2340187500.00001     
         202
   312.375000000001        2342812500.00001     
         504
   312.725000000001        2345437500.00001     
         327
   313.075000000001        2348062500.00001     
         177
   313.425000000001        2350687500.00001     
         485
   313.775000000001        2353312500.00001     
         116
   314.125000000001        2355937500.00001     
         271
   314.475000000001        2358562500.00001     
         345
   314.825000000001        2361187500.00001     
         498
   315.175000000001        2363812500.00001     
         530
   315.525000000001        2366437500.00001     
         414
   315.875000000001        2369062500.00001     
         171
   316.225000000001        2371687500.00001     
         180
   316.575000000001        2374312500.00001     
         313
   316.925000000001        2376937500.00001     
         444
   317.275000000001        2379562500.00001     
         430
   317.625000000001        2382187500.00001     
         469
   317.975000000001        2384812500.00001     
          48
   318.325000000001        2387437500.00001     
          49
   318.675000000001        2390062500.00001     
         331
   319.025000000001        2392687500.00001     
         379
   319.375000000001        2395312500.00001     
         139
   319.725000000001        2397937500.00001     
         526
   320.075000000001        2400562500.00001     
         380
   320.425000000001        2403187500.00001     
          15
   320.775000000001        2405812500.00001     
         460
   321.125000000001        2408437500.00001     
          60
   321.475000000001        2411062500.00001     
          76
   321.825000000001        2413687500.00001     
          74
   322.175000000001        2416312500.00001     
         171
   322.525000000001        2418937500.00001     
          15
   322.875000000001        2421562500.00001     
         297
   323.225000000001        2424187500.00001     
         408
   323.575000000001        2426812500.00001     
         466
   323.925000000001        2429437500.00001     
         188
   324.275000000002        2432062500.00001     
         387
   324.625000000002        2434687500.00001     
         366
   324.975000000002        2437312500.00001     
          84
   325.325000000002        2439937500.00001     
          20
   325.675000000002        2442562500.00001     
         210
   326.025000000002        2445187500.00001     
         293
   326.375000000002        2447812500.00001     
         511
   326.725000000002        2450437500.00001     
         528
   327.075000000002        2453062500.00001     
         292
   327.425000000002        2455687500.00001     
         312
   327.775000000002        2458312500.00001     
         111
   328.125000000002        2460937500.00001     
         526
   328.475000000002        2463562500.00001     
         142
   328.825000000002        2466187500.00001     
         376
   329.175000000002        2468812500.00001     
          78
   329.525000000002        2471437500.00001     
         107
   329.875000000002        2474062500.00001     
         454
   330.225000000002        2476687500.00001     
         309
   330.575000000002        2479312500.00001     
         323
   330.925000000002        2481937500.00001     
         466
   331.275000000002        2484562500.00001     
         278
   331.625000000002        2487187500.00001     
         129
   331.975000000002        2489812500.00002     
         521
   332.325000000002        2492437500.00002     
         538
   332.675000000002        2495062500.00002     
         407
   333.025000000002        2497687500.00002     
         209
   333.375000000002        2500312500.00002     
         445
   333.725000000002        2502937500.00002     
         399
   334.075000000002        2505562500.00002     
         536
   334.425000000002        2508187500.00002     
          65
   334.775000000002        2510812500.00002     
         128
   335.125000000002        2513437500.00002     
         478
   335.475000000002        2516062500.00002     
         246
   335.825000000002        2518687500.00002     
         453
   336.175000000002        2521312500.00002     
         236
   336.525000000002        2523937500.00002     
         490
   336.875000000002        2526562500.00002     
          80
   337.225000000002        2529187500.00002     
         428
   337.575000000002        2531812500.00002     
         340
   337.925000000002        2534437500.00002     
         267
   338.275000000002        2537062500.00002     
         132
   338.625000000002        2539687500.00002     
         103
   338.975000000002        2542312500.00002     
         211
   339.325000000002        2544937500.00002     
         183
   339.675000000003        2547562500.00002     
         335
   340.025000000003        2550187500.00002     
         363
   340.375000000003        2552812500.00002     
         286
   340.725000000003        2555437500.00002     
         533
   341.075000000003        2558062500.00002     
         251
   341.425000000003        2560687500.00002     
         481
   341.775000000003        2563312500.00002     
          75
   342.125000000003        2565937500.00002     
         177
   342.475000000003        2568562500.00002     
         361
   342.825000000003        2571187500.00002     
         423
   343.175000000003        2573812500.00002     
         113
   343.525000000003        2576437500.00002     
          62
   343.875000000003        2579062500.00002     
         188
   344.225000000003        2581687500.00002     
         125
   344.575000000003        2584312500.00002     
         243
   344.925000000003        2586937500.00002     
         457
   345.275000000003        2589562500.00002     
           9
   345.625000000003        2592187500.00002     
         155
   345.975000000003        2594812500.00002     
         273
   346.325000000003        2597437500.00002     
           2
   346.675000000003        2600062500.00002     
         112
   347.025000000003        2602687500.00002     
         500
   347.375000000003        2605312500.00002     
         180
   347.725000000003        2607937500.00002     
         380
   348.075000000003        2610562500.00002     
         213
   348.425000000003        2613187500.00002     
         458
   348.775000000003        2615812500.00002     
         454
   349.125000000003        2618437500.00002     
         510
   349.475000000003        2621062500.00002     
          33
   349.825000000003        2623687500.00002     
         477
   350.175000000003        2626312500.00002     
         126
   350.525000000003        2628937500.00002     
         524
   350.875000000003        2631562500.00002     
         186
   351.225000000003        2634187500.00002     
          65
   351.575000000003        2636812500.00002     
         384
   351.925000000003        2639437500.00002     
          50
   352.275000000003        2642062500.00002     
         355
   352.625000000003        2644687500.00003     
         470
   352.975000000003        2647312500.00003     
         454
   353.325000000003        2649937500.00003     
         248
   353.675000000003        2652562500.00003     
         389
   354.025000000003        2655187500.00003     
         221
   354.375000000003        2657812500.00003     
         144
   354.725000000003        2660437500.00003     
         132
   355.075000000004        2663062500.00003     
         311
   355.425000000004        2665687500.00003     
         173
   355.775000000004        2668312500.00003     
         394
   356.125000000004        2670937500.00003     
          51
   356.475000000004        2673562500.00003     
         421
   356.825000000004        2676187500.00003     
         160
   357.175000000004        2678812500.00003     
         336
   357.525000000004        2681437500.00003     
         163
   357.875000000004        2684062500.00003     
         156
   358.225000000004        2686687500.00003     
         205
   358.575000000004        2689312500.00003     
         193
   358.925000000004        2691937500.00003     
         496
   359.275000000004        2694562500.00003     
          61
   359.625000000004        2697187500.00003     
         528
   359.975000000004        2699812500.00003     
         503
   360.325000000004        2702437500.00003     
         236
   360.675000000004        2705062500.00003     
         492
   361.025000000004        2707687500.00003     
         479
   361.375000000004        2710312500.00003     
         296
   361.725000000004        2712937500.00003     
          83
   362.075000000004        2715562500.00003     
         126
   362.425000000004        2718187500.00003     
          51
   362.775000000004        2720812500.00003     
         160
   363.125000000004        2723437500.00003     
         309
   363.475000000004        2726062500.00003     
          95
   363.825000000004        2728687500.00003     
         217
   364.175000000004        2731312500.00003     
         475
   364.525000000004        2733937500.00003     
         415
   364.875000000004        2736562500.00003     
          97
   365.225000000004        2739187500.00003     
         104
   365.575000000004        2741812500.00003     
         204
   365.925000000004        2744437500.00003     
         351
   366.275000000004        2747062500.00003     
         448
   366.625000000004        2749687500.00003     
         107
   366.975000000004        2752312500.00003     
         506
   367.325000000004        2754937500.00003     
         406
   367.675000000004        2757562500.00003     
         276
   368.025000000004        2760187500.00003     
         314
   368.375000000004        2762812500.00003     
         153
   368.725000000004        2765437500.00003     
         366
   369.075000000004        2768062500.00003     
         416
   369.425000000004        2770687500.00003     
         388
   369.775000000004        2773312500.00003     
         534
   370.125000000004        2775937500.00003     
         180
   370.475000000005        2778562500.00003     
         140
   370.825000000005        2781187500.00003     
         481
   371.175000000005        2783812500.00003     
         364
   371.525000000005        2786437500.00003     
         501
   371.875000000005        2789062500.00003     
         434
   372.225000000005        2791687500.00003     
         456
   372.575000000005        2794312500.00003     
         384
   372.925000000005        2796937500.00003     
         251
   373.275000000005        2799562500.00004     
         238
   373.625000000005        2802187500.00004     
         430
   373.975000000005        2804812500.00004     
         307
   374.325000000005        2807437500.00004     
         137
   374.675000000005        2810062500.00004     
         396
   375.025000000005        2812687500.00004     
          13
   375.375000000005        2815312500.00004     
         259
   375.725000000005        2817937500.00004     
           1
   376.075000000005        2820562500.00004     
         337
   376.425000000005        2823187500.00004     
          58
   376.775000000005        2825812500.00004     
         433
   377.125000000005        2828437500.00004     
         443
   377.475000000005        2831062500.00004     
         230
   377.825000000005        2833687500.00004     
         298
   378.175000000005        2836312500.00004     
         235
   378.525000000005        2838937500.00004     
         154
   378.875000000005        2841562500.00004     
         129
   379.225000000005        2844187500.00004     
         336
   379.575000000005        2846812500.00004     
         104
   379.925000000005        2849437500.00004     
          35
   380.275000000005        2852062500.00004     
         507
   380.625000000005        2854687500.00004     
         326
   380.975000000005        2857312500.00004     
          25
   381.325000000005        2859937500.00004     
         410
   381.675000000005        2862562500.00004     
         236
   382.025000000005        2865187500.00004     
         412
   382.375000000005        2867812500.00004     
          40
   382.725000000005        2870437500.00004     
         479
   383.075000000005        2873062500.00004     
          57
   383.425000000005        2875687500.00004     
          41
   383.775000000005        2878312500.00004     
         488
   384.125000000005        2880937500.00004     
         407
   384.475000000005        2883562500.00004     
         134
   384.825000000005        2886187500.00004     
          79
   385.175000000005        2888812500.00004     
         447
   385.525000000005        2891437500.00004     
         365
   385.875000000006        2894062500.00004     
         223
   386.225000000006        2896687500.00004     
         176
   386.575000000006        2899312500.00004     
         241
   386.925000000006        2901937500.00004     
         466
   387.275000000006        2904562500.00004     
          55
   387.625000000006        2907187500.00004     
         474
   387.975000000006        2909812500.00004     
          96
   388.325000000006        2912437500.00004     
         247
   388.675000000006        2915062500.00004     
         120
   389.025000000006        2917687500.00004     
         348
   389.375000000006        2920312500.00004     
         464
   389.725000000006        2922937500.00004     
         235
   390.075000000006        2925562500.00004     
         400
   390.425000000006        2928187500.00004     
         444
   390.775000000006        2930812500.00004     
         398
   391.125000000006        2933437500.00004     
         400
   391.475000000006        2936062500.00004     
         321
   391.825000000006        2938687500.00004     
         425
   392.175000000006        2941312500.00004     
          73
   392.525000000006        2943937500.00004     
         191
   392.875000000006        2946562500.00004     
         239
   393.225000000006        2949187500.00004     
         281
   393.575000000006        2951812500.00005     
         454
   393.925000000006        2954437500.00005     
         414
   394.275000000006        2957062500.00005     
         157
   394.625000000006        2959687500.00005     
         398
   394.975000000006        2962312500.00005     
         499
   395.325000000006        2964937500.00005     
          42
   395.675000000006        2967562500.00005     
          81
   396.025000000006        2970187500.00005     
          31
   396.375000000006        2972812500.00005     
         287
   396.725000000006        2975437500.00005     
         131
   397.075000000006        2978062500.00005     
         404
   397.425000000006        2980687500.00005     
         333
   397.775000000006        2983312500.00005     
         199
   398.125000000006        2985937500.00005     
         101
   398.475000000006        2988562500.00005     
         277
   398.825000000006        2991187500.00005     
         275
   399.175000000006        2993812500.00005     
          16
   399.525000000006        2996437500.00005     
         255
   399.875000000006        2999062500.00005     
         414
   400.225000000006        3001687500.00005     
          88
   400.575000000006        3004312500.00005     
         480
   400.925000000006        3006937500.00005     
         477
   401.275000000007        3009562500.00005     
         259
   401.625000000007        3012187500.00005     
         499
   401.975000000007        3014812500.00005     
         323
   402.325000000007        3017437500.00005     
          66
   402.675000000007        3020062500.00005     
         429
   403.025000000007        3022687500.00005     
         342
   403.375000000007        3025312500.00005     
         342
   403.725000000007        3027937500.00005     
         282
   404.075000000007        3030562500.00005     
         233
   404.425000000007        3033187500.00005     
         333
   404.775000000007        3035812500.00005     
         136
   405.125000000007        3038437500.00005     
         225
   405.475000000007        3041062500.00005     
         162
   405.825000000007        3043687500.00005     
         450
   406.175000000007        3046312500.00005     
         481
   406.525000000007        3048937500.00005     
          58
   406.875000000007        3051562500.00005     
          56
   407.225000000007        3054187500.00005     
         261
   407.575000000007        3056812500.00005     
         161
   407.925000000007        3059437500.00005     
         459
   408.275000000007        3062062500.00005     
          41
   408.625000000007        3064687500.00005     
         188
   408.975000000007        3067312500.00005     
         318
   409.325000000007        3069937500.00005     
         489
   409.675000000007        3072562500.00005     
         422
   410.025000000007        3075187500.00005     
         297
   410.375000000007        3077812500.00005     
         404
   410.725000000007        3080437500.00005     
         253
   411.075000000007        3083062500.00005     
         112
   411.425000000007        3085687500.00005     
         208
   411.775000000007        3088312500.00005     
         259
   412.125000000007        3090937500.00005     
         230
   412.475000000007        3093562500.00005     
         206
   412.825000000007        3096187500.00005     
         502
   413.175000000007        3098812500.00005     
         510
   413.525000000007        3101437500.00005     
         393
   413.875000000007        3104062500.00005     
         433
   414.225000000007        3106687500.00006     
         247
   414.575000000007        3109312500.00006     
         504
   414.925000000007        3111937500.00006     
         457
   415.275000000007        3114562500.00006     
         315
   415.625000000007        3117187500.00006     
         106
   415.975000000007        3119812500.00006     
         208
   416.325000000007        3122437500.00006     
          75
   416.675000000008        3125062500.00006     
         445
   417.025000000008        3127687500.00006     
         484
   417.375000000008        3130312500.00006     
         137
   417.725000000008        3132937500.00006     
         107
   418.075000000008        3135562500.00006     
         438
   418.425000000008        3138187500.00006     
          46
   418.775000000008        3140812500.00006     
         521
   419.125000000008        3143437500.00006     
         498
   419.475000000008        3146062500.00006     
          18
   419.825000000008        3148687500.00006     
