       time        TW        TE         hW        hE
   0.17500E+00   0.29445E+02   0.29298E+02   0.35874E-02  -0.27281E-01
   0.52500E+00   0.28675E+02   0.27931E+02   0.28518E-01  -0.90609E-01
   0.87500E+00   0.28470E+02   0.26556E+02   0.68180E-01  -0.16709E+00
   0.12250E+01   0.28613E+02   0.25127E+02   0.11488E+00  -0.25541E+00
   0.15750E+01   0.28917E+02   0.23910E+02   0.17125E+00  -0.34205E+00
   0.19250E+01   0.29238E+02   0.23201E+02   0.23209E+00  -0.41030E+00
   0.22750E+01   0.29503E+02   0.22909E+02   0.29930E+00  -0.47434E+00
   0.26250E+01   0.29694E+02   0.22852E+02   0.36967E+00  -0.54223E+00
   0.29750E+01   0.29819E+02   0.23038E+02   0.44302E+00  -0.59653E+00
   0.33250E+01   0.29897E+02   0.23519E+02   0.51461E+00  -0.62569E+00
   0.36750E+01   0.29942E+02   0.24242E+02   0.58137E+00  -0.63706E+00
   0.40250E+01   0.29968E+02   0.25158E+02   0.64071E+00  -0.62389E+00
   0.43750E+01   0.29981E+02   0.26071E+02   0.69330E+00  -0.57989E+00
   0.47250E+01   0.29988E+02   0.26802E+02   0.73764E+00  -0.52130E+00
   0.50750E+01   0.29992E+02   0.27402E+02   0.76627E+00  -0.45161E+00
   0.54250E+01   0.29996E+02   0.27901E+02   0.77054E+00  -0.37487E+00
   0.57750E+01   0.29998E+02   0.28320E+02   0.74930E+00  -0.30035E+00
   0.61250E+01   0.29999E+02   0.28669E+02   0.71057E+00  -0.22596E+00
   0.64750E+01   0.29998E+02   0.28953E+02   0.66112E+00  -0.15737E+00
   0.68250E+01   0.29996E+02   0.29161E+02   0.60581E+00  -0.10235E+00
   0.71750E+01   0.29992E+02   0.29199E+02   0.55083E+00  -0.56104E-01
   0.75250E+01   0.29987E+02   0.29063E+02   0.50206E+00  -0.20649E-01
   0.78750E+01   0.29979E+02   0.28900E+02   0.45762E+00   0.46837E-02
   0.82250E+01   0.29968E+02   0.28775E+02   0.41765E+00   0.21702E-01
   0.85750E+01   0.29954E+02   0.28675E+02   0.38661E+00   0.27707E-01
   0.89250E+01   0.29939E+02   0.28590E+02   0.36394E+00   0.29050E-01
   0.92750E+01   0.29923E+02   0.28496E+02   0.34413E+00   0.24201E-01
   0.96250E+01   0.29907E+02   0.28370E+02   0.33049E+00   0.13619E-01
   0.99750E+01   0.29894E+02   0.28220E+02   0.32470E+00   0.35426E-02
   0.10325E+02   0.29884E+02   0.28055E+02   0.31848E+00  -0.73148E-02
   0.10675E+02   0.29873E+02   0.27878E+02   0.30927E+00  -0.18803E-01
   0.11025E+02   0.29863E+02   0.27686E+02   0.30319E+00  -0.31707E-01
   0.11375E+02   0.29853E+02   0.27483E+02   0.29774E+00  -0.44557E-01
   0.11725E+02   0.29841E+02   0.27273E+02   0.28928E+00  -0.57741E-01
   0.12075E+02   0.29828E+02   0.27025E+02   0.28260E+00  -0.75885E-01
   0.12425E+02   0.29816E+02   0.26759E+02   0.27777E+00  -0.92366E-01
   0.12775E+02   0.29804E+02   0.26509E+02   0.27259E+00  -0.10644E+00
   0.13125E+02   0.29794E+02   0.26257E+02   0.27117E+00  -0.12351E+00
   0.13475E+02   0.29790E+02   0.25998E+02   0.27339E+00  -0.14172E+00
   0.13825E+02   0.29790E+02   0.25758E+02   0.27616E+00  -0.15860E+00
   0.14175E+02   0.29794E+02   0.25546E+02   0.28242E+00  -0.17514E+00
   0.14525E+02   0.29803E+02   0.25345E+02   0.29153E+00  -0.19401E+00
   0.14875E+02   0.29816E+02   0.25180E+02   0.30047E+00  -0.21092E+00
   0.15225E+02   0.29830E+02   0.25061E+02   0.31191E+00  -0.22679E+00
   0.15575E+02   0.29847E+02   0.24964E+02   0.32693E+00  -0.24479E+00
   0.15925E+02   0.29865E+02   0.24911E+02   0.34282E+00  -0.26052E+00
   0.16275E+02   0.29883E+02   0.24902E+02   0.36023E+00  -0.27531E+00
   0.16625E+02   0.29900E+02   0.24929E+02   0.37932E+00  -0.28983E+00
   0.16975E+02   0.29916E+02   0.25017E+02   0.39837E+00  -0.30023E+00
   0.17325E+02   0.29929E+02   0.25178E+02   0.41596E+00  -0.30616E+00
   0.17675E+02   0.29941E+02   0.25401E+02   0.43321E+00  -0.30916E+00
   0.18025E+02   0.29950E+02   0.25695E+02   0.45056E+00  -0.30688E+00
   0.18375E+02   0.29958E+02   0.26066E+02   0.46608E+00  -0.29835E+00
   0.18725E+02   0.29964E+02   0.26474E+02   0.47750E+00  -0.28699E+00
   0.19075E+02   0.29968E+02   0.26912E+02   0.48595E+00  -0.26998E+00
   0.19425E+02   0.29971E+02   0.27343E+02   0.49134E+00  -0.24786E+00
   0.19775E+02   0.29973E+02   0.27691E+02   0.49115E+00  -0.22502E+00
   0.20125E+02   0.29974E+02   0.27932E+02   0.48588E+00  -0.20104E+00
   0.20475E+02   0.29973E+02   0.28051E+02   0.47782E+00  -0.17685E+00
   0.20825E+02   0.29972E+02   0.28057E+02   0.46626E+00  -0.15364E+00
   0.21175E+02   0.29969E+02   0.27975E+02   0.45030E+00  -0.13276E+00
   0.21525E+02   0.29964E+02   0.27842E+02   0.43302E+00  -0.11471E+00
   0.21875E+02   0.29958E+02   0.27696E+02   0.41546E+00  -0.99451E-01
   0.22225E+02   0.29951E+02   0.27559E+02   0.39703E+00  -0.87337E-01
   0.22575E+02   0.29942E+02   0.27434E+02   0.38065E+00  -0.79702E-01
   0.22925E+02   0.29932E+02   0.27320E+02   0.36655E+00  -0.75766E-01
   0.23275E+02   0.29922E+02   0.27218E+02   0.35379E+00  -0.73548E-01
   0.23625E+02   0.29911E+02   0.27117E+02   0.34307E+00  -0.74485E-01
   0.23975E+02   0.29901E+02   0.27009E+02   0.33451E+00  -0.77577E-01
   0.24325E+02   0.29892E+02   0.26896E+02   0.32779E+00  -0.81824E-01
   0.24675E+02   0.29884E+02   0.26772E+02   0.32223E+00  -0.87739E-01
   0.25025E+02   0.29877E+02   0.26632E+02   0.31822E+00  -0.95538E-01
   0.25375E+02   0.29871E+02   0.26480E+02   0.31505E+00  -0.10416E+00
   0.25725E+02   0.29865E+02   0.26324E+02   0.31205E+00  -0.11298E+00
   0.26075E+02   0.29861E+02   0.26158E+02   0.31043E+00  -0.12348E+00
   0.26425E+02   0.29858E+02   0.25987E+02   0.31012E+00  -0.13453E+00
   0.26775E+02   0.29855E+02   0.25819E+02   0.30984E+00  -0.14587E+00
   0.27125E+02   0.29855E+02   0.25653E+02   0.31148E+00  -0.15830E+00
   0.27475E+02   0.29856E+02   0.25495E+02   0.31514E+00  -0.17088E+00
   0.27825E+02   0.29859E+02   0.25355E+02   0.31894E+00  -0.18319E+00
   0.28175E+02   0.29863E+02   0.25232E+02   0.32403E+00  -0.19594E+00
   0.28525E+02   0.29869E+02   0.25135E+02   0.33116E+00  -0.20827E+00
   0.28875E+02   0.29877E+02   0.25069E+02   0.33905E+00  -0.21965E+00
   0.29225E+02   0.29885E+02   0.25032E+02   0.34812E+00  -0.23094E+00
   0.29575E+02   0.29894E+02   0.25026E+02   0.35835E+00  -0.24131E+00
   0.29925E+02   0.29903E+02   0.25055E+02   0.36950E+00  -0.25025E+00
   0.30275E+02   0.29913E+02   0.25126E+02   0.38092E+00  -0.25694E+00
   0.30625E+02   0.29921E+02   0.25233E+02   0.39246E+00  -0.26199E+00
   0.30975E+02   0.29930E+02   0.25375E+02   0.40427E+00  -0.26487E+00
   0.31325E+02   0.29937E+02   0.25561E+02   0.41548E+00  -0.26390E+00
   0.31675E+02   0.29944E+02   0.25774E+02   0.42564E+00  -0.26086E+00
   0.32025E+02   0.29949E+02   0.26009E+02   0.43442E+00  -0.25500E+00
   0.32375E+02   0.29954E+02   0.26262E+02   0.44154E+00  -0.24521E+00
   0.32725E+02   0.29957E+02   0.26504E+02   0.44639E+00  -0.23385E+00
   0.33075E+02   0.29960E+02   0.26721E+02   0.44844E+00  -0.22050E+00
   0.33425E+02   0.29961E+02   0.26901E+02   0.44817E+00  -0.20527E+00
   0.33775E+02   0.29961E+02   0.27024E+02   0.44534E+00  -0.19030E+00
   0.34125E+02   0.29961E+02   0.27096E+02   0.43958E+00  -0.17463E+00
   0.34475E+02   0.29959E+02   0.27116E+02   0.43203E+00  -0.16001E+00
   0.34825E+02   0.29957E+02   0.27096E+02   0.42249E+00  -0.14667E+00
   0.35175E+02   0.29953E+02   0.27056E+02   0.41152E+00  -0.13411E+00
   0.35525E+02   0.29948E+02   0.26997E+02   0.40041E+00  -0.12440E+00
   0.35875E+02   0.29942E+02   0.26933E+02   0.38918E+00  -0.11623E+00
   0.36225E+02   0.29936E+02   0.26868E+02   0.37805E+00  -0.11031E+00
   0.36575E+02   0.29929E+02   0.26801E+02   0.36799E+00  -0.10669E+00
   0.36925E+02   0.29922E+02   0.26733E+02   0.35904E+00  -0.10459E+00
   0.37275E+02   0.29914E+02   0.26661E+02   0.35088E+00  -0.10469E+00
   0.37625E+02   0.29907E+02   0.26582E+02   0.34399E+00  -0.10611E+00
   0.37975E+02   0.29900E+02   0.26497E+02   0.33846E+00  -0.10904E+00
   0.38325E+02   0.29894E+02   0.26401E+02   0.33385E+00  -0.11344E+00
   0.38675E+02   0.29889E+02   0.26300E+02   0.33004E+00  -0.11836E+00
   0.39025E+02   0.29884E+02   0.26189E+02   0.32737E+00  -0.12498E+00
   0.39375E+02   0.29880E+02   0.26073E+02   0.32561E+00  -0.13204E+00
   0.39725E+02   0.29877E+02   0.25957E+02   0.32443E+00  -0.13940E+00
   0.40075E+02   0.29875E+02   0.25834E+02   0.32434E+00  -0.14844E+00
   0.40425E+02   0.29874E+02   0.25717E+02   0.32543E+00  -0.15695E+00
   0.40775E+02   0.29875E+02   0.25605E+02   0.32716E+00  -0.16619E+00
   0.41125E+02   0.29876E+02   0.25500E+02   0.32996E+00  -0.17582E+00
   0.41475E+02   0.29879E+02   0.25410E+02   0.33372E+00  -0.18501E+00
   0.41825E+02   0.29882E+02   0.25334E+02   0.33848E+00  -0.19442E+00
   0.42175E+02   0.29887E+02   0.25279E+02   0.34396E+00  -0.20317E+00
   0.42525E+02   0.29892E+02   0.25244E+02   0.35036E+00  -0.21180E+00
   0.42875E+02   0.29898E+02   0.25231E+02   0.35751E+00  -0.21954E+00
   0.43225E+02   0.29904E+02   0.25245E+02   0.36505E+00  -0.22616E+00
   0.43575E+02   0.29911E+02   0.25283E+02   0.37319E+00  -0.23187E+00
   0.43925E+02   0.29917E+02   0.25348E+02   0.38142E+00  -0.23611E+00
   0.44275E+02   0.29924E+02   0.25439E+02   0.38964E+00  -0.23844E+00
   0.44625E+02   0.29929E+02   0.25552E+02   0.39761E+00  -0.23931E+00
   0.44975E+02   0.29935E+02   0.25687E+02   0.40510E+00  -0.23801E+00
   0.45325E+02   0.29939E+02   0.25838E+02   0.41170E+00  -0.23471E+00
   0.45675E+02   0.29943E+02   0.25997E+02   0.41721E+00  -0.22965E+00
   0.46025E+02   0.29947E+02   0.26158E+02   0.42140E+00  -0.22255E+00
   0.46375E+02   0.29949E+02   0.26307E+02   0.42403E+00  -0.21424E+00
   0.46725E+02   0.29951E+02   0.26441E+02   0.42500E+00  -0.20448E+00
   0.47075E+02   0.29952E+02   0.26548E+02   0.42419E+00  -0.19426E+00
   0.47425E+02   0.29952E+02   0.26627E+02   0.42173E+00  -0.18351E+00
   0.47775E+02   0.29951E+02   0.26677E+02   0.41769E+00  -0.17281E+00
   0.48125E+02   0.29950E+02   0.26699E+02   0.41207E+00  -0.16271E+00
   0.48475E+02   0.29947E+02   0.26699E+02   0.40561E+00  -0.15321E+00
   0.48825E+02   0.29944E+02   0.26683E+02   0.39834E+00  -0.14484E+00
   0.49175E+02   0.29940E+02   0.26653E+02   0.39046E+00  -0.13777E+00
   0.49525E+02   0.29936E+02   0.26616E+02   0.38266E+00  -0.13201E+00
   0.49875E+02   0.29931E+02   0.26573E+02   0.37511E+00  -0.12775E+00
   0.50225E+02   0.29926E+02   0.26524E+02   0.36776E+00  -0.12493E+00
   0.50575E+02   0.29920E+02   0.26471E+02   0.36112E+00  -0.12343E+00
   0.50925E+02   0.29915E+02   0.26412E+02   0.35522E+00  -0.12347E+00
   0.51275E+02   0.29910E+02   0.26349E+02   0.34997E+00  -0.12443E+00
   0.51625E+02   0.29905E+02   0.26278E+02   0.34559E+00  -0.12677E+00
   0.51975E+02   0.29900E+02   0.26203E+02   0.34194E+00  -0.12998E+00
   0.52325E+02   0.29896E+02   0.26121E+02   0.33913E+00  -0.13415E+00
   0.52675E+02   0.29893E+02   0.26036E+02   0.33699E+00  -0.13899E+00
   0.53025E+02   0.29890E+02   0.25948E+02   0.33568E+00  -0.14461E+00
   0.53375E+02   0.29888E+02   0.25858E+02   0.33516E+00  -0.15089E+00
   0.53725E+02   0.29887E+02   0.25771E+02   0.33534E+00  -0.15728E+00
   0.54075E+02   0.29887E+02   0.25686E+02   0.33636E+00  -0.16445E+00
   0.54425E+02   0.29887E+02   0.25607E+02   0.33815E+00  -0.17152E+00
   0.54775E+02   0.29889E+02   0.25537E+02   0.34065E+00  -0.17871E+00
   0.55125E+02   0.29891E+02   0.25477E+02   0.34394E+00  -0.18598E+00
   0.55475E+02   0.29894E+02   0.25430E+02   0.34790E+00  -0.19289E+00
   0.55825E+02   0.29897E+02   0.25399E+02   0.35248E+00  -0.19949E+00
   0.56175E+02   0.29901E+02   0.25383E+02   0.35762E+00  -0.20565E+00
   0.56525E+02   0.29906E+02   0.25386E+02   0.36319E+00  -0.21100E+00
   0.56875E+02   0.29911E+02   0.25407E+02   0.36914E+00  -0.21563E+00
   0.57225E+02   0.29915E+02   0.25446E+02   0.37521E+00  -0.21919E+00
   0.57575E+02   0.29920E+02   0.25504E+02   0.38132E+00  -0.22156E+00
   0.57925E+02   0.29925E+02   0.25577E+02   0.38738E+00  -0.22282E+00
   0.58275E+02   0.29929E+02   0.25667E+02   0.39299E+00  -0.22245E+00
   0.58625E+02   0.29933E+02   0.25767E+02   0.39812E+00  -0.22096E+00
   0.58975E+02   0.29936E+02   0.25875E+02   0.40258E+00  -0.21789E+00
   0.59325E+02   0.29939E+02   0.25986E+02   0.40610E+00  -0.21359E+00
   0.59675E+02   0.29941E+02   0.26094E+02   0.40864E+00  -0.20812E+00
   0.60025E+02   0.29943E+02   0.26194E+02   0.41002E+00  -0.20173E+00
   0.60375E+02   0.29944E+02   0.26282E+02   0.41021E+00  -0.19454E+00
   0.60725E+02   0.29945E+02   0.26353E+02   0.40923E+00  -0.18697E+00
   0.61075E+02   0.29944E+02   0.26407E+02   0.40701E+00  -0.17920E+00
   0.61425E+02   0.29944E+02   0.26443E+02   0.40382E+00  -0.17150E+00
   0.61775E+02   0.29942E+02   0.26462E+02   0.39970E+00  -0.16425E+00
   0.62125E+02   0.29940E+02   0.26467E+02   0.39481E+00  -0.15737E+00
   0.62475E+02   0.29938E+02   0.26458E+02   0.38951E+00  -0.15155E+00
   0.62825E+02   0.29935E+02   0.26441E+02   0.38389E+00  -0.14631E+00
   0.63175E+02   0.29931E+02   0.26415E+02   0.37817E+00  -0.14231E+00
   0.63525E+02   0.29927E+02   0.26382E+02   0.37258E+00  -0.13925E+00
   0.63875E+02   0.29923E+02   0.26344E+02   0.36727E+00  -0.13725E+00
   0.64225E+02   0.29919E+02   0.26301E+02   0.36232E+00  -0.13632E+00
   0.64575E+02   0.29915E+02   0.26252E+02   0.35787E+00  -0.13639E+00
   0.64925E+02   0.29911E+02   0.26199E+02   0.35397E+00  -0.13735E+00
   0.65275E+02   0.29908E+02   0.26141E+02   0.35064E+00  -0.13928E+00
   0.65625E+02   0.29904E+02   0.26080E+02   0.34789E+00  -0.14189E+00
   0.65975E+02   0.29901E+02   0.26015E+02   0.34580E+00  -0.14523E+00
   0.66325E+02   0.29899E+02   0.25948E+02   0.34433E+00  -0.14933E+00
   0.66675E+02   0.29897E+02   0.25881E+02   0.34344E+00  -0.15364E+00
   0.67025E+02   0.29896E+02   0.25812E+02   0.34327E+00  -0.15877E+00
   0.67375E+02   0.29895E+02   0.25747E+02   0.34368E+00  -0.16389E+00
   0.67725E+02   0.29895E+02   0.25686E+02   0.34472E+00  -0.16942E+00
   0.68075E+02   0.29896E+02   0.25630E+02   0.34641E+00  -0.17504E+00
   0.68425E+02   0.29897E+02   0.25582E+02   0.34864E+00  -0.18061E+00
   0.68775E+02   0.29899E+02   0.25544E+02   0.35147E+00  -0.18607E+00
   0.69125E+02   0.29902E+02   0.25515E+02   0.35478E+00  -0.19138E+00
   0.69475E+02   0.29904E+02   0.25499E+02   0.35853E+00  -0.19617E+00
   0.69825E+02   0.29908E+02   0.25495E+02   0.36269E+00  -0.20066E+00
   0.70175E+02   0.29911E+02   0.25506E+02   0.36708E+00  -0.20438E+00
   0.70525E+02   0.29914E+02   0.25529E+02   0.37167E+00  -0.20745E+00
   0.70875E+02   0.29918E+02   0.25565E+02   0.37633E+00  -0.20976E+00
   0.71225E+02   0.29922E+02   0.25615E+02   0.38089E+00  -0.21090E+00
   0.71575E+02   0.29925E+02   0.25674E+02   0.38527E+00  -0.21143E+00
   0.71925E+02   0.29928E+02   0.25744E+02   0.38932E+00  -0.21057E+00
   0.72275E+02   0.29931E+02   0.25819E+02   0.39289E+00  -0.20895E+00
   0.72625E+02   0.29934E+02   0.25898E+02   0.39587E+00  -0.20624E+00
   0.72975E+02   0.29936E+02   0.25977E+02   0.39814E+00  -0.20264E+00
   0.73325E+02   0.29937E+02   0.26053E+02   0.39963E+00  -0.19829E+00
   0.73675E+02   0.29938E+02   0.26122E+02   0.40028E+00  -0.19332E+00
   0.74025E+02   0.29939E+02   0.26183E+02   0.40005E+00  -0.18781E+00
   0.74375E+02   0.29939E+02   0.26231E+02   0.39898E+00  -0.18223E+00
   0.74725E+02   0.29939E+02   0.26270E+02   0.39710E+00  -0.17635E+00
   0.75075E+02   0.29938E+02   0.26295E+02   0.39449E+00  -0.17075E+00
   0.75425E+02   0.29937E+02   0.26309E+02   0.39128E+00  -0.16544E+00
   0.75775E+02   0.29935E+02   0.26314E+02   0.38759E+00  -0.16043E+00
   0.76125E+02   0.29933E+02   0.26308E+02   0.38355E+00  -0.15625E+00
   0.76475E+02   0.29930E+02   0.26296E+02   0.37935E+00  -0.15246E+00
   0.76825E+02   0.29928E+02   0.26275E+02   0.37509E+00  -0.14965E+00
   0.77175E+02   0.29925E+02   0.26250E+02   0.37092E+00  -0.14747E+00
   0.77525E+02   0.29921E+02   0.26219E+02   0.36694E+00  -0.14617E+00
   0.77875E+02   0.29918E+02   0.26183E+02   0.36325E+00  -0.14563E+00
   0.78225E+02   0.29915E+02   0.26143E+02   0.35990E+00  -0.14588E+00
   0.78575E+02   0.29912E+02   0.26099E+02   0.35697E+00  -0.14679E+00
   0.78925E+02   0.29910E+02   0.26051E+02   0.35449E+00  -0.14848E+00
   0.79275E+02   0.29907E+02   0.26002E+02   0.35249E+00  -0.15066E+00
   0.79625E+02   0.29905E+02   0.25950E+02   0.35098E+00  -0.15349E+00
   0.79975E+02   0.29904E+02   0.25897E+02   0.34999E+00  -0.15673E+00
   0.80325E+02   0.29902E+02   0.25845E+02   0.34952E+00  -0.16037E+00
   0.80675E+02   0.29902E+02   0.25793E+02   0.34955E+00  -0.16437E+00
   0.81025E+02   0.29901E+02   0.25746E+02   0.35010E+00  -0.16850E+00
   0.81375E+02   0.29902E+02   0.25701E+02   0.35115E+00  -0.17291E+00
   0.81725E+02   0.29902E+02   0.25662E+02   0.35268E+00  -0.17719E+00
   0.82075E+02   0.29903E+02   0.25630E+02   0.35466E+00  -0.18159E+00
   0.82425E+02   0.29905E+02   0.25605E+02   0.35706E+00  -0.18571E+00
   0.82775E+02   0.29907E+02   0.25589E+02   0.35981E+00  -0.18966E+00
   0.83125E+02   0.29909E+02   0.25583E+02   0.36290E+00  -0.19322E+00
   0.83475E+02   0.29912E+02   0.25586E+02   0.36619E+00  -0.19639E+00
   0.83825E+02   0.29914E+02   0.25599E+02   0.36968E+00  -0.19898E+00
   0.84175E+02   0.29917E+02   0.25622E+02   0.37323E+00  -0.20101E+00
   0.84525E+02   0.29920E+02   0.25655E+02   0.37675E+00  -0.20232E+00
   0.84875E+02   0.29922E+02   0.25696E+02   0.38018E+00  -0.20294E+00
   0.85225E+02   0.29925E+02   0.25744E+02   0.38336E+00  -0.20279E+00
   0.85575E+02   0.29927E+02   0.25798E+02   0.38625E+00  -0.20185E+00
   0.85925E+02   0.29929E+02   0.25854E+02   0.38874E+00  -0.20024E+00
   0.86275E+02   0.29931E+02   0.25913E+02   0.39071E+00  -0.19782E+00
   0.86625E+02   0.29933E+02   0.25970E+02   0.39215E+00  -0.19493E+00
   0.86975E+02   0.29934E+02   0.26024E+02   0.39298E+00  -0.19137E+00
   0.87325E+02   0.29935E+02   0.26073E+02   0.39317E+00  -0.18750E+00
   0.87675E+02   0.29935E+02   0.26116E+02   0.39274E+00  -0.18330E+00
   0.88025E+02   0.29935E+02   0.26151E+02   0.39167E+00  -0.17897E+00
   0.88375E+02   0.29934E+02   0.26178E+02   0.39006E+00  -0.17464E+00
   0.88725E+02   0.29934E+02   0.26196E+02   0.38793E+00  -0.17047E+00
   0.89075E+02   0.29932E+02   0.26206E+02   0.38538E+00  -0.16648E+00
   0.89425E+02   0.29931E+02   0.26208E+02   0.38253E+00  -0.16295E+00
   0.89775E+02   0.29929E+02   0.26204E+02   0.37943E+00  -0.15977E+00
   0.90125E+02   0.29927E+02   0.26193E+02   0.37623E+00  -0.15717E+00
   0.90475E+02   0.29925E+02   0.26176E+02   0.37301E+00  -0.15516E+00
   0.90825E+02   0.29923E+02   0.26155E+02   0.36985E+00  -0.15365E+00
   0.91175E+02   0.29920E+02   0.26129E+02   0.36686E+00  -0.15289E+00
   0.91525E+02   0.29918E+02   0.26099E+02   0.36408E+00  -0.15260E+00
   0.91875E+02   0.29916E+02   0.26066E+02   0.36158E+00  -0.15300E+00
   0.92225E+02   0.29913E+02   0.26030E+02   0.35941E+00  -0.15391E+00
   0.92575E+02   0.29911E+02   0.25991E+02   0.35758E+00  -0.15535E+00
   0.92925E+02   0.29910E+02   0.25951E+02   0.35615E+00  -0.15725E+00
   0.93275E+02   0.29908E+02   0.25910E+02   0.35512E+00  -0.15959E+00
   0.93625E+02   0.29907E+02   0.25869E+02   0.35449E+00  -0.16224E+00
   0.93975E+02   0.29906E+02   0.25828E+02   0.35429E+00  -0.16524E+00
   0.94325E+02   0.29906E+02   0.25790E+02   0.35449E+00  -0.16840E+00
   0.94675E+02   0.29906E+02   0.25755E+02   0.35510E+00  -0.17174E+00
   0.95025E+02   0.29906E+02   0.25723E+02   0.35611E+00  -0.17516E+00
   0.95375E+02   0.29907E+02   0.25696E+02   0.35748E+00  -0.17853E+00
   0.95725E+02   0.29908E+02   0.25675E+02   0.35920E+00  -0.18188E+00
   0.96075E+02   0.29909E+02   0.25660E+02   0.36122E+00  -0.18500E+00
   0.96425E+02   0.29911E+02   0.25652E+02   0.36350E+00  -0.18794E+00
   0.96775E+02   0.29913E+02   0.25651E+02   0.36599E+00  -0.19053E+00
   0.97125E+02   0.29915E+02   0.25658E+02   0.36862E+00  -0.19276E+00
   0.97475E+02   0.29917E+02   0.25672E+02   0.37134E+00  -0.19452E+00
   0.97825E+02   0.29919E+02   0.25693E+02   0.37408E+00  -0.19582E+00
   0.98175E+02   0.29921E+02   0.25722E+02   0.37674E+00  -0.19651E+00
   0.98525E+02   0.29923E+02   0.25755E+02   0.37928E+00  -0.19672E+00
   0.98875E+02   0.29925E+02   0.25793E+02   0.38161E+00  -0.19628E+00
   0.99225E+02   0.29927E+02   0.25835E+02   0.38366E+00  -0.19530E+00
   0.99575E+02   0.29928E+02   0.25878E+02   0.38536E+00  -0.19380E+00
   0.99925E+02   0.29929E+02   0.25921E+02   0.38667E+00  -0.19176E+00
   0.10027E+03   0.29930E+02   0.25963E+02   0.38754E+00  -0.18932E+00
   0.10062E+03   0.29931E+02   0.26002E+02   0.38795E+00  -0.18652E+00
   0.10097E+03   0.29932E+02   0.26038E+02   0.38787E+00  -0.18344E+00
   0.10132E+03   0.29932E+02   0.26068E+02   0.38734E+00  -0.18022E+00
   0.10167E+03   0.29932E+02   0.26093E+02   0.38636E+00  -0.17691E+00
   0.10202E+03   0.29931E+02   0.26112E+02   0.38497E+00  -0.17363E+00
   0.10237E+03   0.29930E+02   0.26124E+02   0.38324E+00  -0.17053E+00
   0.10272E+03   0.29929E+02   0.26131E+02   0.38120E+00  -0.16757E+00
   0.10307E+03   0.29928E+02   0.26132E+02   0.37896E+00  -0.16498E+00
   0.10342E+03   0.29927E+02   0.26127E+02   0.37657E+00  -0.16270E+00
   0.10377E+03   0.29925E+02   0.26117E+02   0.37410E+00  -0.16084E+00
   0.10412E+03   0.29923E+02   0.26103E+02   0.37165E+00  -0.15944E+00
   0.10447E+03   0.29921E+02   0.26085E+02   0.36926E+00  -0.15847E+00
   0.10482E+03   0.29919E+02   0.26063E+02   0.36699E+00  -0.15801E+00
   0.10517E+03   0.29918E+02   0.26038E+02   0.36491E+00  -0.15800E+00
   0.10552E+03   0.29916E+02   0.26011E+02   0.36305E+00  -0.15843E+00
   0.10587E+03   0.29914E+02   0.25981E+02   0.36145E+00  -0.15932E+00
   0.10622E+03   0.29913E+02   0.25950E+02   0.36014E+00  -0.16057E+00
   0.10657E+03   0.29912E+02   0.25918E+02   0.35913E+00  -0.16220E+00
   0.10692E+03   0.29911E+02   0.25886E+02   0.35845E+00  -0.16415E+00
   0.10727E+03   0.29910E+02   0.25854E+02   0.35810E+00  -0.16631E+00
   0.10762E+03   0.29909E+02   0.25824E+02   0.35807E+00  -0.16875E+00
   0.10797E+03   0.29909E+02   0.25795E+02   0.35838E+00  -0.17127E+00
   0.10832E+03   0.29909E+02   0.25769E+02   0.35901E+00  -0.17392E+00
   0.10867E+03   0.29910E+02   0.25747E+02   0.35994E+00  -0.17659E+00
   0.10902E+03   0.29910E+02   0.25729E+02   0.36115E+00  -0.17920E+00
   0.10937E+03   0.29911E+02   0.25715E+02   0.36261E+00  -0.18175E+00
   0.10972E+03   0.29912E+02   0.25706E+02   0.36429E+00  -0.18411E+00
   0.11007E+03   0.29914E+02   0.25703E+02   0.36616E+00  -0.18624E+00
   0.11042E+03   0.29915E+02   0.25706E+02   0.36816E+00  -0.18813E+00
   0.11077E+03   0.29917E+02   0.25714E+02   0.37024E+00  -0.18965E+00
   0.11112E+03   0.29918E+02   0.25728E+02   0.37236E+00  -0.19084E+00
   0.11147E+03   0.29920E+02   0.25747E+02   0.37444E+00  -0.19161E+00
   0.11182E+03   0.29921E+02   0.25771E+02   0.37646E+00  -0.19194E+00
   0.11217E+03   0.29923E+02   0.25798E+02   0.37833E+00  -0.19187E+00
   0.11252E+03   0.29924E+02   0.25828E+02   0.38001E+00  -0.19131E+00
   0.11287E+03   0.29926E+02   0.25860E+02   0.38145E+00  -0.19037E+00
   0.11322E+03   0.29927E+02   0.25893E+02   0.38261E+00  -0.18900E+00
   0.11357E+03   0.29928E+02   0.25925E+02   0.38345E+00  -0.18731E+00
   0.11392E+03   0.29928E+02   0.25956E+02   0.38394E+00  -0.18531E+00
   0.11427E+03   0.29929E+02   0.25985E+02   0.38409E+00  -0.18306E+00
   0.11462E+03   0.29929E+02   0.26011E+02   0.38387E+00  -0.18065E+00
   0.11497E+03   0.29929E+02   0.26032E+02   0.38331E+00  -0.17815E+00
   0.11532E+03   0.29929E+02   0.26050E+02   0.38243E+00  -0.17562E+00
   0.11567E+03   0.29928E+02   0.26063E+02   0.38126E+00  -0.17316E+00
   0.11602E+03   0.29928E+02   0.26072E+02   0.37983E+00  -0.17080E+00
   0.11637E+03   0.29927E+02   0.26075E+02   0.37822E+00  -0.16865E+00
   0.11672E+03   0.29926E+02   0.26075E+02   0.37644E+00  -0.16674E+00
   0.11707E+03   0.29925E+02   0.26070E+02   0.37458E+00  -0.16510E+00
   0.11742E+03   0.29923E+02   0.26061E+02   0.37269E+00  -0.16381E+00
   0.11777E+03   0.29922E+02   0.26049E+02   0.37080E+00  -0.16283E+00
   0.11812E+03   0.29920E+02   0.26033E+02   0.36899E+00  -0.16226E+00
   0.11847E+03   0.29919E+02   0.26015E+02   0.36728E+00  -0.16202E+00
   0.11882E+03   0.29918E+02   0.25995E+02   0.36572E+00  -0.16215E+00
   0.11917E+03   0.29916E+02   0.25972E+02   0.36435E+00  -0.16264E+00
   0.11952E+03   0.29915E+02   0.25948E+02   0.36319E+00  -0.16343E+00
   0.11987E+03   0.29914E+02   0.25923E+02   0.36226E+00  -0.16454E+00
   0.12022E+03   0.29913E+02   0.25898E+02   0.36157E+00  -0.16592E+00
   0.12057E+03   0.29913E+02   0.25873E+02   0.36114E+00  -0.16751E+00
   0.12092E+03   0.29912E+02   0.25849E+02   0.36099E+00  -0.16932E+00
   0.12127E+03   0.29912E+02   0.25826E+02   0.36108E+00  -0.17124E+00
   0.12162E+03   0.29912E+02   0.25804E+02   0.36144E+00  -0.17328E+00
   0.12197E+03   0.29912E+02   0.25786E+02   0.36205E+00  -0.17536E+00
   0.12232E+03   0.29912E+02   0.25770E+02   0.36288E+00  -0.17741E+00
   0.12267E+03   0.29913E+02   0.25758E+02   0.36393E+00  -0.17945E+00
   0.12302E+03   0.29914E+02   0.25750E+02   0.36516E+00  -0.18135E+00
   0.12337E+03   0.29915E+02   0.25745E+02   0.36654E+00  -0.18311E+00
   0.12372E+03   0.29916E+02   0.25746E+02   0.36806E+00  -0.18468E+00
   0.12407E+03   0.29917E+02   0.25750E+02   0.36964E+00  -0.18600E+00
   0.12442E+03   0.29918E+02   0.25759E+02   0.37128E+00  -0.18706E+00
   0.12477E+03   0.29919E+02   0.25771E+02   0.37291E+00  -0.18781E+00
   0.12512E+03   0.29920E+02   0.25787E+02   0.37450E+00  -0.18823E+00
   0.12547E+03   0.29922E+02   0.25807E+02   0.37600E+00  -0.18834E+00
   0.12582E+03   0.29923E+02   0.25829E+02   0.37737E+00  -0.18808E+00
   0.12617E+03   0.29924E+02   0.25852E+02   0.37858E+00  -0.18751E+00
   0.12652E+03   0.29925E+02   0.25877E+02   0.37958E+00  -0.18663E+00
   0.12687E+03   0.29926E+02   0.25902E+02   0.38035E+00  -0.18545E+00
   0.12722E+03   0.29926E+02   0.25926E+02   0.38087E+00  -0.18404E+00
