         529
  0.175000000000000        1312500.00000000     
         120
  0.525000000000000        3937500.00000000     
           6
  0.875000000000000        6562500.00000000     
         521
   1.22500000000000        9187500.00000000     
         229
   1.57500000000000        11812500.0000000     
         116
   1.92500000000000        14437500.0000000     
         511
   2.27500000000000        17062500.0000000     
         503
   2.62500000000000        19687500.0000000     
         341
   2.97500000000000        22312500.0000000     
         486
   3.32500000000000        24937500.0000000     
         350
   3.67500000000000        27562500.0000000     
         368
   4.02500000000000        30187500.0000000     
         386
   4.37500000000000        32812500.0000000     
         457
   4.72500000000000        35437500.0000000     
         412
   5.07500000000000        38062500.0000000     
         399
   5.42500000000000        40687500.0000000     
         341
   5.77500000000000        43312500.0000000     
         230
   6.12500000000000        45937500.0000000     
          72
   6.47500000000000        48562500.0000000     
         145
   6.82500000000000        51187500.0000000     
         309
   7.17500000000000        53812500.0000000     
          39
   7.52500000000000        56437500.0000000     
         349
   7.87500000000000        59062500.0000000     
          54
   8.22500000000000        61687500.0000000     
           4
   8.57500000000000        64312500.0000000     
         290
   8.92500000000000        66937500.0000000     
          94
   9.27500000000000        69562500.0000000     
         447
   9.62499999999999        72187500.0000000     
         189
   9.97499999999999        74812500.0000000     
         185
   10.3250000000000        77437500.0000000     
          11
   10.6750000000000        80062500.0000000     
         415
   11.0250000000000        82687500.0000000     
          25
   11.3750000000000        85312499.9999999     
         538
   11.7250000000000        87937499.9999999     
          67
   12.0750000000000        90562499.9999999     
         169
   12.4250000000000        93187499.9999999     
         251
   12.7750000000000        95812499.9999999     
         190
   13.1250000000000        98437499.9999999     
         251
   13.4750000000000        101062500.000000     
         103
   13.8250000000000        103687500.000000     
         539
   14.1750000000000        106312500.000000     
         225
   14.5250000000000        108937500.000000     
         107
   14.8750000000000        111562500.000000     
          25
   15.2250000000000        114187500.000000     
         133
   15.5750000000000        116812500.000000     
         177
   15.9250000000000        119437500.000000     
          37
   16.2750000000000        122062500.000000     
         130
   16.6250000000000        124687500.000000     
         503
   16.9750000000000        127312500.000000     
         467
   17.3250000000000        129937500.000000     
          56
   17.6750000000000        132562500.000000     
         234
   18.0250000000000        135187500.000000     
         388
   18.3750000000000        137812500.000000     
          70
   18.7250000000000        140437500.000000     
         124
   19.0750000000000        143062500.000000     
         235
   19.4250000000000        145687500.000000     
         449
   19.7750000000000        148312500.000000     
         222
   20.1250000000000        150937500.000000     
         526
   20.4750000000000        153562500.000000     
          14
   20.8250000000000        156187500.000000     
          86
   21.1750000000000        158812500.000000     
         129
   21.5250000000000        161437500.000000     
         529
   21.8750000000000        164062500.000000     
         108
   22.2250000000000        166687500.000000     
         493
   22.5750000000000        169312500.000000     
         209
   22.9250000000000        171937500.000000     
         192
   23.2750000000000        174562500.000000     
         436
   23.6250000000000        177187500.000000     
         158
   23.9750000000000        179812500.000000     
         487
   24.3250000000000        182437500.000000     
         353
   24.6750000000000        185062500.000000     
         233
   25.0250000000000        187687500.000000     
          20
   25.3750000000000        190312500.000000     
         284
   25.7250000000000        192937500.000000     
         412
   26.0750000000000        195562500.000000     
         415
   26.4250000000000        198187500.000000     
         356
   26.7750000000000        200812500.000000     
         384
   27.1250000000000        203437500.000000     
         214
   27.4750000000000        206062500.000000     
         458
   27.8250000000000        208687500.000000     
         171
   28.1750000000000        211312500.000000     
         121
   28.5250000000000        213937500.000000     
         388
   28.8750000000000        216562500.000000     
         386
   29.2250000000000        219187500.000000     
          15
   29.5750000000000        221812500.000000     
         278
   29.9250000000000        224437500.000000     
         259
   30.2750000000000        227062500.000000     
         276
   30.6250000000000        229687500.000000     
          71
   30.9750000000001        232312500.000000     
          48
   31.3250000000001        234937500.000000     
         536
   31.6750000000001        237562500.000000     
         171
   32.0250000000001        240187500.000000     
         119
   32.3750000000001        242812500.000000     
         256
   32.7250000000001        245437500.000000     
         230
   33.0750000000001        248062500.000000     
         109
   33.4250000000001        250687500.000000     
         162
   33.7750000000001        253312500.000000     
         242
   34.1250000000001        255937500.000000     
         175
   34.4750000000001        258562500.000000     
         228
   34.8250000000001        261187500.000001     
          57
   35.1750000000001        263812500.000001     
         331
   35.5250000000001        266437500.000001     
         440
   35.8750000000001        269062500.000001     
         393
   36.2250000000001        271687500.000001     
         128
   36.5750000000001        274312500.000001     
         406
   36.9250000000001        276937500.000001     
          46
   37.2750000000001        279562500.000001     
         288
   37.6250000000001        282187500.000001     
         273
   37.9750000000001        284812500.000001     
         156
   38.3250000000001        287437500.000001     
          78
   38.6750000000001        290062500.000001     
         465
   39.0250000000001        292687500.000001     
         103
   39.3750000000001        295312500.000001     
         296
   39.7250000000001        297937500.000001     
         159
   40.0750000000001        300562500.000001     
         496
   40.4250000000001        303187500.000001     
         297
   40.7750000000001        305812500.000001     
         228
   41.1250000000001        308437500.000001     
         287
   41.4750000000001        311062500.000001     
         227
   41.8250000000001        313687500.000001     
         535
   42.1750000000001        316312500.000001     
         263
   42.5250000000001        318937500.000001     
         423
   42.8750000000001        321562500.000001     
         468
   43.2250000000001        324187500.000001     
         257
   43.5750000000001        326812500.000001     
         165
   43.9250000000001        329437500.000001     
         385
   44.2750000000001        332062500.000001     
         335
   44.6250000000001        334687500.000001     
         312
   44.9750000000001        337312500.000001     
         535
   45.3250000000001        339937500.000001     
         207
   45.6750000000001        342562500.000001     
         458
   46.0250000000001        345187500.000001     
           7
   46.3750000000001        347812500.000001     
         339
   46.7250000000001        350437500.000001     
         167
   47.0750000000001        353062500.000001     
         244
   47.4250000000001        355687500.000001     
         527
   47.7750000000001        358312500.000001     
         227
   48.1250000000001        360937500.000001     
         521
   48.4750000000001        363562500.000001     
         106
   48.8250000000001        366187500.000001     
         523
   49.1750000000001        368812500.000001     
         258
   49.5250000000001        371437500.000001     
         260
   49.8750000000001        374062500.000001     
         366
   50.2250000000001        376687500.000001     
         128
   50.5750000000001        379312500.000001     
         404
   50.9250000000001        381937500.000001     
         210
   51.2750000000001        384562500.000001     
         320
   51.6250000000001        387187500.000001     
         229
   51.9750000000001        389812500.000001     
         123
   52.3250000000001        392437500.000001     
         312
   52.6750000000001        395062500.000001     
         234
   53.0250000000001        397687500.000001     
         266
   53.3750000000001        400312500.000001     
         395
   53.7250000000001        402937500.000001     
          20
   54.0750000000001        405562500.000001     
         259
   54.4250000000001        408187500.000001     
         322
   54.7750000000001        410812500.000001     
         165
   55.1250000000001        413437500.000001     
         531
   55.4750000000002        416062500.000001     
          38
   55.8250000000002        418687500.000001     
          82
   56.1750000000002        421312500.000001     
         481
   56.5250000000002        423937500.000001     
         310
   56.8750000000002        426562500.000001     
         365
   57.2250000000002        429187500.000001     
         359
   57.5750000000002        431812500.000001     
         433
   57.9250000000002        434437500.000001     
         140
   58.2750000000002        437062500.000001     
         293
   58.6250000000002        439687500.000001     
         432
   58.9750000000002        442312500.000001     
         130
   59.3250000000002        444937500.000001     
          62
   59.6750000000002        447562500.000001     
         116
   60.0250000000002        450187500.000001     
         127
   60.3750000000002        452812500.000001     
          50
   60.7250000000002        455437500.000001     
         517
   61.0750000000002        458062500.000001     
         122
   61.4250000000002        460687500.000001     
         422
   61.7750000000002        463312500.000001     
         418
   62.1250000000002        465937500.000001     
          36
   62.4750000000002        468562500.000001     
         249
   62.8250000000002        471187500.000001     
         122
   63.1750000000002        473812500.000001     
         285
   63.5250000000002        476437500.000001     
         457
   63.8750000000002        479062500.000001     
         538
   64.2250000000002        481687500.000001     
         538
   64.5750000000002        484312500.000001     
         202
   64.9250000000002        486937500.000001     
          56
   65.2750000000002        489562500.000001     
         327
   65.6250000000002        492187500.000001     
          25
   65.9750000000002        494812500.000001     
         134
   66.3250000000001        497437500.000001     
          18
   66.6750000000001        500062500.000001     
         309
   67.0250000000001        502687500.000001     
         251
   67.3750000000001        505312500.000001     
         382
   67.7250000000001        507937500.000001     
         308
   68.0750000000001        510562500.000001     
         327
   68.4250000000001        513187500.000001     
         443
   68.7750000000001        515812500.000001     
         259
   69.1250000000001        518437500.000001     
         476
   69.4750000000001        521062500.000001     
         359
   69.8250000000001        523687500.000001     
         254
   70.1750000000001        526312500.000001     
         152
   70.5250000000001        528937500.000001     
          26
   70.8750000000001        531562500.000001     
         413
   71.2250000000001        534187500.000000     
         438
   71.5750000000001        536812500.000000     
         423
   71.9250000000001        539437500.000000     
         488
   72.2750000000000        542062500.000000     
         319
   72.6250000000000        544687500.000000     
          56
   72.9750000000000        547312500.000000     
          74
   73.3250000000000        549937500.000000     
         188
   73.6750000000000        552562500.000000     
         339
   74.0250000000000        555187500.000000     
          57
   74.3750000000000        557812500.000000     
         161
   74.7250000000000        560437500.000000     
         288
   75.0750000000000        563062500.000000     
         532
   75.4250000000000        565687500.000000     
         167
   75.7750000000000        568312500.000000     
         335
   76.1250000000000        570937500.000000     
         442
   76.4750000000000        573562500.000000     
         181
   76.8250000000000        576187500.000000     
         265
   77.1750000000000        578812500.000000     
          72
   77.5250000000000        581437500.000000     
          97
   77.8750000000000        584062500.000000     
         518
   78.2250000000000        586687500.000000     
         228
   78.5749999999999        589312500.000000     
         223
   78.9249999999999        591937500.000000     
         445
   79.2749999999999        594562500.000000     
         356
   79.6249999999999        597187500.000000     
         110
   79.9749999999999        599812499.999999     
         152
   80.3249999999999        602437499.999999     
         225
   80.6749999999999        605062499.999999     
         515
   81.0249999999999        607687499.999999     
         125
   81.3749999999999        610312499.999999     
         169
   81.7249999999999        612937499.999999     
         220
   82.0749999999999        615562499.999999     
         323
   82.4249999999999        618187499.999999     
          95
   82.7749999999999        620812499.999999     
         444
   83.1249999999999        623437499.999999     
         195
   83.4749999999999        626062499.999999     
         537
   83.8249999999999        628687499.999999     
         454
   84.1749999999999        631312499.999999     
           7
   84.5249999999998        633937499.999999     
         348
   84.8749999999998        636562499.999999     
         300
   85.2249999999998        639187499.999999     
         147
   85.5749999999998        641812499.999999     
          70
   85.9249999999998        644437499.999999     
         175
   86.2749999999998        647062499.999999     
         437
   86.6249999999998        649687499.999999     
         294
   86.9749999999998        652312499.999999     
           5
   87.3249999999998        654937499.999999     
         449
   87.6749999999998        657562499.999998     
         175
   88.0249999999998        660187499.999998     
          89
   88.3749999999998        662812499.999998     
          24
   88.7249999999998        665437499.999998     
         294
   89.0749999999998        668062499.999998     
          90
   89.4249999999998        670687499.999998     
         321
   89.7749999999998        673312499.999998     
         479
   90.1249999999998        675937499.999998     
         198
   90.4749999999998        678562499.999998     
         209
   90.8249999999997        681187499.999998     
         183
   91.1749999999997        683812499.999998     
         133
   91.5249999999997        686437499.999998     
         539
   91.8749999999997        689062499.999998     
         461
   92.2249999999997        691687499.999998     
         126
   92.5749999999997        694312499.999998     
         226
   92.9249999999997        696937499.999998     
         359
   93.2749999999997        699562499.999998     
         275
   93.6249999999997        702187499.999998     
         329
   93.9749999999997        704812499.999998     
         227
   94.3249999999997        707437499.999998     
         389
   94.6749999999997        710062499.999998     
          63
   95.0249999999997        712687499.999998     
         473
   95.3749999999997        715312499.999997     
           2
   95.7249999999997        717937499.999997     
         230
   96.0749999999997        720562499.999997     
         373
   96.4249999999997        723187499.999997     
         375
   96.7749999999997        725812499.999997     
         198
   97.1249999999996        728437499.999997     
         266
   97.4749999999996        731062499.999997     
         460
   97.8249999999996        733687499.999997     
         350
   98.1749999999996        736312499.999997     
         477
   98.5249999999996        738937499.999997     
         527
   98.8749999999996        741562499.999997     
         276
   99.2249999999996        744187499.999997     
          95
   99.5749999999996        746812499.999997     
         207
   99.9249999999996        749437499.999997     
         364
   100.275000000000        752062499.999997     
         183
   100.625000000000        754687499.999997     
         430
   100.975000000000        757312499.999997     
         382
   101.325000000000        759937499.999997     
         120
   101.675000000000        762562499.999997     
         453
   102.025000000000        765187499.999997     
         231
   102.375000000000        767812499.999997     
         344
   102.725000000000        770437499.999997     
          42
   103.075000000000        773062499.999997     
         269
   103.425000000000        775687499.999997     
         162
   103.775000000000        778312499.999997     
         322
   104.125000000000        780937499.999996     
         211
   104.475000000000        783562499.999996     
         112
   104.825000000000        786187499.999996     
         169
   105.175000000000        788812499.999996     
         262
   105.525000000000        791437499.999996     
         322
   105.875000000000        794062499.999996     
         363
   106.224999999999        796687499.999996     
         336
   106.574999999999        799312499.999996     
         308
   106.924999999999        801937499.999996     
         367
   107.274999999999        804562499.999996     
         250
   107.624999999999        807187499.999996     
         154
   107.974999999999        809812499.999996     
         459
   108.324999999999        812437499.999996     
         526
   108.674999999999        815062499.999996     
         327
   109.024999999999        817687499.999996     
          45
   109.374999999999        820312499.999996     
         432
   109.724999999999        822937499.999996     
         330
   110.074999999999        825562499.999996     
         164
   110.424999999999        828187499.999996     
          62
   110.774999999999        830812499.999996     
         479
   111.124999999999        833437499.999996     
         359
   111.474999999999        836062499.999996     
         286
   111.824999999999        838687499.999996     
          60
   112.174999999999        841312499.999995     
         359
   112.524999999999        843937499.999995     
         354
   112.874999999999        846562499.999995     
           5
   113.224999999999        849187499.999995     
         404
   113.574999999999        851812499.999995     
         285
   113.924999999999        854437499.999995     
         313
   114.274999999999        857062499.999995     
         490
   114.624999999999        859687499.999995     
         389
   114.974999999999        862312499.999995     
           8
   115.324999999999        864937499.999995     
         404
   115.674999999999        867562499.999995     
         128
   116.024999999999        870187499.999995     
         234
   116.374999999999        872812499.999995     
         392
   116.724999999999        875437499.999995     
         471
   117.074999999999        878062499.999995     
         521
   117.424999999999        880687499.999995     
         486
   117.774999999999        883312499.999995     
         507
   118.124999999999        885937499.999995     
          66
   118.474999999999        888562499.999995     
         165
   118.824999999999        891187499.999995     
         115
   119.174999999999        893812499.999995     
         467
   119.524999999999        896437499.999995     
          84
   119.874999999999        899062499.999995     
         388
   120.224999999999        901687499.999995     
         248
   120.574999999999        904312499.999995     
         535
   120.924999999999        906937499.999994     
         128
   121.274999999999        909562499.999994     
         463
   121.624999999999        912187499.999994     
         367
   121.974999999999        914812499.999994     
         414
   122.324999999999        917437499.999994     
         239
   122.674999999999        920062499.999994     
         420
   123.024999999999        922687499.999994     
         407
   123.374999999999        925312499.999994     
         140
   123.724999999999        927937499.999994     
         507
   124.074999999999        930562499.999994     
         161
   124.424999999999        933187499.999994     
         207
   124.774999999999        935812499.999994     
         111
   125.124999999999        938437499.999994     
          71
   125.474999999999        941062499.999994     
          82
   125.824999999999        943687499.999994     
           5
   126.174999999999        946312499.999994     
         219
   126.524999999999        948937499.999994     
          83
   126.874999999999        951562499.999994     
         257
   127.224999999999        954187499.999994     
         451
   127.574999999999        956812499.999994     
         461
   127.924999999999        959437499.999994     
         103
   128.274999999999        962062499.999993     
          42
   128.624999999999        964687499.999993     
         520
   128.974999999999        967312499.999993     
         126
   129.324999999999        969937499.999993     
         283
   129.674999999999        972562499.999993     
          88
   130.024999999999        975187499.999993     
         189
   130.374999999999        977812499.999993     
         389
   130.724999999999        980437499.999993     
         296
   131.074999999999        983062499.999993     
          35
   131.424999999999        985687499.999993     
         160
   131.774999999999        988312499.999993     
         418
   132.124999999999        990937499.999993     
          37
   132.474999999999        993562499.999993     
         487
   132.824999999999        996187499.999993     
         247
   133.174999999999        998812499.999993     
          51
   133.524999999999        1001437499.99999     
          67
   133.874999999999        1004062499.99999     
          36
   134.224999999999        1006687499.99999     
         288
   134.574999999999        1009312499.99999     
         194
   134.924999999999        1011937499.99999     
         346
   135.274999999999        1014562499.99999     
         225
   135.624999999999        1017187499.99999     
         269
   135.974999999999        1019812499.99999     
         155
   136.324999999999        1022437499.99999     
         142
   136.674999999999        1025062499.99999     
         320
   137.024999999999        1027687499.99999     
          40
   137.374999999999        1030312499.99999     
         515
   137.724999999999        1032937499.99999     
         286
   138.074999999999        1035562499.99999     
         329
   138.424999999999        1038187499.99999     
         533
   138.774999999999        1040812499.99999     
         241
   139.124999999999        1043437499.99999     
         296
   139.474999999999        1046062499.99999     
         127
   139.824999999999        1048687499.99999     
         379
   140.174999999999        1051312499.99999     
         223
   140.524999999999        1053937499.99999     
         441
   140.874999999999        1056562499.99999     
         479
   141.224999999999        1059187499.99999     
         138
   141.574999999999        1061812499.99999     
         175
   141.924999999999        1064437499.99999     
         426
   142.274999999999        1067062499.99999     
         448
   142.624999999999        1069687499.99999     
         263
   142.974999999999        1072312499.99999     
         416
   143.324999999999        1074937499.99999     
         337
   143.674999999999        1077562499.99999     
         233
   144.024999999999        1080187499.99999     
         171
   144.374999999999        1082812499.99999     
         293
   144.724999999999        1085437499.99999     
         462
   145.074999999999        1088062499.99999     
         350
   145.424999999999        1090687499.99999     
          59
   145.774999999999        1093312499.99999     
          17
   146.124999999999        1095937499.99999     
         459
   146.474999999999        1098562499.99999     
          35
   146.824999999999        1101187499.99999     
         382
   147.174999999999        1103812499.99999     
         151
   147.524999999999        1106437499.99999     
         392
   147.874999999999        1109062499.99999     
           2
   148.224999999999        1111687499.99999     
         248
   148.574999999999        1114312499.99999     
         535
   148.924999999999        1116937499.99999     
         446
   149.274999999999        1119562499.99999     
         468
   149.624999999999        1122187499.99999     
         320
   149.974999999999        1124812499.99999     
           3
   150.324999999999        1127437499.99999     
          17
   150.674999999999        1130062499.99999     
         356
   151.024999999999        1132687499.99999     
         174
   151.374999999999        1135312499.99999     
         266
   151.724999999999        1137937499.99999     
          56
   152.074999999999        1140562499.99999     
         391
   152.424999999999        1143187499.99999     
         241
   152.774999999999        1145812499.99999     
         501
   153.124999999999        1148437499.99999     
         499
   153.474999999999        1151062499.99999     
         232
   153.824999999999        1153687499.99999     
         214
   154.174999999999        1156312499.99999     
         308
   154.524999999999        1158937499.99999     
         398
   154.874999999999        1161562499.99999     
         282
   155.224999999999        1164187499.99999     
         154
   155.574999999999        1166812499.99999     
         181
   155.924999999999        1169437499.99999     
         438
   156.274999999999        1172062499.99999     
          10
   156.624999999999        1174687499.99999     
         292
   156.974999999999        1177312499.99999     
         267
   157.324999999999        1179937499.99999     
          42
   157.674999999999        1182562499.99999     
         293
   158.024999999999        1185187499.99999     
         288
   158.374999999999        1187812499.99999     
         156
   158.724999999999        1190437499.99999     
         284
   159.074999999999        1193062499.99999     
         266
   159.424999999999        1195687499.99999     
         467
   159.774999999999        1198312499.99999     
         304
   160.124999999999        1200937499.99999     
         530
   160.474999999999        1203562499.99999     
          82
   160.824999999999        1206187499.99999     
          11
   161.174999999999        1208812499.99999     
         294
   161.524999999999        1211437499.99999     
          73
   161.874999999999        1214062499.99999     
         127
   162.224999999999        1216687499.99999     
         131
   162.574999999999        1219312499.99999     
         215
   162.924999999999        1221937499.99999     
          12
   163.274999999999        1224562499.99999     
          38
   163.624999999999        1227187499.99999     
          58
   163.974999999999        1229812499.99999     
          74
   164.324999999999        1232437499.99999     
          92
   164.674999999999        1235062499.99999     
          26
   165.024999999999        1237687499.99999     
         491
   165.374999999999        1240312499.99999     
         252
   165.724999999999        1242937499.99999     
         448
   166.074999999999        1245562499.99999     
         157
   166.424999999999        1248187499.99999     
          80
   166.774999999998        1250812499.99999     
         152
   167.124999999998        1253437499.99999     
         271
   167.474999999998        1256062499.99999     
         437
   167.824999999998        1258687499.99999     
          16
   168.174999999998        1261312499.99999     
         503
   168.524999999998        1263937499.99999     
          16
   168.874999999998        1266562499.99999     
         200
   169.224999999998        1269187499.99999     
         136
   169.574999999998        1271812499.99999     
         183
   169.924999999998        1274437499.99999     
         316
   170.274999999998        1277062499.99999     
         422
   170.624999999998        1279687499.99999     
         213
   170.974999999998        1282312499.99999     
         491
   171.324999999998        1284937499.99999     
         428
   171.674999999998        1287562499.99999     
         338
   172.024999999998        1290187499.99999     
         520
   172.374999999998        1292812499.99999     
         513
   172.724999999998        1295437499.99999     
         214
   173.074999999998        1298062499.99999     
          59
   173.424999999998        1300687499.99999     
         149
   173.774999999998        1303312499.99999     
         360
   174.124999999998        1305937499.99999     
         152
   174.474999999998        1308562499.99999     
         240
   174.824999999998        1311187499.99999     
         402
   175.174999999998        1313812499.99999     
          91
   175.524999999998        1316437499.99999     
         448
   175.874999999998        1319062499.99999     
         183
   176.224999999998        1321687499.99999     
          51
   176.574999999998        1324312499.99999     
         349
   176.924999999998        1326937499.99999     
         318
   177.274999999998        1329562499.99999     
          26
   177.624999999998        1332187499.99999     
         192
   177.974999999998        1334812499.99999     
         276
   178.324999999998        1337437499.99999     
         441
   178.674999999998        1340062499.99999     
         313
   179.024999999998        1342687499.99999     
          99
   179.374999999998        1345312499.99999     
         457
   179.724999999998        1347937499.99999     
         388
   180.074999999998        1350562499.99999     
         447
   180.424999999998        1353187499.99999     
         448
   180.774999999998        1355812499.99999     
         396
   181.124999999998        1358437499.99999     
         215
   181.474999999998        1361062499.99999     
         252
   181.824999999998        1363687499.99999     
         234
   182.174999999998        1366312499.99999     
         383
   182.524999999998        1368937499.99999     
         298
   182.874999999998        1371562499.99999     
         320
   183.224999999998        1374187499.99999     
          52
   183.574999999998        1376812499.99999     
         132
   183.924999999998        1379437499.99999     
         309
   184.274999999998        1382062499.99999     
         117
   184.624999999998        1384687499.99999     
         323
   184.974999999998        1387312499.99999     
          51
   185.324999999998        1389937499.99999     
         318
   185.674999999998        1392562499.99999     
         296
   186.024999999998        1395187499.99999     
         364
   186.374999999998        1397812499.99999     
          67
   186.724999999998        1400437499.99999     
         176
   187.074999999998        1403062499.99999     
         437
   187.424999999998        1405687499.99999     
         324
   187.774999999998        1408312499.99999     
         106
   188.124999999998        1410937499.99999     
         340
   188.474999999998        1413562499.99999     
         222
   188.824999999998        1416187499.99999     
         131
   189.174999999998        1418812499.99999     
         263
   189.524999999998        1421437499.99999     
         370
   189.874999999998        1424062499.99999     
         298
   190.224999999998        1426687499.99999     
         206
   190.574999999998        1429312499.99999     
         276
   190.924999999998        1431937499.99999     
         465
   191.274999999998        1434562499.99999     
         134
   191.624999999998        1437187499.99999     
          14
   191.974999999998        1439812499.99999     
         381
   192.324999999998        1442437499.99999     
         172
   192.674999999998        1445062499.99999     
         332
   193.024999999998        1447687499.99999     
         196
   193.374999999998        1450312499.99999     
         477
   193.724999999998        1452937499.99999     
         381
   194.074999999998        1455562499.99999     
         285
   194.424999999998        1458187499.99999     
         520
   194.774999999998        1460812499.99999     
         383
   195.124999999998        1463437499.99999     
         462
   195.474999999998        1466062499.99999     
         339
   195.824999999998        1468687499.99999     
         167
   196.174999999998        1471312499.99999     
         173
   196.524999999998        1473937499.99999     
         314
   196.874999999998        1476562499.99998     
         108
   197.224999999998        1479187499.99998     
         338
   197.574999999998        1481812499.99998     
          23
   197.924999999998        1484437499.99998     
         430
   198.274999999998        1487062499.99998     
         124
   198.624999999998        1489687499.99998     
          66
   198.974999999998        1492312499.99998     
          43
   199.324999999998        1494937499.99998     
          25
   199.674999999998        1497562499.99998     
          63
   200.024999999998        1500187499.99998     
         501
   200.374999999998        1502812499.99998     
         387
   200.724999999998        1505437499.99998     
         312
   201.074999999998        1508062499.99998     
          15
   201.424999999998        1510687499.99998     
         192
   201.774999999998        1513312499.99998     
         472
   202.124999999998        1515937499.99998     
         436
   202.474999999998        1518562499.99998     
         394
   202.824999999998        1521187499.99998     
          84
   203.174999999998        1523812499.99998     
         274
   203.524999999998        1526437499.99998     
         328
   203.874999999998        1529062499.99998     
          19
   204.224999999998        1531687499.99998     
         434
   204.574999999998        1534312499.99998     
         288
   204.924999999998        1536937499.99998     
          74
   205.274999999998        1539562499.99998     
         461
   205.624999999998        1542187499.99998     
         291
   205.974999999998        1544812499.99998     
         406
   206.324999999998        1547437499.99998     
          18
   206.674999999998        1550062499.99998     
         262
   207.024999999998        1552687499.99998     
         461
   207.374999999998        1555312499.99998     
          80
   207.724999999998        1557937499.99998     
         359
   208.074999999998        1560562499.99998     
         391
   208.424999999998        1563187499.99998     
          41
   208.774999999998        1565812499.99998     
         163
   209.124999999998        1568437499.99998     
         500
   209.474999999998        1571062499.99998     
         162
   209.824999999998        1573687499.99998     
         477
   210.174999999998        1576312499.99998     
          99
   210.524999999998        1578937499.99998     
         104
   210.874999999998        1581562499.99998     
          80
   211.224999999998        1584187499.99998     
         315
   211.574999999998        1586812499.99998     
         247
   211.924999999998        1589437499.99998     
         230
   212.274999999998        1592062499.99998     
         133
   212.624999999998        1594687499.99998     
         171
   212.974999999998        1597312499.99998     
         131
   213.324999999998        1599937499.99998     
         352
   213.674999999998        1602562499.99998     
         445
   214.024999999998        1605187499.99998     
         138
   214.374999999998        1607812499.99998     
         526
   214.724999999998        1610437499.99998     
         339
   215.074999999998        1613062499.99998     
         201
   215.424999999998        1615687499.99998     
         167
   215.774999999998        1618312499.99998     
         300
   216.124999999998        1620937499.99998     
          48
   216.474999999998        1623562499.99998     
         536
   216.824999999998        1626187499.99998     
         274
   217.174999999998        1628812499.99998     
         135
   217.524999999998        1631437499.99998     
         507
   217.874999999998        1634062499.99998     
          90
   218.224999999998        1636687499.99998     
         441
   218.574999999998        1639312499.99998     
         204
   218.924999999998        1641937499.99998     
          80
   219.274999999998        1644562499.99998     
         159
   219.624999999998        1647187499.99998     
         188
   219.974999999998        1649812499.99998     
         428
   220.324999999998        1652437499.99998     
         120
   220.674999999998        1655062499.99998     
         362
   221.024999999998        1657687499.99998     
          95
   221.374999999998        1660312499.99998     
         182
   221.724999999998        1662937499.99998     
         175
   222.074999999998        1665562499.99998     
         319
   222.424999999998        1668187499.99998     
         126
   222.774999999998        1670812499.99998     
         327
   223.124999999998        1673437499.99998     
         527
   223.474999999998        1676062499.99998     
         120
   223.824999999998        1678687499.99998     
         248
   224.174999999998        1681312499.99998     
         495
   224.524999999998        1683937499.99998     
         302
   224.874999999998        1686562499.99998     
         346
   225.224999999998        1689187499.99998     
         509
   225.574999999998        1691812499.99998     
         221
   225.924999999998        1694437499.99998     
          27
   226.274999999998        1697062499.99998     
          24
   226.624999999998        1699687499.99998     
         516
   226.974999999998        1702312499.99998     
         158
   227.324999999998        1704937499.99998     
          36
   227.674999999998        1707562499.99998     
          69
   228.024999999998        1710187499.99998     
         244
   228.374999999997        1712812499.99998     
         530
   228.724999999997        1715437499.99998     
         417
   229.074999999997        1718062499.99998     
          93
   229.424999999997        1720687499.99998     
          87
   229.774999999997        1723312499.99998     
         388
   230.124999999997        1725937499.99998     
         195
   230.474999999997        1728562499.99998     
         342
   230.824999999997        1731187499.99998     
         456
   231.174999999997        1733812499.99998     
         125
   231.524999999997        1736437499.99998     
         113
   231.874999999997        1739062499.99998     
         162
   232.224999999997        1741687499.99998     
         349
   232.574999999997        1744312499.99998     
          86
   232.924999999997        1746937499.99998     
         101
   233.274999999997        1749562499.99998     
         321
   233.624999999997        1752187499.99998     
         290
   233.974999999997        1754812499.99998     
         421
   234.324999999997        1757437499.99998     
         474
   234.674999999997        1760062499.99998     
          14
   235.024999999997        1762687499.99998     
         523
   235.374999999997        1765312499.99998     
         395
   235.724999999997        1767937499.99998     
         368
   236.074999999997        1770562499.99998     
         366
   236.424999999997        1773187499.99998     
         263
   236.774999999997        1775812499.99998     
         337
   237.124999999997        1778437499.99998     
         138
   237.474999999997        1781062499.99998     
         537
   237.824999999997        1783687499.99998     
         278
   238.174999999997        1786312499.99998     
         256
   238.524999999997        1788937499.99998     
         251
   238.874999999997        1791562499.99998     
         504
   239.224999999997        1794187499.99998     
         366
   239.574999999997        1796812499.99998     
         334
   239.924999999997        1799437499.99998     
         218
   240.274999999997        1802062499.99998     
          65
   240.624999999997        1804687499.99998     
          88
   240.974999999997        1807312499.99998     
         133
   241.324999999997        1809937499.99998     
         444
   241.674999999997        1812562499.99998     
         137
   242.024999999997        1815187499.99998     
         107
   242.374999999997        1817812499.99998     
         443
   242.724999999997        1820437499.99998     
         217
   243.074999999997        1823062499.99998     
           9
   243.424999999997        1825687499.99998     
          91
   243.774999999997        1828312499.99998     
         210
   244.124999999997        1830937499.99998     
         536
   244.474999999997        1833562499.99998     
         348
   244.824999999997        1836187499.99998     
         223
   245.174999999997        1838812499.99998     
         315
   245.524999999997        1841437499.99998     
         151
   245.874999999997        1844062499.99998     
         446
   246.224999999997        1846687499.99998     
          42
   246.574999999997        1849312499.99998     
         289
   246.924999999997        1851937499.99998     
         249
   247.274999999997        1854562499.99998     
         295
   247.624999999997        1857187499.99998     
          43
   247.974999999997        1859812499.99998     
         389
   248.324999999997        1862437499.99998     
         249
   248.674999999997        1865062499.99998     
         531
   249.024999999997        1867687499.99998     
         208
   249.374999999997        1870312499.99998     
         323
   249.724999999997        1872937499.99998     
          33
   250.074999999997        1875562499.99998     
         207
   250.424999999997        1878187499.99998     
         384
   250.774999999997        1880812499.99998     
         369
   251.124999999997        1883437499.99998     
          19
   251.474999999997        1886062499.99998     
          74
   251.824999999997        1888687499.99998     
         431
   252.174999999997        1891312499.99998     
         427
   252.524999999997        1893937499.99998     
         519
   252.874999999997        1896562499.99998     
         239
   253.224999999997        1899187499.99998     
         267
   253.574999999997        1901812499.99998     
         156
   253.924999999997        1904437499.99998     
         195
   254.274999999997        1907062499.99998     
         539
   254.624999999997        1909687499.99998     
         372
   254.974999999997        1912312499.99998     
         154
   255.324999999997        1914937499.99998     
         284
   255.674999999997        1917562499.99998     
         115
   256.024999999997        1920187499.99998     
         405
   256.374999999997        1922812499.99998     
         428
   256.724999999997        1925437499.99998     
           3
   257.074999999997        1928062499.99998     
         483
   257.424999999997        1930687499.99998     
          47
   257.774999999997        1933312499.99998     
         144
   258.124999999997        1935937499.99998     
         253
   258.474999999997        1938562499.99998     
         357
   258.824999999997        1941187499.99998     
         323
   259.174999999997        1943812499.99998     
          86
   259.524999999997        1946437499.99998     
         320
   259.874999999997        1949062499.99998     
          80
   260.224999999997        1951687499.99998     
         402
   260.574999999997        1954312499.99998     
         383
   260.924999999997        1956937499.99998     
         452
   261.274999999997        1959562499.99998     
         410
   261.624999999997        1962187499.99998     
         475
   261.974999999997        1964812499.99998     
         350
   262.324999999997        1967437499.99998     
           1
   262.674999999998        1970062499.99998     
         402
   263.024999999998        1972687499.99998     
         374
   263.374999999998        1975312499.99998     
         217
   263.724999999998        1977937499.99998     
         100
   264.074999999998        1980562499.99998     
         486
   264.424999999998        1983187499.99998     
           6
   264.774999999998        1985812499.99998     
         185
   265.124999999998        1988437499.99998     
         228
   265.474999999998        1991062499.99998     
         410
   265.824999999998        1993687499.99998     
         357
   266.174999999998        1996312499.99998     
         291
   266.524999999998        1998937499.99998     
         350
   266.874999999998        2001562499.99998     
         432
   267.224999999998        2004187499.99998     
         438
   267.574999999998        2006812499.99998     
          89
   267.924999999998        2009437499.99998     
         429
   268.274999999998        2012062499.99998     
         348
   268.624999999998        2014687499.99998     
         315
   268.974999999998        2017312499.99998     
         201
   269.324999999998        2019937499.99998     
         143
   269.674999999998        2022562499.99998     
         447
   270.024999999998        2025187499.99998     
         323
   270.374999999998        2027812499.99998     
         277
   270.724999999998        2030437499.99999     
          78
   271.074999999998        2033062499.99999     
         183
   271.424999999998        2035687499.99999     
         437
   271.774999999998        2038312499.99999     
         270
   272.124999999998        2040937499.99999     
         538
   272.474999999998        2043562499.99999     
         354
   272.824999999998        2046187499.99999     
         415
   273.174999999998        2048812499.99999     
         187
   273.524999999998        2051437499.99999     
         492
   273.874999999998        2054062499.99999     
         152
   274.224999999998        2056687499.99999     
          37
   274.574999999998        2059312499.99999     
          50
   274.924999999998        2061937499.99999     
         290
   275.274999999998        2064562499.99999     
         515
   275.624999999998        2067187499.99999     
         252
   275.974999999998        2069812499.99999     
         150
   276.324999999998        2072437499.99999     
          73
   276.674999999998        2075062499.99999     
         105
   277.024999999998        2077687499.99999     
         107
   277.374999999998        2080312499.99999     
         533
   277.724999999998        2082937499.99999     
         358
   278.074999999999        2085562499.99999     
          71
   278.424999999999        2088187499.99999     
         168
   278.774999999999        2090812499.99999     
         235
   279.124999999999        2093437499.99999     
         236
   279.474999999999        2096062499.99999     
         348
   279.824999999999        2098687499.99999     
         308
   280.174999999999        2101312499.99999     
          39
   280.524999999999        2103937499.99999     
         122
   280.874999999999        2106562499.99999     
         284
   281.224999999999        2109187499.99999     
         315
   281.574999999999        2111812499.99999     
          83
   281.924999999999        2114437499.99999     
         419
   282.274999999999        2117062499.99999     
         342
   282.624999999999        2119687499.99999     
         252
   282.974999999999        2122312499.99999     
         252
   283.324999999999        2124937499.99999     
         241
   283.674999999999        2127562499.99999     
         453
   284.024999999999        2130187499.99999     
         411
   284.374999999999        2132812499.99999     
         349
   284.724999999999        2135437499.99999     
         330
   285.074999999999        2138062499.99999     
         396
   285.424999999999        2140687499.99999     
         297
   285.774999999999        2143312499.99999     
         395
   286.124999999999        2145937499.99999     
         265
   286.474999999999        2148562499.99999     
          50
   286.824999999999        2151187499.99999     
         512
   287.174999999999        2153812499.99999     
         291
   287.524999999999        2156437499.99999     
         418
   287.874999999999        2159062499.99999     
         500
   288.224999999999        2161687499.99999     
         180
   288.574999999999        2164312499.99999     
         189
   288.924999999999        2166937499.99999     
         294
   289.274999999999        2169562499.99999     
         167
   289.624999999999        2172187499.99999     
         278
   289.974999999999        2174812499.99999     
         480
   290.324999999999        2177437499.99999     
          51
   290.674999999999        2180062499.99999     
         245
   291.024999999999        2182687500.00000     
         275
   291.374999999999        2185312500.00000     
         476
   291.724999999999        2187937500.00000     
         311
   292.074999999999        2190562500.00000     
         313
   292.424999999999        2193187500.00000     
          19
   292.774999999999        2195812500.00000     
          22
   293.124999999999        2198437500.00000     
         364
   293.475000000000        2201062500.00000     
         203
   293.825000000000        2203687500.00000     
         475
   294.175000000000        2206312500.00000     
         397
   294.525000000000        2208937500.00000     
         183
   294.875000000000        2211562500.00000     
         298
   295.225000000000        2214187500.00000     
          80
   295.575000000000        2216812500.00000     
         137
   295.925000000000        2219437500.00000     
         518
   296.275000000000        2222062500.00000     
         390
   296.625000000000        2224687500.00000     
          14
   296.975000000000        2227312500.00000     
         538
   297.325000000000        2229937500.00000     
         480
   297.675000000000        2232562500.00000     
         229
   298.025000000000        2235187500.00000     
         116
   298.375000000000        2237812500.00000     
         393
   298.725000000000        2240437500.00000     
         366
   299.075000000000        2243062500.00000     
         149
   299.425000000000        2245687500.00000     
         114
   299.775000000000        2248312500.00000     
          28
   300.125000000000        2250937500.00000     
         155
   300.475000000000        2253562500.00000     
         238
   300.825000000000        2256187500.00000     
          61
   301.175000000000        2258812500.00000     
         450
   301.525000000000        2261437500.00000     
         164
   301.875000000000        2264062500.00000     
         509
   302.225000000000        2266687500.00000     
         364
   302.575000000000        2269312500.00000     
         350
   302.925000000000        2271937500.00000     
         156
   303.275000000000        2274562500.00000     
         416
   303.625000000000        2277187500.00000     
         536
   303.975000000000        2279812500.00000     
         326
   304.325000000000        2282437500.00000     
          91
   304.675000000000        2285062500.00000     
         461
   305.025000000000        2287687500.00000     
          30
   305.375000000000        2290312500.00000     
          46
   305.725000000000        2292937500.00000     
         348
   306.075000000000        2295562500.00000     
         457
   306.425000000000        2298187500.00000     
         423
   306.775000000000        2300812500.00000     
         222
   307.125000000000        2303437500.00000     
         330
   307.475000000000        2306062500.00000     
         171
   307.825000000000        2308687500.00000     
         108
   308.175000000000        2311312500.00000     
          42
   308.525000000000        2313937500.00000     
         166
   308.875000000001        2316562500.00000     
         288
   309.225000000001        2319187500.00000     
         209
   309.575000000001        2321812500.00000     
         318
   309.925000000001        2324437500.00000     
         310
   310.275000000001        2327062500.00000     
         507
   310.625000000001        2329687500.00000     
         220
   310.975000000001        2332312500.00000     
          20
   311.325000000001        2334937500.00001     
          39
   311.675000000001        2337562500.00001     
         130
   312.025000000001        2340187500.00001     
         528
   312.375000000001        2342812500.00001     
          85
   312.725000000001        2345437500.00001     
         399
   313.075000000001        2348062500.00001     
         378
   313.425000000001        2350687500.00001     
         329
   313.775000000001        2353312500.00001     
         185
   314.125000000001        2355937500.00001     
         476
   314.475000000001        2358562500.00001     
         440
   314.825000000001        2361187500.00001     
         223
   315.175000000001        2363812500.00001     
         340
   315.525000000001        2366437500.00001     
         206
   315.875000000001        2369062500.00001     
         365
   316.225000000001        2371687500.00001     
         439
   316.575000000001        2374312500.00001     
         295
   316.925000000001        2376937500.00001     
          96
   317.275000000001        2379562500.00001     
         156
   317.625000000001        2382187500.00001     
         291
   317.975000000001        2384812500.00001     
          28
   318.325000000001        2387437500.00001     
         300
   318.675000000001        2390062500.00001     
          85
   319.025000000001        2392687500.00001     
         410
   319.375000000001        2395312500.00001     
         413
   319.725000000001        2397937500.00001     
         338
   320.075000000001        2400562500.00001     
          90
   320.425000000001        2403187500.00001     
         200
   320.775000000001        2405812500.00001     
         137
   321.125000000001        2408437500.00001     
         196
   321.475000000001        2411062500.00001     
         157
   321.825000000001        2413687500.00001     
         502
   322.175000000001        2416312500.00001     
         231
   322.525000000001        2418937500.00001     
         165
   322.875000000001        2421562500.00001     
         502
   323.225000000001        2424187500.00001     
         131
   323.575000000001        2426812500.00001     
         535
   323.925000000001        2429437500.00001     
           7
   324.275000000002        2432062500.00001     
         522
   324.625000000002        2434687500.00001     
         459
   324.975000000002        2437312500.00001     
         288
   325.325000000002        2439937500.00001     
         255
   325.675000000002        2442562500.00001     
          21
   326.025000000002        2445187500.00001     
         483
   326.375000000002        2447812500.00001     
         502
   326.725000000002        2450437500.00001     
          65
   327.075000000002        2453062500.00001     
         423
   327.425000000002        2455687500.00001     
         431
   327.775000000002        2458312500.00001     
         421
   328.125000000002        2460937500.00001     
         411
   328.475000000002        2463562500.00001     
         196
   328.825000000002        2466187500.00001     
         149
   329.175000000002        2468812500.00001     
         516
   329.525000000002        2471437500.00001     
         211
   329.875000000002        2474062500.00001     
         142
   330.225000000002        2476687500.00001     
         275
   330.575000000002        2479312500.00001     
         171
   330.925000000002        2481937500.00001     
         427
   331.275000000002        2484562500.00001     
         511
   331.625000000002        2487187500.00001     
         449
   331.975000000002        2489812500.00002     
         522
   332.325000000002        2492437500.00002     
         144
   332.675000000002        2495062500.00002     
         153
   333.025000000002        2497687500.00002     
         452
   333.375000000002        2500312500.00002     
         382
   333.725000000002        2502937500.00002     
         515
   334.075000000002        2505562500.00002     
         358
   334.425000000002        2508187500.00002     
         351
   334.775000000002        2510812500.00002     
         218
   335.125000000002        2513437500.00002     
         157
   335.475000000002        2516062500.00002     
         223
   335.825000000002        2518687500.00002     
         229
   336.175000000002        2521312500.00002     
         282
   336.525000000002        2523937500.00002     
         500
   336.875000000002        2526562500.00002     
         493
   337.225000000002        2529187500.00002     
         361
   337.575000000002        2531812500.00002     
         214
   337.925000000002        2534437500.00002     
         317
   338.275000000002        2537062500.00002     
         460
   338.625000000002        2539687500.00002     
         420
   338.975000000002        2542312500.00002     
         240
   339.325000000002        2544937500.00002     
         362
   339.675000000003        2547562500.00002     
         371
   340.025000000003        2550187500.00002     
         172
   340.375000000003        2552812500.00002     
         117
   340.725000000003        2555437500.00002     
         418
   341.075000000003        2558062500.00002     
         449
   341.425000000003        2560687500.00002     
         123
   341.775000000003        2563312500.00002     
         302
   342.125000000003        2565937500.00002     
         180
   342.475000000003        2568562500.00002     
         116
   342.825000000003        2571187500.00002     
         450
   343.175000000003        2573812500.00002     
         204
   343.525000000003        2576437500.00002     
         313
   343.875000000003        2579062500.00002     
         293
   344.225000000003        2581687500.00002     
         425
   344.575000000003        2584312500.00002     
         533
   344.925000000003        2586937500.00002     
         526
   345.275000000003        2589562500.00002     
         301
   345.625000000003        2592187500.00002     
         157
   345.975000000003        2594812500.00002     
         532
   346.325000000003        2597437500.00002     
         422
   346.675000000003        2600062500.00002     
         523
   347.025000000003        2602687500.00002     
          25
   347.375000000003        2605312500.00002     
         502
   347.725000000003        2607937500.00002     
          92
   348.075000000003        2610562500.00002     
         266
   348.425000000003        2613187500.00002     
         138
   348.775000000003        2615812500.00002     
          11
   349.125000000003        2618437500.00002     
         454
   349.475000000003        2621062500.00002     
         422
   349.825000000003        2623687500.00002     
         338
   350.175000000003        2626312500.00002     
         264
   350.525000000003        2628937500.00002     
         463
   350.875000000003        2631562500.00002     
          48
   351.225000000003        2634187500.00002     
         492
   351.575000000003        2636812500.00002     
         167
   351.925000000003        2639437500.00002     
         449
   352.275000000003        2642062500.00002     
          62
   352.625000000003        2644687500.00003     
         148
   352.975000000003        2647312500.00003     
         188
   353.325000000003        2649937500.00003     
         227
   353.675000000003        2652562500.00003     
          49
   354.025000000003        2655187500.00003     
         353
   354.375000000003        2657812500.00003     
         194
   354.725000000003        2660437500.00003     
         364
   355.075000000004        2663062500.00003     
         198
   355.425000000004        2665687500.00003     
         111
   355.775000000004        2668312500.00003     
         433
   356.125000000004        2670937500.00003     
          19
   356.475000000004        2673562500.00003     
         158
   356.825000000004        2676187500.00003     
         242
   357.175000000004        2678812500.00003     
         485
   357.525000000004        2681437500.00003     
         318
   357.875000000004        2684062500.00003     
         412
   358.225000000004        2686687500.00003     
         156
   358.575000000004        2689312500.00003     
         173
   358.925000000004        2691937500.00003     
         148
   359.275000000004        2694562500.00003     
         397
   359.625000000004        2697187500.00003     
         231
   359.975000000004        2699812500.00003     
         112
   360.325000000004        2702437500.00003     
         187
   360.675000000004        2705062500.00003     
         431
   361.025000000004        2707687500.00003     
         502
   361.375000000004        2710312500.00003     
         146
   361.725000000004        2712937500.00003     
         433
   362.075000000004        2715562500.00003     
         242
   362.425000000004        2718187500.00003     
         223
   362.775000000004        2720812500.00003     
         436
   363.125000000004        2723437500.00003     
         373
   363.475000000004        2726062500.00003     
         231
   363.825000000004        2728687500.00003     
         254
   364.175000000004        2731312500.00003     
         291
   364.525000000004        2733937500.00003     
         342
   364.875000000004        2736562500.00003     
         262
   365.225000000004        2739187500.00003     
         366
   365.575000000004        2741812500.00003     
          86
   365.925000000004        2744437500.00003     
         141
   366.275000000004        2747062500.00003     
          31
   366.625000000004        2749687500.00003     
          70
   366.975000000004        2752312500.00003     
         405
   367.325000000004        2754937500.00003     
          36
   367.675000000004        2757562500.00003     
          63
   368.025000000004        2760187500.00003     
         247
   368.375000000004        2762812500.00003     
          16
   368.725000000004        2765437500.00003     
         440
   369.075000000004        2768062500.00003     
          77
   369.425000000004        2770687500.00003     
         200
   369.775000000004        2773312500.00003     
         274
   370.125000000004        2775937500.00003     
          62
   370.475000000005        2778562500.00003     
         255
   370.825000000005        2781187500.00003     
         319
   371.175000000005        2783812500.00003     
         379
   371.525000000005        2786437500.00003     
         154
   371.875000000005        2789062500.00003     
         327
   372.225000000005        2791687500.00003     
         234
   372.575000000005        2794312500.00003     
         139
   372.925000000005        2796937500.00003     
         124
   373.275000000005        2799562500.00004     
          26
   373.625000000005        2802187500.00004     
         227
   373.975000000005        2804812500.00004     
         435
   374.325000000005        2807437500.00004     
         359
   374.675000000005        2810062500.00004     
          63
   375.025000000005        2812687500.00004     
          37
   375.375000000005        2815312500.00004     
         222
   375.725000000005        2817937500.00004     
          68
   376.075000000005        2820562500.00004     
         503
   376.425000000005        2823187500.00004     
         337
   376.775000000005        2825812500.00004     
         333
   377.125000000005        2828437500.00004     
         147
   377.475000000005        2831062500.00004     
         507
   377.825000000005        2833687500.00004     
          90
   378.175000000005        2836312500.00004     
          85
   378.525000000005        2838937500.00004     
         305
   378.875000000005        2841562500.00004     
         532
   379.225000000005        2844187500.00004     
         522
   379.575000000005        2846812500.00004     
         344
   379.925000000005        2849437500.00004     
          35
   380.275000000005        2852062500.00004     
         313
   380.625000000005        2854687500.00004     
         330
   380.975000000005        2857312500.00004     
         451
   381.325000000005        2859937500.00004     
         525
   381.675000000005        2862562500.00004     
         389
   382.025000000005        2865187500.00004     
           7
   382.375000000005        2867812500.00004     
         129
   382.725000000005        2870437500.00004     
         379
   383.075000000005        2873062500.00004     
         455
   383.425000000005        2875687500.00004     
         523
   383.775000000005        2878312500.00004     
         511
   384.125000000005        2880937500.00004     
         189
   384.475000000005        2883562500.00004     
          74
   384.825000000005        2886187500.00004     
         194
   385.175000000005        2888812500.00004     
         460
   385.525000000005        2891437500.00004     
           9
   385.875000000006        2894062500.00004     
         176
   386.225000000006        2896687500.00004     
          24
   386.575000000006        2899312500.00004     
         234
   386.925000000006        2901937500.00004     
          27
   387.275000000006        2904562500.00004     
         427
   387.625000000006        2907187500.00004     
         405
   387.975000000006        2909812500.00004     
          10
   388.325000000006        2912437500.00004     
          72
   388.675000000006        2915062500.00004     
         170
   389.025000000006        2917687500.00004     
         208
   389.375000000006        2920312500.00004     
         468
   389.725000000006        2922937500.00004     
         522
   390.075000000006        2925562500.00004     
         213
   390.425000000006        2928187500.00004     
         181
   390.775000000006        2930812500.00004     
         415
   391.125000000006        2933437500.00004     
          16
   391.475000000006        2936062500.00004     
          86
   391.825000000006        2938687500.00004     
         512
   392.175000000006        2941312500.00004     
         436
   392.525000000006        2943937500.00004     
         344
   392.875000000006        2946562500.00004     
         486
   393.225000000006        2949187500.00004     
         412
   393.575000000006        2951812500.00005     
         523
   393.925000000006        2954437500.00005     
         511
   394.275000000006        2957062500.00005     
          29
   394.625000000006        2959687500.00005     
         455
   394.975000000006        2962312500.00005     
         252
   395.325000000006        2964937500.00005     
         292
   395.675000000006        2967562500.00005     
          94
   396.025000000006        2970187500.00005     
         250
   396.375000000006        2972812500.00005     
          93
   396.725000000006        2975437500.00005     
         315
   397.075000000006        2978062500.00005     
          64
   397.425000000006        2980687500.00005     
         151
   397.775000000006        2983312500.00005     
          16
   398.125000000006        2985937500.00005     
         339
   398.475000000006        2988562500.00005     
         178
   398.825000000006        2991187500.00005     
          23
   399.175000000006        2993812500.00005     
          26
   399.525000000006        2996437500.00005     
         311
   399.875000000006        2999062500.00005     
         246
   400.225000000006        3001687500.00005     
         166
   400.575000000006        3004312500.00005     
          10
   400.925000000006        3006937500.00005     
         423
   401.275000000007        3009562500.00005     
         227
   401.625000000007        3012187500.00005     
         152
   401.975000000007        3014812500.00005     
         361
   402.325000000007        3017437500.00005     
          34
   402.675000000007        3020062500.00005     
         133
   403.025000000007        3022687500.00005     
         161
   403.375000000007        3025312500.00005     
          96
   403.725000000007        3027937500.00005     
          70
   404.075000000007        3030562500.00005     
         209
   404.425000000007        3033187500.00005     
         276
   404.775000000007        3035812500.00005     
         270
   405.125000000007        3038437500.00005     
         111
   405.475000000007        3041062500.00005     
         101
   405.825000000007        3043687500.00005     
          48
   406.175000000007        3046312500.00005     
         162
   406.525000000007        3048937500.00005     
         492
   406.875000000007        3051562500.00005     
         113
   407.225000000007        3054187500.00005     
         236
   407.575000000007        3056812500.00005     
         413
   407.925000000007        3059437500.00005     
         489
   408.275000000007        3062062500.00005     
         289
   408.625000000007        3064687500.00005     
         342
   408.975000000007        3067312500.00005     
           2
   409.325000000007        3069937500.00005     
         304
   409.675000000007        3072562500.00005     
          46
   410.025000000007        3075187500.00005     
         437
   410.375000000007        3077812500.00005     
          78
   410.725000000007        3080437500.00005     
         246
   411.075000000007        3083062500.00005     
         319
   411.425000000007        3085687500.00005     
         319
   411.775000000007        3088312500.00005     
         408
   412.125000000007        3090937500.00005     
         274
   412.475000000007        3093562500.00005     
         130
   412.825000000007        3096187500.00005     
         124
   413.175000000007        3098812500.00005     
         105
   413.525000000007        3101437500.00005     
          81
   413.875000000007        3104062500.00005     
         407
   414.225000000007        3106687500.00006     
         493
   414.575000000007        3109312500.00006     
         304
   414.925000000007        3111937500.00006     
         178
   415.275000000007        3114562500.00006     
         386
   415.625000000007        3117187500.00006     
         442
   415.975000000007        3119812500.00006     
         217
   416.325000000007        3122437500.00006     
         195
   416.675000000008        3125062500.00006     
         297
   417.025000000008        3127687500.00006     
         166
   417.375000000008        3130312500.00006     
         174
   417.725000000008        3132937500.00006     
         237
   418.075000000008        3135562500.00006     
         342
   418.425000000008        3138187500.00006     
         264
   418.775000000008        3140812500.00006     
         467
   419.125000000008        3143437500.00006     
         515
   419.475000000008        3146062500.00006     
         489
   419.825000000008        3148687500.00006     
