       time        TW        TE         hW        hE
   0.17500E+00   0.29551E+02   0.29564E+02   0.37218E-02  -0.18647E-01
   0.52500E+00   0.28863E+02   0.28586E+02   0.27331E-01  -0.69146E-01
   0.87500E+00   0.28585E+02   0.27264E+02   0.65758E-01  -0.14330E+00
   0.12250E+01   0.28641E+02   0.25676E+02   0.11036E+00  -0.23184E+00
   0.15750E+01   0.28895E+02   0.24418E+02   0.16280E+00  -0.31204E+00
   0.19250E+01   0.29201E+02   0.23775E+02   0.22092E+00  -0.37118E+00
   0.22750E+01   0.29470E+02   0.23413E+02   0.28286E+00  -0.42993E+00
   0.26250E+01   0.29672E+02   0.23214E+02   0.34828E+00  -0.49751E+00
   0.29750E+01   0.29803E+02   0.23069E+02   0.41655E+00  -0.55727E+00
   0.33250E+01   0.29884E+02   0.23356E+02   0.48239E+00  -0.59296E+00
   0.36750E+01   0.29932E+02   0.23957E+02   0.54637E+00  -0.61319E+00
   0.40250E+01   0.29961E+02   0.24710E+02   0.60502E+00  -0.61442E+00
   0.43750E+01   0.29977E+02   0.25724E+02   0.65898E+00  -0.58309E+00
   0.47250E+01   0.29986E+02   0.26546E+02   0.70542E+00  -0.53461E+00
   0.50750E+01   0.29991E+02   0.27202E+02   0.74130E+00  -0.47065E+00
   0.54250E+01   0.29995E+02   0.27750E+02   0.75932E+00  -0.39656E+00
   0.57750E+01   0.29997E+02   0.28217E+02   0.75140E+00  -0.33093E+00
   0.61250E+01   0.29998E+02   0.28585E+02   0.72032E+00  -0.25935E+00
   0.64750E+01   0.29998E+02   0.28879E+02   0.67483E+00  -0.18444E+00
   0.68250E+01   0.29996E+02   0.29118E+02   0.62303E+00  -0.11961E+00
   0.71750E+01   0.29993E+02   0.29190E+02   0.57110E+00  -0.67558E-01
   0.75250E+01   0.29989E+02   0.29101E+02   0.52179E+00  -0.34209E-01
   0.78750E+01   0.29982E+02   0.28952E+02   0.47401E+00  -0.67992E-02
   0.82250E+01   0.29974E+02   0.28813E+02   0.43114E+00   0.14554E-01
   0.85750E+01   0.29960E+02   0.28816E+02   0.39817E+00   0.32619E-01
   0.89250E+01   0.29945E+02   0.28779E+02   0.37211E+00   0.39407E-01
   0.92750E+01   0.29925E+02   0.28578E+02   0.34450E+00   0.22753E-01
   0.96250E+01   0.29903E+02   0.28284E+02   0.32734E+00   0.35518E-02
   0.99750E+01   0.29888E+02   0.28049E+02   0.32224E+00  -0.54141E-02
   0.10325E+02   0.29880E+02   0.27900E+02   0.31973E+00  -0.12410E-01
   0.10675E+02   0.29875E+02   0.27675E+02   0.31315E+00  -0.27187E-01
   0.11025E+02   0.29868E+02   0.27528E+02   0.30321E+00  -0.39425E-01
   0.11375E+02   0.29855E+02   0.27358E+02   0.29736E+00  -0.44896E-01
   0.11725E+02   0.29843E+02   0.27115E+02   0.29595E+00  -0.58870E-01
   0.12075E+02   0.29839E+02   0.26850E+02   0.29329E+00  -0.79979E-01
   0.12425E+02   0.29830E+02   0.26484E+02   0.28646E+00  -0.10154E+00
   0.12775E+02   0.29817E+02   0.25979E+02   0.27853E+00  -0.12358E+00
   0.13125E+02   0.29805E+02   0.25468E+02   0.27006E+00  -0.14726E+00
   0.13475E+02   0.29796E+02   0.24949E+02   0.27087E+00  -0.17487E+00
   0.13825E+02   0.29793E+02   0.24465E+02   0.28046E+00  -0.20313E+00
   0.14175E+02   0.29801E+02   0.24357E+02   0.29341E+00  -0.22393E+00
   0.14525E+02   0.29818E+02   0.24306E+02   0.30612E+00  -0.24453E+00
   0.14875E+02   0.29837E+02   0.24194E+02   0.32116E+00  -0.27061E+00
   0.15225E+02   0.29857E+02   0.24014E+02   0.34299E+00  -0.29429E+00
   0.15575E+02   0.29879E+02   0.23936E+02   0.36546E+00  -0.31505E+00
   0.15925E+02   0.29900E+02   0.23940E+02   0.38456E+00  -0.33780E+00
   0.16275E+02   0.29917E+02   0.23898E+02   0.40456E+00  -0.35770E+00
   0.16625E+02   0.29933E+02   0.24273E+02   0.43062E+00  -0.36296E+00
   0.16975E+02   0.29946E+02   0.24845E+02   0.45587E+00  -0.35953E+00
   0.17325E+02   0.29957E+02   0.25582E+02   0.47700E+00  -0.35290E+00
   0.17675E+02   0.29966E+02   0.26488E+02   0.49949E+00  -0.33795E+00
   0.18025E+02   0.29972E+02   0.27235E+02   0.52166E+00  -0.31624E+00
   0.18375E+02   0.29977E+02   0.27634E+02   0.53472E+00  -0.29181E+00
   0.18725E+02   0.29981E+02   0.27907E+02   0.53735E+00  -0.26992E+00
   0.19075E+02   0.29982E+02   0.28224E+02   0.53404E+00  -0.24096E+00
   0.19425E+02   0.29983E+02   0.28520E+02   0.52218E+00  -0.20003E+00
   0.19775E+02   0.29982E+02   0.28779E+02   0.50581E+00  -0.16080E+00
   0.20125E+02   0.29979E+02   0.28825E+02   0.48810E+00  -0.12918E+00
   0.20475E+02   0.29975E+02   0.28643E+02   0.46850E+00  -0.10446E+00
   0.20825E+02   0.29970E+02   0.28366E+02   0.44836E+00  -0.86212E-01
   0.21175E+02   0.29963E+02   0.27934E+02   0.42534E+00  -0.78540E-01
   0.21525E+02   0.29955E+02   0.27528E+02   0.39970E+00  -0.70651E-01
   0.21875E+02   0.29946E+02   0.27613E+02   0.37422E+00  -0.50645E-01
   0.22225E+02   0.29933E+02   0.27874E+02   0.35464E+00  -0.30401E-01
   0.22575E+02   0.29920E+02   0.27886E+02   0.34247E+00  -0.27320E-01
   0.22925E+02   0.29908E+02   0.27673E+02   0.33327E+00  -0.41744E-01
   0.23275E+02   0.29894E+02   0.27425E+02   0.32743E+00  -0.56581E-01
   0.23625E+02   0.29883E+02   0.27267E+02   0.32358E+00  -0.59586E-01
   0.23975E+02   0.29872E+02   0.27113E+02   0.31116E+00  -0.63631E-01
   0.24325E+02   0.29859E+02   0.26869E+02   0.30109E+00  -0.80658E-01
   0.24675E+02   0.29849E+02   0.26502E+02   0.29633E+00  -0.97150E-01
   0.25025E+02   0.29839E+02   0.26187E+02   0.29217E+00  -0.10931E+00
   0.25375E+02   0.29834E+02   0.26030E+02   0.29550E+00  -0.11988E+00
   0.25725E+02   0.29836E+02   0.25843E+02   0.30329E+00  -0.13465E+00
   0.26075E+02   0.29841E+02   0.25712E+02   0.30847E+00  -0.14953E+00
   0.26425E+02   0.29844E+02   0.25744E+02   0.30596E+00  -0.15609E+00
   0.26775E+02   0.29846E+02   0.25475E+02   0.30295E+00  -0.17127E+00
   0.27125E+02   0.29847E+02   0.25152E+02   0.30933E+00  -0.18763E+00
   0.27475E+02   0.29852E+02   0.25259E+02   0.32409E+00  -0.19198E+00
   0.27825E+02   0.29862E+02   0.25300E+02   0.33239E+00  -0.20268E+00
   0.28175E+02   0.29871E+02   0.25132E+02   0.33456E+00  -0.22096E+00
   0.28525E+02   0.29879E+02   0.25055E+02   0.34117E+00  -0.23523E+00
   0.28875E+02   0.29888E+02   0.24941E+02   0.35365E+00  -0.24491E+00
   0.29225E+02   0.29898E+02   0.24860E+02   0.36594E+00  -0.25303E+00
   0.29575E+02   0.29907E+02   0.24965E+02   0.37777E+00  -0.26787E+00
   0.29925E+02   0.29917E+02   0.25102E+02   0.39360E+00  -0.27818E+00
   0.30275E+02   0.29928E+02   0.25510E+02   0.40977E+00  -0.27334E+00
   0.30625E+02   0.29938E+02   0.25903E+02   0.42137E+00  -0.27138E+00
   0.30975E+02   0.29945E+02   0.26170E+02   0.43141E+00  -0.26657E+00
   0.31325E+02   0.29951E+02   0.26369E+02   0.44455E+00  -0.25414E+00
   0.31675E+02   0.29956E+02   0.26540E+02   0.45204E+00  -0.24352E+00
   0.32025E+02   0.29960E+02   0.26824E+02   0.45568E+00  -0.22921E+00
   0.32375E+02   0.29962E+02   0.26843E+02   0.45345E+00  -0.21701E+00
   0.32725E+02   0.29963E+02   0.26763E+02   0.44859E+00  -0.20489E+00
   0.33075E+02   0.29963E+02   0.27007E+02   0.44509E+00  -0.18405E+00
   0.33425E+02   0.29960E+02   0.27320E+02   0.43810E+00  -0.16547E+00
   0.33775E+02   0.29958E+02   0.27418E+02   0.43238E+00  -0.15018E+00
   0.34125E+02   0.29956E+02   0.27554E+02   0.42572E+00  -0.13717E+00
   0.34475E+02   0.29953E+02   0.27480E+02   0.41547E+00  -0.12659E+00
   0.34825E+02   0.29947E+02   0.27388E+02   0.39845E+00  -0.10583E+00
   0.35175E+02   0.29938E+02   0.27463E+02   0.38422E+00  -0.89028E-01
   0.35525E+02   0.29930E+02   0.27373E+02   0.37737E+00  -0.87817E-01
   0.35875E+02   0.29925E+02   0.27163E+02   0.36328E+00  -0.89388E-01
   0.36225E+02   0.29915E+02   0.26886E+02   0.34488E+00  -0.94832E-01
   0.36575E+02   0.29904E+02   0.26732E+02   0.33421E+00  -0.95574E-01
   0.36925E+02   0.29893E+02   0.26781E+02   0.32813E+00  -0.83781E-01
   0.37275E+02   0.29883E+02   0.26886E+02   0.32309E+00  -0.82469E-01
   0.37625E+02   0.29875E+02   0.26757E+02   0.31915E+00  -0.97338E-01
   0.37975E+02   0.29869E+02   0.26477E+02   0.31701E+00  -0.11035E+00
   0.38325E+02   0.29865E+02   0.26352E+02   0.31666E+00  -0.11550E+00
   0.38675E+02   0.29862E+02   0.26231E+02   0.31767E+00  -0.12173E+00
   0.39025E+02   0.29860E+02   0.25958E+02   0.31772E+00  -0.13590E+00
   0.39375E+02   0.29857E+02   0.25615E+02   0.31223E+00  -0.15287E+00
   0.39725E+02   0.29854E+02   0.25264E+02   0.31053E+00  -0.17176E+00
   0.40075E+02   0.29853E+02   0.25130E+02   0.31626E+00  -0.18287E+00
   0.40425E+02   0.29859E+02   0.25255E+02   0.32647E+00  -0.18572E+00
   0.40775E+02   0.29870E+02   0.25266E+02   0.33525E+00  -0.19969E+00
   0.41125E+02   0.29879E+02   0.25285E+02   0.34006E+00  -0.21138E+00
   0.41475E+02   0.29887E+02   0.25178E+02   0.34602E+00  -0.21792E+00
   0.41825E+02   0.29894E+02   0.24872E+02   0.35344E+00  -0.23222E+00
   0.42175E+02   0.29901E+02   0.24776E+02   0.36615E+00  -0.24361E+00
   0.42525E+02   0.29910E+02   0.24851E+02   0.37775E+00  -0.25230E+00
   0.42875E+02   0.29918E+02   0.24872E+02   0.38090E+00  -0.25902E+00
   0.43225E+02   0.29923E+02   0.24893E+02   0.38521E+00  -0.26523E+00
   0.43575E+02   0.29929E+02   0.25055E+02   0.40119E+00  -0.26979E+00
   0.43925E+02   0.29937E+02   0.25299E+02   0.41650E+00  -0.26586E+00
   0.44275E+02   0.29944E+02   0.25240E+02   0.42848E+00  -0.27556E+00
   0.44625E+02   0.29950E+02   0.25144E+02   0.43931E+00  -0.28748E+00
   0.44975E+02   0.29955E+02   0.25240E+02   0.44716E+00  -0.28265E+00
   0.45325E+02   0.29959E+02   0.25388E+02   0.45420E+00  -0.27777E+00
   0.45675E+02   0.29962E+02   0.25673E+02   0.45908E+00  -0.26825E+00
   0.46025E+02   0.29964E+02   0.26039E+02   0.46308E+00  -0.25008E+00
   0.46375E+02   0.29966E+02   0.26281E+02   0.46858E+00  -0.23555E+00
   0.46725E+02   0.29968E+02   0.26447E+02   0.47047E+00  -0.22438E+00
   0.47075E+02   0.29969E+02   0.26730E+02   0.46793E+00  -0.20564E+00
   0.47425E+02   0.29969E+02   0.26999E+02   0.46417E+00  -0.18105E+00
   0.47775E+02   0.29968E+02   0.27344E+02   0.45465E+00  -0.15422E+00
   0.48125E+02   0.29965E+02   0.27434E+02   0.43967E+00  -0.13234E+00
   0.48475E+02   0.29961E+02   0.27255E+02   0.42507E+00  -0.12332E+00
   0.48825E+02   0.29954E+02   0.27224E+02   0.41153E+00  -0.11088E+00
   0.49175E+02   0.29949E+02   0.27193E+02   0.39939E+00  -0.94845E-01
   0.49525E+02   0.29944E+02   0.27054E+02   0.38458E+00  -0.91922E-01
   0.49875E+02   0.29936E+02   0.26990E+02   0.36149E+00  -0.87734E-01
   0.50225E+02   0.29921E+02   0.26939E+02   0.34583E+00  -0.79952E-01
   0.50575E+02   0.29908E+02   0.26899E+02   0.34062E+00  -0.76760E-01
   0.50925E+02   0.29899E+02   0.26801E+02   0.33394E+00  -0.83843E-01
   0.51275E+02   0.29890E+02   0.26576E+02   0.33003E+00  -0.99568E-01
   0.51625E+02   0.29884E+02   0.26419E+02   0.32783E+00  -0.10549E+00
   0.51975E+02   0.29877E+02   0.26388E+02   0.32059E+00  -0.10467E+00
   0.52325E+02   0.29869E+02   0.26316E+02   0.31703E+00  -0.10949E+00
   0.52675E+02   0.29866E+02   0.26034E+02   0.31749E+00  -0.12609E+00
   0.53025E+02   0.29866E+02   0.25799E+02   0.31928E+00  -0.14284E+00
   0.53375E+02   0.29866E+02   0.25678E+02   0.31876E+00  -0.14995E+00
   0.53725E+02   0.29866E+02   0.25482E+02   0.31885E+00  -0.16269E+00
   0.54075E+02   0.29867E+02   0.25356E+02   0.32257E+00  -0.17316E+00
   0.54425E+02   0.29870E+02   0.25491E+02   0.32603E+00  -0.17352E+00
   0.54775E+02   0.29872E+02   0.25574E+02   0.32857E+00  -0.18142E+00
   0.55125E+02   0.29874E+02   0.25437E+02   0.33557E+00  -0.19544E+00
   0.55475E+02   0.29881E+02   0.25370E+02   0.34816E+00  -0.20788E+00
   0.55825E+02   0.29890E+02   0.25314E+02   0.35696E+00  -0.21894E+00
   0.56175E+02   0.29897E+02   0.25185E+02   0.36123E+00  -0.22704E+00
   0.56525E+02   0.29904E+02   0.25099E+02   0.36212E+00  -0.23565E+00
   0.56875E+02   0.29908E+02   0.25204E+02   0.36851E+00  -0.23933E+00
   0.57225E+02   0.29914E+02   0.25491E+02   0.38291E+00  -0.23567E+00
   0.57575E+02   0.29922E+02   0.25501E+02   0.39488E+00  -0.24414E+00
   0.57925E+02   0.29931E+02   0.25264E+02   0.40055E+00  -0.25626E+00
   0.58275E+02   0.29937E+02   0.25286E+02   0.40959E+00  -0.25829E+00
   0.58625E+02   0.29942E+02   0.25563E+02   0.42067E+00  -0.25215E+00
   0.58975E+02   0.29946E+02   0.25629E+02   0.42633E+00  -0.24642E+00
   0.59325E+02   0.29949E+02   0.25707E+02   0.43110E+00  -0.25017E+00
   0.59675E+02   0.29953E+02   0.25818E+02   0.43763E+00  -0.24839E+00
   0.60025E+02   0.29956E+02   0.25995E+02   0.44231E+00  -0.23261E+00
   0.60375E+02   0.29958E+02   0.26194E+02   0.44442E+00  -0.22171E+00
   0.60725E+02   0.29959E+02   0.26391E+02   0.44524E+00  -0.21255E+00
   0.61075E+02   0.29960E+02   0.26776E+02   0.44717E+00  -0.18979E+00
   0.61425E+02   0.29960E+02   0.26814E+02   0.44338E+00  -0.17715E+00
   0.61775E+02   0.29958E+02   0.26913E+02   0.42920E+00  -0.16912E+00
   0.62125E+02   0.29955E+02   0.27068E+02   0.42335E+00  -0.14833E+00
   0.62475E+02   0.29954E+02   0.26927E+02   0.41942E+00  -0.13208E+00
   0.62825E+02   0.29950E+02   0.26711E+02   0.40225E+00  -0.12797E+00
   0.63175E+02   0.29943E+02   0.26524E+02   0.38377E+00  -0.12785E+00
   0.63525E+02   0.29935E+02   0.26294E+02   0.37360E+00  -0.12563E+00
   0.63875E+02   0.29927E+02   0.26225E+02   0.36772E+00  -0.12016E+00
   0.64225E+02   0.29920E+02   0.26304E+02   0.36137E+00  -0.11964E+00
   0.64575E+02   0.29914E+02   0.26283E+02   0.35137E+00  -0.12146E+00
   0.64925E+02   0.29910E+02   0.26252E+02   0.34482E+00  -0.11617E+00
   0.65275E+02   0.29906E+02   0.26336E+02   0.34282E+00  -0.10888E+00
   0.65625E+02   0.29901E+02   0.26291E+02   0.34266E+00  -0.11229E+00
   0.65975E+02   0.29897E+02   0.25965E+02   0.34064E+00  -0.12924E+00
   0.66325E+02   0.29893E+02   0.25783E+02   0.33688E+00  -0.14179E+00
   0.66675E+02   0.29890E+02   0.25874E+02   0.33233E+00  -0.14099E+00
   0.67025E+02   0.29886E+02   0.25921E+02   0.32820E+00  -0.14019E+00
   0.67375E+02   0.29882E+02   0.25570E+02   0.32823E+00  -0.15757E+00
   0.67725E+02   0.29881E+02   0.25334E+02   0.33180E+00  -0.17704E+00
   0.68075E+02   0.29883E+02   0.25264E+02   0.33705E+00  -0.18305E+00
   0.68425E+02   0.29886E+02   0.24902E+02   0.33939E+00  -0.20075E+00
   0.68775E+02   0.29890E+02   0.24793E+02   0.34608E+00  -0.21822E+00
   0.69125E+02   0.29896E+02   0.25120E+02   0.35517E+00  -0.21606E+00
   0.69475E+02   0.29902E+02   0.25480E+02   0.35917E+00  -0.21303E+00
   0.69825E+02   0.29907E+02   0.25449E+02   0.36417E+00  -0.22200E+00
   0.70175E+02   0.29913E+02   0.25453E+02   0.37689E+00  -0.23173E+00
   0.70525E+02   0.29921E+02   0.25888E+02   0.39294E+00  -0.22352E+00
   0.70875E+02   0.29929E+02   0.25953E+02   0.39805E+00  -0.22084E+00
   0.71225E+02   0.29932E+02   0.25714E+02   0.39503E+00  -0.23272E+00
   0.71575E+02   0.29933E+02   0.25465E+02   0.39652E+00  -0.23532E+00
   0.71925E+02   0.29936E+02   0.25259E+02   0.39979E+00  -0.23316E+00
   0.72275E+02   0.29939E+02   0.25261E+02   0.40299E+00  -0.23636E+00
   0.72625E+02   0.29941E+02   0.25313E+02   0.40619E+00  -0.24040E+00
   0.72975E+02   0.29943E+02   0.25635E+02   0.41202E+00  -0.23054E+00
   0.73325E+02   0.29946E+02   0.25799E+02   0.42151E+00  -0.22038E+00
   0.73675E+02   0.29949E+02   0.25577E+02   0.42184E+00  -0.22653E+00
   0.74025E+02   0.29951E+02   0.25628E+02   0.41971E+00  -0.22002E+00
   0.74375E+02   0.29951E+02   0.25949E+02   0.42701E+00  -0.20176E+00
   0.74725E+02   0.29953E+02   0.25989E+02   0.43378E+00  -0.19494E+00
   0.75075E+02   0.29954E+02   0.25814E+02   0.42341E+00  -0.19621E+00
   0.75425E+02   0.29952E+02   0.25735E+02   0.41332E+00  -0.19551E+00
   0.75775E+02   0.29950E+02   0.25803E+02   0.41414E+00  -0.18351E+00
   0.76125E+02   0.29949E+02   0.25943E+02   0.41210E+00  -0.17088E+00
   0.76475E+02   0.29946E+02   0.26177E+02   0.40744E+00  -0.16749E+00
   0.76825E+02   0.29944E+02   0.26179E+02   0.40360E+00  -0.16981E+00
   0.77175E+02   0.29943E+02   0.25990E+02   0.40131E+00  -0.16638E+00
   0.77525E+02   0.29940E+02   0.25958E+02   0.39187E+00  -0.16059E+00
   0.77875E+02   0.29937E+02   0.26091E+02   0.38340E+00  -0.15103E+00
   0.78225E+02   0.29933E+02   0.26290E+02   0.38247E+00  -0.13448E+00
   0.78575E+02   0.29929E+02   0.26393E+02   0.38223E+00  -0.13236E+00
   0.78925E+02   0.29926E+02   0.26263E+02   0.37018E+00  -0.14387E+00
   0.79275E+02   0.29921E+02   0.26205E+02   0.36132E+00  -0.14152E+00
   0.79625E+02   0.29917E+02   0.26166E+02   0.36461E+00  -0.13531E+00
   0.79975E+02   0.29915E+02   0.26065E+02   0.35870E+00  -0.13697E+00
   0.80325E+02   0.29911E+02   0.26278E+02   0.34740E+00  -0.13186E+00
   0.80675E+02   0.29905E+02   0.26305E+02   0.34199E+00  -0.13279E+00
   0.81025E+02   0.29900E+02   0.26020E+02   0.34373E+00  -0.14203E+00
   0.81375E+02   0.29897E+02   0.25762E+02   0.34636E+00  -0.15101E+00
   0.81725E+02   0.29896E+02   0.25545E+02   0.34536E+00  -0.16708E+00
   0.82075E+02   0.29895E+02   0.25476E+02   0.34431E+00  -0.17295E+00
   0.82425E+02   0.29896E+02   0.25526E+02   0.34160E+00  -0.16897E+00
   0.82775E+02   0.29895E+02   0.25397E+02   0.34037E+00  -0.18091E+00
   0.83125E+02   0.29894E+02   0.25452E+02   0.34771E+00  -0.18440E+00
   0.83475E+02   0.29899E+02   0.25537E+02   0.35688E+00  -0.18427E+00
   0.83825E+02   0.29904E+02   0.25404E+02   0.36302E+00  -0.20030E+00
   0.84175E+02   0.29909E+02   0.25470E+02   0.36748E+00  -0.20522E+00
   0.84525E+02   0.29913E+02   0.25435E+02   0.36887E+00  -0.20604E+00
   0.84875E+02   0.29916E+02   0.25281E+02   0.36828E+00  -0.20954E+00
   0.85225E+02   0.29916E+02   0.25154E+02   0.36969E+00  -0.21389E+00
   0.85575E+02   0.29918E+02   0.25202E+02   0.37573E+00  -0.22197E+00
   0.85925E+02   0.29922E+02   0.25421E+02   0.38370E+00  -0.21746E+00
   0.86275E+02   0.29926E+02   0.25325E+02   0.39204E+00  -0.22384E+00
   0.86625E+02   0.29930E+02   0.25049E+02   0.39506E+00  -0.24011E+00
   0.86975E+02   0.29934E+02   0.24755E+02   0.39573E+00  -0.24456E+00
   0.87325E+02   0.29937E+02   0.24713E+02   0.39897E+00  -0.24616E+00
   0.87675E+02   0.29939E+02   0.25013E+02   0.40587E+00  -0.24010E+00
   0.88025E+02   0.29942E+02   0.25217E+02   0.41323E+00  -0.23333E+00
   0.88375E+02   0.29945E+02   0.25262E+02   0.41968E+00  -0.23644E+00
   0.88725E+02   0.29949E+02   0.25277E+02   0.42464E+00  -0.23745E+00
   0.89075E+02   0.29952E+02   0.25134E+02   0.42641E+00  -0.23546E+00
   0.89425E+02   0.29954E+02   0.25264E+02   0.42821E+00  -0.22844E+00
   0.89775E+02   0.29955E+02   0.25493E+02   0.43179E+00  -0.21757E+00
   0.90125E+02   0.29956E+02   0.25635E+02   0.43077E+00  -0.20926E+00
   0.90475E+02   0.29956E+02   0.25813E+02   0.42460E+00  -0.20037E+00
   0.90825E+02   0.29955E+02   0.25776E+02   0.42247E+00  -0.19707E+00
   0.91175E+02   0.29955E+02   0.25704E+02   0.42186E+00  -0.19177E+00
   0.91525E+02   0.29954E+02   0.25837E+02   0.42088E+00  -0.17713E+00
   0.91875E+02   0.29952E+02   0.26169E+02   0.41369E+00  -0.16368E+00
   0.92225E+02   0.29948E+02   0.26544E+02   0.40442E+00  -0.14611E+00
   0.92575E+02   0.29945E+02   0.26726E+02   0.40001E+00  -0.13217E+00
   0.92925E+02   0.29942E+02   0.26653E+02   0.39491E+00  -0.13137E+00
   0.93275E+02   0.29938E+02   0.26492E+02   0.38478E+00  -0.13092E+00
   0.93625E+02   0.29932E+02   0.26350E+02   0.37559E+00  -0.12597E+00
   0.93975E+02   0.29926E+02   0.26319E+02   0.36634E+00  -0.11918E+00
   0.94325E+02   0.29918E+02   0.26261E+02   0.35303E+00  -0.11789E+00
   0.94675E+02   0.29912E+02   0.26243E+02   0.34466E+00  -0.11971E+00
   0.95025E+02   0.29905E+02   0.26310E+02   0.33934E+00  -0.11985E+00
   0.95375E+02   0.29899E+02   0.26152E+02   0.34005E+00  -0.12675E+00
   0.95725E+02   0.29897E+02   0.25973E+02   0.34357E+00  -0.13732E+00
   0.96075E+02   0.29894E+02   0.26017E+02   0.34267E+00  -0.14437E+00
   0.96425E+02   0.29892E+02   0.25980E+02   0.34069E+00  -0.14552E+00
   0.96775E+02   0.29890E+02   0.25931E+02   0.33716E+00  -0.14555E+00
   0.97125E+02   0.29889E+02   0.25822E+02   0.33588E+00  -0.15412E+00
   0.97475E+02   0.29889E+02   0.25645E+02   0.33762E+00  -0.16082E+00
   0.97825E+02   0.29890E+02   0.25661E+02   0.34031E+00  -0.16324E+00
   0.98175E+02   0.29892E+02   0.25558E+02   0.34059E+00  -0.17437E+00
   0.98525E+02   0.29891E+02   0.25531E+02   0.34325E+00  -0.18216E+00
   0.98875E+02   0.29893E+02   0.25774E+02   0.34783E+00  -0.17901E+00
   0.99225E+02   0.29897E+02   0.25807E+02   0.34887E+00  -0.18574E+00
   0.99575E+02   0.29899E+02   0.25616E+02   0.35342E+00  -0.19794E+00
   0.99925E+02   0.29902E+02   0.25414E+02   0.35969E+00  -0.20560E+00
   0.10027E+03   0.29907E+02   0.25391E+02   0.36530E+00  -0.20836E+00
   0.10062E+03   0.29914E+02   0.25331E+02   0.36924E+00  -0.21143E+00
   0.10097E+03   0.29916E+02   0.25273E+02   0.36849E+00  -0.22087E+00
   0.10132E+03   0.29918E+02   0.25585E+02   0.37410E+00  -0.21503E+00
   0.10167E+03   0.29922E+02   0.26031E+02   0.38496E+00  -0.20320E+00
   0.10202E+03   0.29927E+02   0.26319E+02   0.39132E+00  -0.20382E+00
   0.10237E+03   0.29931E+02   0.26477E+02   0.39736E+00  -0.20049E+00
   0.10272E+03   0.29936E+02   0.26502E+02   0.40184E+00  -0.19245E+00
   0.10307E+03   0.29939E+02   0.26405E+02   0.40085E+00  -0.18724E+00
   0.10342E+03   0.29939E+02   0.26054E+02   0.39497E+00  -0.18943E+00
   0.10377E+03   0.29937E+02   0.25856E+02   0.38887E+00  -0.18915E+00
   0.10412E+03   0.29935E+02   0.26029E+02   0.38816E+00  -0.17901E+00
   0.10447E+03   0.29932E+02   0.26023E+02   0.38860E+00  -0.17725E+00
   0.10482E+03   0.29930E+02   0.26011E+02   0.38519E+00  -0.18275E+00
   0.10517E+03   0.29929E+02   0.25998E+02   0.38669E+00  -0.18197E+00
   0.10552E+03   0.29930E+02   0.25959E+02   0.39011E+00  -0.17711E+00
   0.10587E+03   0.29931E+02   0.26031E+02   0.38790E+00  -0.17280E+00
   0.10622E+03   0.29930E+02   0.26155E+02   0.38523E+00  -0.16652E+00
   0.10657E+03   0.29928E+02   0.26207E+02   0.38468E+00  -0.16141E+00
   0.10692E+03   0.29928E+02   0.26029E+02   0.38583E+00  -0.16504E+00
   0.10727E+03   0.29928E+02   0.25982E+02   0.37813E+00  -0.16619E+00
   0.10762E+03   0.29925E+02   0.25969E+02   0.37012E+00  -0.16306E+00
   0.10797E+03   0.29921E+02   0.25963E+02   0.37106E+00  -0.15716E+00
   0.10832E+03   0.29919E+02   0.25926E+02   0.37003E+00  -0.15493E+00
   0.10867E+03   0.29917E+02   0.25711E+02   0.36312E+00  -0.16949E+00
   0.10902E+03   0.29915E+02   0.25469E+02   0.35949E+00  -0.17883E+00
   0.10937E+03   0.29916E+02   0.25341E+02   0.36298E+00  -0.17915E+00
   0.10972E+03   0.29915E+02   0.25240E+02   0.36364E+00  -0.18414E+00
   0.11007E+03   0.29912E+02   0.25109E+02   0.36348E+00  -0.19152E+00
   0.11042E+03   0.29911E+02   0.25061E+02   0.36627E+00  -0.20101E+00
   0.11077E+03   0.29914E+02   0.24955E+02   0.37104E+00  -0.20591E+00
   0.11112E+03   0.29918E+02   0.24965E+02   0.37569E+00  -0.21367E+00
   0.11147E+03   0.29923E+02   0.24973E+02   0.38038E+00  -0.22235E+00
   0.11182E+03   0.29927E+02   0.24644E+02   0.38512E+00  -0.22865E+00
   0.11217E+03   0.29930E+02   0.24476E+02   0.38613E+00  -0.23638E+00
   0.11252E+03   0.29932E+02   0.24574E+02   0.38880E+00  -0.24027E+00
   0.11287E+03   0.29934E+02   0.24656E+02   0.39581E+00  -0.24079E+00
   0.11322E+03   0.29937E+02   0.24839E+02   0.40578E+00  -0.24127E+00
   0.11357E+03   0.29941E+02   0.24919E+02   0.41237E+00  -0.24572E+00
   0.11392E+03   0.29944E+02   0.24748E+02   0.41672E+00  -0.25228E+00
   0.11427E+03   0.29948E+02   0.24667E+02   0.42154E+00  -0.25846E+00
   0.11462E+03   0.29951E+02   0.24969E+02   0.42657E+00  -0.25266E+00
   0.11497E+03   0.29954E+02   0.25430E+02   0.43324E+00  -0.23688E+00
   0.11532E+03   0.29956E+02   0.25689E+02   0.43388E+00  -0.22656E+00
   0.11567E+03   0.29956E+02   0.25706E+02   0.43276E+00  -0.22219E+00
   0.11602E+03   0.29957E+02   0.25851E+02   0.43622E+00  -0.21239E+00
   0.11637E+03   0.29958E+02   0.26160E+02   0.43812E+00  -0.19654E+00
   0.11672E+03   0.29958E+02   0.26140E+02   0.43537E+00  -0.18852E+00
   0.11707E+03   0.29957E+02   0.25787E+02   0.42682E+00  -0.19043E+00
   0.11742E+03   0.29954E+02   0.25702E+02   0.41645E+00  -0.18237E+00
   0.11777E+03   0.29950E+02   0.25984E+02   0.40839E+00  -0.16269E+00
   0.11812E+03   0.29947E+02   0.26170E+02   0.40264E+00  -0.15168E+00
   0.11847E+03   0.29945E+02   0.26466E+02   0.40120E+00  -0.14022E+00
   0.11882E+03   0.29941E+02   0.26731E+02   0.39887E+00  -0.12557E+00
   0.11917E+03   0.29938E+02   0.26759E+02   0.39090E+00  -0.12028E+00
   0.11952E+03   0.29934E+02   0.26890E+02   0.38137E+00  -0.11462E+00
   0.11987E+03   0.29931E+02   0.26754E+02   0.37422E+00  -0.11230E+00
   0.12022E+03   0.29925E+02   0.26440E+02   0.36201E+00  -0.11568E+00
   0.12057E+03   0.29914E+02   0.26376E+02   0.34850E+00  -0.11121E+00
   0.12092E+03   0.29902E+02   0.26378E+02   0.33746E+00  -0.11006E+00
   0.12127E+03   0.29894E+02   0.26334E+02   0.33222E+00  -0.11406E+00
   0.12162E+03   0.29891E+02   0.26157E+02   0.33427E+00  -0.12552E+00
   0.12197E+03   0.29889E+02   0.26011E+02   0.33131E+00  -0.13548E+00
   0.12232E+03   0.29883E+02   0.26145E+02   0.32587E+00  -0.12788E+00
   0.12267E+03   0.29878E+02   0.26167E+02   0.32857E+00  -0.12872E+00
   0.12302E+03   0.29880E+02   0.25916E+02   0.33296E+00  -0.14358E+00
   0.12337E+03   0.29881E+02   0.25840E+02   0.33006E+00  -0.15139E+00
   0.12372E+03   0.29879E+02   0.25877E+02   0.32741E+00  -0.15236E+00
   0.12407E+03   0.29878E+02   0.25738E+02   0.33008E+00  -0.15789E+00
   0.12442E+03   0.29882E+02   0.25473E+02   0.33258E+00  -0.16894E+00
   0.12477E+03   0.29884E+02   0.25186E+02   0.33078E+00  -0.18621E+00
   0.12512E+03   0.29883E+02   0.25141E+02   0.33151E+00  -0.19531E+00
   0.12547E+03   0.29883E+02   0.25300E+02   0.33734E+00  -0.19225E+00
   0.12582E+03   0.29885E+02   0.25263E+02   0.34968E+00  -0.20419E+00
   0.12617E+03   0.29895E+02   0.25068E+02   0.36067E+00  -0.22538E+00
   0.12652E+03   0.29903E+02   0.25254E+02   0.36617E+00  -0.22893E+00
   0.12687E+03   0.29909E+02   0.25345E+02   0.37230E+00  -0.22827E+00
   0.12722E+03   0.29917E+02   0.25206E+02   0.37959E+00  -0.23331E+00
   0.12757E+03   0.29924E+02   0.25269E+02   0.38951E+00  -0.23408E+00
   0.12792E+03   0.29930E+02   0.25558E+02   0.39640E+00  -0.23163E+00
   0.12827E+03   0.29933E+02   0.25702E+02   0.39778E+00  -0.22882E+00
   0.12862E+03   0.29936E+02   0.25607E+02   0.40309E+00  -0.22985E+00
   0.12897E+03   0.29940E+02   0.25396E+02   0.41292E+00  -0.23925E+00
   0.12932E+03   0.29944E+02   0.25303E+02   0.41642E+00  -0.24035E+00
   0.12967E+03   0.29947E+02   0.25273E+02   0.41470E+00  -0.23835E+00
   0.13002E+03   0.29947E+02   0.25501E+02   0.41447E+00  -0.23435E+00
   0.13037E+03   0.29948E+02   0.26005E+02   0.42292E+00  -0.21682E+00
   0.13072E+03   0.29951E+02   0.26234E+02   0.42984E+00  -0.20288E+00
   0.13107E+03   0.29953E+02   0.26170E+02   0.42709E+00  -0.20418E+00
   0.13142E+03   0.29953E+02   0.26003E+02   0.42543E+00  -0.20376E+00
   0.13177E+03   0.29953E+02   0.26158E+02   0.42605E+00  -0.18414E+00
   0.13212E+03   0.29953E+02   0.26320E+02   0.42273E+00  -0.16651E+00
   0.13247E+03   0.29951E+02   0.26260E+02   0.41194E+00  -0.16475E+00
   0.13282E+03   0.29947E+02   0.26171E+02   0.39898E+00  -0.16167E+00
   0.13317E+03   0.29943E+02   0.26095E+02   0.39225E+00  -0.15193E+00
   0.13352E+03   0.29939E+02   0.26203E+02   0.38967E+00  -0.14234E+00
   0.13387E+03   0.29936E+02   0.26303E+02   0.38566E+00  -0.13879E+00
   0.13422E+03   0.29934E+02   0.26179E+02   0.37817E+00  -0.13861E+00
   0.13457E+03   0.29928E+02   0.26066E+02   0.36956E+00  -0.13787E+00
   0.13492E+03   0.29921E+02   0.25830E+02   0.36263E+00  -0.14537E+00
   0.13527E+03   0.29915E+02   0.25745E+02   0.35693E+00  -0.14435E+00
   0.13562E+03   0.29912E+02   0.25800E+02   0.35869E+00  -0.14380E+00
   0.13597E+03   0.29912E+02   0.25519E+02   0.35878E+00  -0.15880E+00
   0.13632E+03   0.29909E+02   0.25323E+02   0.34878E+00  -0.16503E+00
   0.13667E+03   0.29904E+02   0.25407E+02   0.34564E+00  -0.16366E+00
   0.13702E+03   0.29904E+02   0.25469E+02   0.35296E+00  -0.16359E+00
   0.13737E+03   0.29906E+02   0.25523E+02   0.35806E+00  -0.16579E+00
   0.13772E+03   0.29908E+02   0.25357E+02   0.35684E+00  -0.18046E+00
   0.13807E+03   0.29908E+02   0.24843E+02   0.35308E+00  -0.20056E+00
   0.13842E+03   0.29908E+02   0.24571E+02   0.35360E+00  -0.20840E+00
   0.13877E+03   0.29908E+02   0.24751E+02   0.36058E+00  -0.20684E+00
   0.13912E+03   0.29911E+02   0.25202E+02   0.36623E+00  -0.20174E+00
   0.13947E+03   0.29914E+02   0.25329E+02   0.36791E+00  -0.20808E+00
   0.13982E+03   0.29916E+02   0.25023E+02   0.37429E+00  -0.22468E+00
   0.14017E+03   0.29920E+02   0.24730E+02   0.38210E+00  -0.23633E+00
   0.14052E+03   0.29926E+02   0.24494E+02   0.38999E+00  -0.24502E+00
   0.14087E+03   0.29931E+02   0.24555E+02   0.39751E+00  -0.25114E+00
   0.14122E+03   0.29935E+02   0.24844E+02   0.39927E+00  -0.25048E+00
   0.14157E+03   0.29937E+02   0.25293E+02   0.39923E+00  -0.23731E+00
   0.14192E+03   0.29939E+02   0.25520E+02   0.40731E+00  -0.23175E+00
   0.14227E+03   0.29943E+02   0.25428E+02   0.42083E+00  -0.24061E+00
   0.14262E+03   0.29948E+02   0.25512E+02   0.43143E+00  -0.23808E+00
   0.14297E+03   0.29952E+02   0.25741E+02   0.43617E+00  -0.22810E+00
   0.14332E+03   0.29955E+02   0.25974E+02   0.43101E+00  -0.21828E+00
   0.14367E+03   0.29954E+02   0.26316E+02   0.42406E+00  -0.19637E+00
   0.14402E+03   0.29952E+02   0.26511E+02   0.42332E+00  -0.18026E+00
   0.14437E+03   0.29952E+02   0.26496E+02   0.42317E+00  -0.17697E+00
   0.14472E+03   0.29951E+02   0.26528E+02   0.42055E+00  -0.17178E+00
   0.14507E+03   0.29949E+02   0.26734E+02   0.41760E+00  -0.15859E+00
   0.14542E+03   0.29948E+02   0.26765E+02   0.41136E+00  -0.14719E+00
   0.14577E+03   0.29944E+02   0.26579E+02   0.39874E+00  -0.14279E+00
   0.14612E+03   0.29938E+02   0.26453E+02   0.38223E+00  -0.13953E+00
   0.14647E+03   0.29931E+02   0.26256E+02   0.37272E+00  -0.13654E+00
   0.14682E+03   0.29925E+02   0.26148E+02   0.37228E+00  -0.13135E+00
   0.14717E+03   0.29923E+02   0.26246E+02   0.37072E+00  -0.13008E+00
   0.14752E+03   0.29919E+02   0.26468E+02   0.36336E+00  -0.12387E+00
   0.14787E+03   0.29914E+02   0.26371E+02   0.35784E+00  -0.12437E+00
   0.14822E+03   0.29910E+02   0.26153E+02   0.35193E+00  -0.13409E+00
   0.14857E+03   0.29904E+02   0.26168E+02   0.34899E+00  -0.13222E+00
   0.14892E+03   0.29901E+02   0.26119E+02   0.35121E+00  -0.13309E+00
   0.14927E+03   0.29899E+02   0.26106E+02   0.34882E+00  -0.13996E+00
   0.14962E+03   0.29897E+02   0.26077E+02   0.34512E+00  -0.14472E+00
   0.14997E+03   0.29894E+02   0.25940E+02   0.34095E+00  -0.15047E+00
   0.15032E+03   0.29891E+02   0.25903E+02   0.33815E+00  -0.15294E+00
   0.15067E+03   0.29889E+02   0.25809E+02   0.34215E+00  -0.15714E+00
   0.15102E+03   0.29892E+02   0.25477E+02   0.34251E+00  -0.17083E+00
   0.15137E+03   0.29890E+02   0.25393E+02   0.33831E+00  -0.17800E+00
   0.15172E+03   0.29889E+02   0.25466E+02   0.34295E+00  -0.17942E+00
   0.15207E+03   0.29892E+02   0.25530E+02   0.34671E+00  -0.18091E+00
   0.15242E+03   0.29895E+02   0.25829E+02   0.34928E+00  -0.17918E+00
   0.15277E+03   0.29901E+02   0.26199E+02   0.35693E+00  -0.17637E+00
   0.15312E+03   0.29905E+02   0.26393E+02   0.36119E+00  -0.17118E+00
   0.15347E+03   0.29908E+02   0.26319E+02   0.36264E+00  -0.16909E+00
   0.15382E+03   0.29911E+02   0.26179E+02   0.36571E+00  -0.17483E+00
   0.15417E+03   0.29913E+02   0.26256E+02   0.36539E+00  -0.17142E+00
   0.15452E+03   0.29912E+02   0.26215E+02   0.36009E+00  -0.16516E+00
   0.15487E+03   0.29909E+02   0.26084E+02   0.35464E+00  -0.16911E+00
   0.15522E+03   0.29908E+02   0.25982E+02   0.35544E+00  -0.17339E+00
   0.15557E+03   0.29907E+02   0.25863E+02   0.35848E+00  -0.17725E+00
   0.15592E+03   0.29908E+02   0.25690E+02   0.36086E+00  -0.18510E+00
   0.15627E+03   0.29911E+02   0.25246E+02   0.36361E+00  -0.20201E+00
   0.15662E+03   0.29911E+02   0.24886E+02   0.36607E+00  -0.21835E+00
   0.15697E+03   0.29913E+02   0.25111E+02   0.37160E+00  -0.21756E+00
   0.15732E+03   0.29917E+02   0.25192E+02   0.37639E+00  -0.21789E+00
   0.15767E+03   0.29922E+02   0.24878E+02   0.38321E+00  -0.23538E+00
   0.15802E+03   0.29926E+02   0.24906E+02   0.39267E+00  -0.24466E+00
   0.15837E+03   0.29932E+02   0.24969E+02   0.40350E+00  -0.24338E+00
   0.15872E+03   0.29937E+02   0.25130E+02   0.41130E+00  -0.24351E+00
   0.15907E+03   0.29942E+02   0.25330E+02   0.41590E+00  -0.24419E+00
   0.15942E+03   0.29945E+02   0.25408E+02   0.42036E+00  -0.24280E+00
   0.15977E+03   0.29948E+02   0.25807E+02   0.42373E+00  -0.22724E+00
   0.16012E+03   0.29951E+02   0.26003E+02   0.42469E+00  -0.21785E+00
   0.16047E+03   0.29953E+02   0.25913E+02   0.42297E+00  -0.21721E+00
   0.16082E+03   0.29953E+02   0.26013E+02   0.42727E+00  -0.20364E+00
   0.16117E+03   0.29954E+02   0.26013E+02   0.42801E+00  -0.19445E+00
   0.16152E+03   0.29954E+02   0.25796E+02   0.41487E+00  -0.19461E+00
   0.16187E+03   0.29951E+02   0.25330E+02   0.40443E+00  -0.20216E+00
   0.16222E+03   0.29947E+02   0.25101E+02   0.40317E+00  -0.20046E+00
   0.16257E+03   0.29944E+02   0.25488E+02   0.40279E+00  -0.17483E+00
   0.16292E+03   0.29942E+02   0.26083E+02   0.40177E+00  -0.15922E+00
   0.16327E+03   0.29942E+02   0.26117E+02   0.40227E+00  -0.16758E+00
   0.16362E+03   0.29941E+02   0.25869E+02   0.40211E+00  -0.17058E+00
   0.16397E+03   0.29940E+02   0.25965E+02   0.40125E+00  -0.15917E+00
   0.16432E+03   0.29939E+02   0.25973E+02   0.39380E+00  -0.14953E+00
   0.16467E+03   0.29937E+02   0.25777E+02   0.38302E+00  -0.15068E+00
   0.16502E+03   0.29932E+02   0.25651E+02   0.37740E+00  -0.15352E+00
   0.16537E+03   0.29928E+02   0.25607E+02   0.36686E+00  -0.15003E+00
   0.16572E+03   0.29920E+02   0.25789E+02   0.35692E+00  -0.14181E+00
   0.16607E+03   0.29914E+02   0.25950E+02   0.36212E+00  -0.14443E+00
   0.16642E+03   0.29915E+02   0.25862E+02   0.36970E+00  -0.15442E+00
   0.16677E+03   0.29916E+02   0.25625E+02   0.36542E+00  -0.16153E+00
   0.16712E+03   0.29915E+02   0.25594E+02   0.35419E+00  -0.16818E+00
   0.16747E+03   0.29909E+02   0.25694E+02   0.35161E+00  -0.16532E+00
   0.16782E+03   0.29906E+02   0.25561E+02   0.36158E+00  -0.16104E+00
   0.16817E+03   0.29908E+02   0.25382E+02   0.36148E+00  -0.17682E+00
   0.16852E+03   0.29908E+02   0.25307E+02   0.35363E+00  -0.19039E+00
   0.16887E+03   0.29906E+02   0.25338E+02   0.35321E+00  -0.18362E+00
   0.16922E+03   0.29908E+02   0.25233E+02   0.36085E+00  -0.18794E+00
   0.16957E+03   0.29914E+02   0.25075E+02   0.36735E+00  -0.20122E+00
   0.16992E+03   0.29918E+02   0.24912E+02   0.36200E+00  -0.21301E+00
   0.17027E+03   0.29916E+02   0.24770E+02   0.36028E+00  -0.22253E+00
   0.17062E+03   0.29915E+02   0.25055E+02   0.37238E+00  -0.21305E+00
   0.17097E+03   0.29919E+02   0.25587E+02   0.38477E+00  -0.20308E+00
   0.17132E+03   0.29926E+02   0.25624E+02   0.38951E+00  -0.21243E+00
   0.17167E+03   0.29931E+02   0.25637E+02   0.38955E+00  -0.21415E+00
   0.17202E+03   0.29933E+02   0.25914E+02   0.39209E+00  -0.20235E+00
   0.17237E+03   0.29935E+02   0.25769E+02   0.39779E+00  -0.19889E+00
   0.17272E+03   0.29937E+02   0.25459E+02   0.40022E+00  -0.20803E+00
   0.17307E+03   0.29937E+02   0.25580E+02   0.39856E+00  -0.21075E+00
   0.17342E+03   0.29936E+02   0.25823E+02   0.39234E+00  -0.19569E+00
   0.17377E+03   0.29934E+02   0.25804E+02   0.38933E+00  -0.18990E+00
   0.17412E+03   0.29934E+02   0.25935E+02   0.39658E+00  -0.19487E+00
   0.17447E+03   0.29937E+02   0.26320E+02   0.40426E+00  -0.18394E+00
   0.17482E+03   0.29940E+02   0.26699E+02   0.40080E+00  -0.16844E+00
   0.17517E+03   0.29939E+02   0.26577E+02   0.39436E+00  -0.16518E+00
   0.17552E+03   0.29936E+02   0.26245E+02   0.39039E+00  -0.16219E+00
   0.17587E+03   0.29934E+02   0.26230E+02   0.38837E+00  -0.15231E+00
   0.17622E+03   0.29933E+02   0.26097E+02   0.38194E+00  -0.15259E+00
   0.17657E+03   0.29929E+02   0.26057E+02   0.36772E+00  -0.15661E+00
   0.17692E+03   0.29923E+02   0.26169E+02   0.36350E+00  -0.14535E+00
   0.17727E+03   0.29918E+02   0.25979E+02   0.36417E+00  -0.14453E+00
   0.17762E+03   0.29915E+02   0.25675E+02   0.36114E+00  -0.15999E+00
   0.17797E+03   0.29911E+02   0.25556E+02   0.35774E+00  -0.16991E+00
   0.17832E+03   0.29909E+02   0.25574E+02   0.36048E+00  -0.17108E+00
   0.17867E+03   0.29911E+02   0.25638E+02   0.36545E+00  -0.16814E+00
   0.17902E+03   0.29914E+02   0.25590E+02   0.36525E+00  -0.17438E+00
   0.17937E+03   0.29916E+02   0.25618E+02   0.35715E+00  -0.17623E+00
   0.17972E+03   0.29913E+02   0.25831E+02   0.35636E+00  -0.16345E+00
   0.18007E+03   0.29912E+02   0.25813E+02   0.36911E+00  -0.16231E+00
   0.18042E+03   0.29914E+02   0.25419E+02   0.36817E+00  -0.18047E+00
   0.18077E+03   0.29914E+02   0.25127E+02   0.36237E+00  -0.19765E+00
   0.18112E+03   0.29914E+02   0.25184E+02   0.36268E+00  -0.19791E+00
   0.18147E+03   0.29912E+02   0.25578E+02   0.36113E+00  -0.18386E+00
   0.18182E+03   0.29910E+02   0.26017E+02   0.36481E+00  -0.17552E+00
   0.18217E+03   0.29913E+02   0.26040E+02   0.37568E+00  -0.18716E+00
   0.18252E+03   0.29919E+02   0.25669E+02   0.38152E+00  -0.20377E+00
   0.18287E+03   0.29922E+02   0.25234E+02   0.37810E+00  -0.20983E+00
   0.18322E+03   0.29923E+02   0.25127E+02   0.37754E+00  -0.20907E+00
   0.18357E+03   0.29924E+02   0.25253E+02   0.38148E+00  -0.20087E+00
   0.18392E+03   0.29925E+02   0.25486E+02   0.38025E+00  -0.19358E+00
   0.18427E+03   0.29925E+02   0.25610E+02   0.37388E+00  -0.19894E+00
   0.18462E+03   0.29925E+02   0.25737E+02   0.37676E+00  -0.19861E+00
   0.18497E+03   0.29929E+02   0.25881E+02   0.39462E+00  -0.19223E+00
   0.18532E+03   0.29935E+02   0.25989E+02   0.40290E+00  -0.19404E+00
   0.18567E+03   0.29936E+02   0.25873E+02   0.39684E+00  -0.19655E+00
   0.18602E+03   0.29935E+02   0.25542E+02   0.38914E+00  -0.19772E+00
   0.18637E+03   0.29933E+02   0.25562E+02   0.38457E+00  -0.19173E+00
   0.18672E+03   0.29933E+02   0.25669E+02   0.38630E+00  -0.18482E+00
   0.18707E+03   0.29933E+02   0.25419E+02   0.38954E+00  -0.19690E+00
   0.18742E+03   0.29933E+02   0.25097E+02   0.39001E+00  -0.20839E+00
   0.18777E+03   0.29933E+02   0.25225E+02   0.38730E+00  -0.20241E+00
   0.18812E+03   0.29932E+02   0.25546E+02   0.38973E+00  -0.19279E+00
   0.18847E+03   0.29933E+02   0.25591E+02   0.39330E+00  -0.19160E+00
   0.18882E+03   0.29934E+02   0.25603E+02   0.39416E+00  -0.19368E+00
   0.18917E+03   0.29935E+02   0.25893E+02   0.39673E+00  -0.18718E+00
   0.18952E+03   0.29936E+02   0.26146E+02   0.39681E+00  -0.17547E+00
   0.18987E+03   0.29936E+02   0.26104E+02   0.39498E+00  -0.17137E+00
   0.19022E+03   0.29935E+02   0.25870E+02   0.39503E+00  -0.17510E+00
   0.19057E+03   0.29934E+02   0.25888E+02   0.38875E+00  -0.17000E+00
   0.19092E+03   0.29931E+02   0.26101E+02   0.37839E+00  -0.15829E+00
   0.19127E+03   0.29927E+02   0.26031E+02   0.37264E+00  -0.15845E+00
   0.19162E+03   0.29924E+02   0.25946E+02   0.37542E+00  -0.16400E+00
   0.19197E+03   0.29924E+02   0.25982E+02   0.37685E+00  -0.16189E+00
   0.19232E+03   0.29922E+02   0.25829E+02   0.36977E+00  -0.16613E+00
   0.19267E+03   0.29917E+02   0.25720E+02   0.36432E+00  -0.17144E+00
   0.19302E+03   0.29916E+02   0.25864E+02   0.36939E+00  -0.16441E+00
   0.19337E+03   0.29918E+02   0.26042E+02   0.37329E+00  -0.15951E+00
   0.19372E+03   0.29917E+02   0.26232E+02   0.36759E+00  -0.15925E+00
   0.19407E+03   0.29915E+02   0.26141E+02   0.36574E+00  -0.16181E+00
   0.19442E+03   0.29915E+02   0.25680E+02   0.36833E+00  -0.17324E+00
   0.19477E+03   0.29917E+02   0.25215E+02   0.36961E+00  -0.18896E+00
   0.19512E+03   0.29917E+02   0.24886E+02   0.36263E+00  -0.20162E+00
   0.19547E+03   0.29912E+02   0.25000E+02   0.35660E+00  -0.19943E+00
   0.19582E+03   0.29910E+02   0.25308E+02   0.36252E+00  -0.18992E+00
   0.19617E+03   0.29915E+02   0.25351E+02   0.37031E+00  -0.19614E+00
   0.19652E+03   0.29917E+02   0.25408E+02   0.37461E+00  -0.20898E+00
   0.19687E+03   0.29920E+02   0.25359E+02   0.38551E+00  -0.21483E+00
   0.19722E+03   0.29927E+02   0.25490E+02   0.39420E+00  -0.21095E+00
   0.19757E+03   0.29932E+02   0.25846E+02   0.39534E+00  -0.19928E+00
   0.19792E+03   0.29933E+02   0.25905E+02   0.39181E+00  -0.19574E+00
   0.19827E+03   0.29932E+02   0.25956E+02   0.38741E+00  -0.19073E+00
   0.19862E+03   0.29933E+02   0.25988E+02   0.38803E+00  -0.18225E+00
   0.19897E+03   0.29934E+02   0.26226E+02   0.39006E+00  -0.17945E+00
   0.19932E+03   0.29933E+02   0.26367E+02   0.39166E+00  -0.17220E+00
   0.19967E+03   0.29932E+02   0.25979E+02   0.38941E+00  -0.17658E+00
   0.20002E+03   0.29930E+02   0.25815E+02   0.38374E+00  -0.18291E+00
   0.20037E+03   0.29927E+02   0.26003E+02   0.37617E+00  -0.17429E+00
   0.20072E+03   0.29925E+02   0.26128E+02   0.37619E+00  -0.16779E+00
   0.20107E+03   0.29926E+02   0.25959E+02   0.38181E+00  -0.17150E+00
   0.20142E+03   0.29925E+02   0.25827E+02   0.38161E+00  -0.17814E+00
   0.20177E+03   0.29923E+02   0.25902E+02   0.37823E+00  -0.17488E+00
   0.20212E+03   0.29923E+02   0.25653E+02   0.37819E+00  -0.17772E+00
   0.20247E+03   0.29924E+02   0.25403E+02   0.37854E+00  -0.18691E+00
   0.20282E+03   0.29925E+02   0.25423E+02   0.37624E+00  -0.18630E+00
   0.20317E+03   0.29925E+02   0.25284E+02   0.37259E+00  -0.18732E+00
   0.20352E+03   0.29924E+02   0.25242E+02   0.36813E+00  -0.18772E+00
   0.20387E+03   0.29922E+02   0.25323E+02   0.37278E+00  -0.18779E+00
   0.20422E+03   0.29923E+02   0.25452E+02   0.38317E+00  -0.18862E+00
   0.20457E+03   0.29926E+02   0.25512E+02   0.38620E+00  -0.19184E+00
   0.20492E+03   0.29928E+02   0.25354E+02   0.38211E+00  -0.20247E+00
   0.20527E+03   0.29928E+02   0.25180E+02   0.38140E+00  -0.20588E+00
   0.20562E+03   0.29930E+02   0.25358E+02   0.38409E+00  -0.19636E+00
   0.20597E+03   0.29929E+02   0.25548E+02   0.38626E+00  -0.19121E+00
   0.20632E+03   0.29929E+02   0.25559E+02   0.38663E+00  -0.19592E+00
   0.20667E+03   0.29929E+02   0.25833E+02   0.38650E+00  -0.19029E+00
   0.20702E+03   0.29931E+02   0.26043E+02   0.39074E+00  -0.17931E+00
   0.20737E+03   0.29933E+02   0.26215E+02   0.39119E+00  -0.17410E+00
   0.20772E+03   0.29934E+02   0.26139E+02   0.38740E+00  -0.17305E+00
   0.20807E+03   0.29933E+02   0.25785E+02   0.38400E+00  -0.17911E+00
   0.20842E+03   0.29931E+02   0.25931E+02   0.38043E+00  -0.17156E+00
   0.20877E+03   0.29929E+02   0.26273E+02   0.37472E+00  -0.15530E+00
   0.20912E+03   0.29925E+02   0.26434E+02   0.37241E+00  -0.14899E+00
   0.20947E+03   0.29922E+02   0.26395E+02   0.37531E+00  -0.15017E+00
   0.20982E+03   0.29923E+02   0.26246E+02   0.37283E+00  -0.15599E+00
   0.21017E+03   0.29920E+02   0.26354E+02   0.36614E+00  -0.15104E+00
   0.21052E+03   0.29918E+02   0.26508E+02   0.36585E+00  -0.14261E+00
   0.21087E+03   0.29917E+02   0.26518E+02   0.36481E+00  -0.13916E+00
   0.21122E+03   0.29914E+02   0.26288E+02   0.35755E+00  -0.14047E+00
   0.21157E+03   0.29909E+02   0.26030E+02   0.34673E+00  -0.14874E+00
   0.21192E+03   0.29904E+02   0.25888E+02   0.34303E+00  -0.15014E+00
   0.21227E+03   0.29901E+02   0.25896E+02   0.34821E+00  -0.14837E+00
   0.21262E+03   0.29900E+02   0.25988E+02   0.35217E+00  -0.15349E+00
   0.21297E+03   0.29901E+02   0.25921E+02   0.34902E+00  -0.16035E+00
   0.21332E+03   0.29897E+02   0.25971E+02   0.34196E+00  -0.16326E+00
   0.21367E+03   0.29897E+02   0.26066E+02   0.34702E+00  -0.16012E+00
   0.21402E+03   0.29901E+02   0.26170E+02   0.35445E+00  -0.15515E+00
   0.21437E+03   0.29903E+02   0.26320E+02   0.35880E+00  -0.15534E+00
   0.21472E+03   0.29905E+02   0.26210E+02   0.35598E+00  -0.16381E+00
   0.21507E+03   0.29905E+02   0.26054E+02   0.34947E+00  -0.16409E+00
   0.21542E+03   0.29903E+02   0.25719E+02   0.34628E+00  -0.16820E+00
   0.21577E+03   0.29902E+02   0.25380E+02   0.34689E+00  -0.18217E+00
   0.21612E+03   0.29900E+02   0.25244E+02   0.34703E+00  -0.18836E+00
   0.21647E+03   0.29900E+02   0.25009E+02   0.34773E+00  -0.20385E+00
   0.21682E+03   0.29900E+02   0.24981E+02   0.35151E+00  -0.21494E+00
   0.21717E+03   0.29902E+02   0.25106E+02   0.36096E+00  -0.21256E+00
   0.21752E+03   0.29910E+02   0.25112E+02   0.37214E+00  -0.22024E+00
   0.21787E+03   0.29917E+02   0.25077E+02   0.37968E+00  -0.22877E+00
   0.21822E+03   0.29923E+02   0.25213E+02   0.38743E+00  -0.22922E+00
   0.21857E+03   0.29928E+02   0.25459E+02   0.39350E+00  -0.22388E+00
   0.21892E+03   0.29933E+02   0.25671E+02   0.40318E+00  -0.21565E+00
   0.21927E+03   0.29938E+02   0.25549E+02   0.40717E+00  -0.22362E+00
   0.21962E+03   0.29940E+02   0.25478E+02   0.40476E+00  -0.22935E+00
   0.21997E+03   0.29940E+02   0.25583E+02   0.40639E+00  -0.22121E+00
   0.22032E+03   0.29942E+02   0.25796E+02   0.40996E+00  -0.21309E+00
   0.22067E+03   0.29945E+02   0.26301E+02   0.41165E+00  -0.19893E+00
   0.22102E+03   0.29945E+02   0.26381E+02   0.41214E+00  -0.19256E+00
   0.22137E+03   0.29944E+02   0.26152E+02   0.41013E+00  -0.19408E+00
   0.22172E+03   0.29944E+02   0.26049E+02   0.40894E+00  -0.18911E+00
   0.22207E+03   0.29944E+02   0.25951E+02   0.40717E+00  -0.18556E+00
   0.22242E+03   0.29944E+02   0.25900E+02   0.40393E+00  -0.18122E+00
   0.22277E+03   0.29942E+02   0.25983E+02   0.39558E+00  -0.16873E+00
   0.22312E+03   0.29938E+02   0.25927E+02   0.38706E+00  -0.16323E+00
   0.22347E+03   0.29935E+02   0.25966E+02   0.38273E+00  -0.16242E+00
   0.22382E+03   0.29934E+02   0.26309E+02   0.38555E+00  -0.15100E+00
   0.22417E+03   0.29933E+02   0.26477E+02   0.38896E+00  -0.14308E+00
   0.22452E+03   0.29931E+02   0.26546E+02   0.38452E+00  -0.14017E+00
   0.22487E+03   0.29928E+02   0.26542E+02   0.37551E+00  -0.13473E+00
   0.22522E+03   0.29923E+02   0.26459E+02   0.36616E+00  -0.13123E+00
   0.22557E+03   0.29918E+02   0.26319E+02   0.36060E+00  -0.12885E+00
   0.22592E+03   0.29914E+02   0.26351E+02   0.35389E+00  -0.12420E+00
   0.22627E+03   0.29911E+02   0.26307E+02   0.34878E+00  -0.12611E+00
   0.22662E+03   0.29906E+02   0.25936E+02   0.34119E+00  -0.14070E+00
   0.22697E+03   0.29897E+02   0.25891E+02   0.33581E+00  -0.14564E+00
   0.22732E+03   0.29891E+02   0.25945E+02   0.33664E+00  -0.14216E+00
   0.22767E+03   0.29889E+02   0.25736E+02   0.34081E+00  -0.15523E+00
   0.22802E+03   0.29890E+02   0.25534E+02   0.33999E+00  -0.17016E+00
   0.22837E+03   0.29888E+02   0.25479E+02   0.34038E+00  -0.17623E+00
   0.22872E+03   0.29890E+02   0.25476E+02   0.34533E+00  -0.17495E+00
   0.22907E+03   0.29895E+02   0.25602E+02   0.34648E+00  -0.17150E+00
   0.22942E+03   0.29899E+02   0.25431E+02   0.35143E+00  -0.18465E+00
   0.22977E+03   0.29901E+02   0.25263E+02   0.35281E+00  -0.19239E+00
   0.23012E+03   0.29902E+02   0.25269E+02   0.35334E+00  -0.19389E+00
   0.23047E+03   0.29905E+02   0.25092E+02   0.35958E+00  -0.20758E+00
   0.23082E+03   0.29910E+02   0.24934E+02   0.36524E+00  -0.22224E+00
   0.23117E+03   0.29913E+02   0.24861E+02   0.36891E+00  -0.23227E+00
   0.23152E+03   0.29915E+02   0.24885E+02   0.37466E+00  -0.23743E+00
   0.23187E+03   0.29920E+02   0.24894E+02   0.38173E+00  -0.24244E+00
   0.23222E+03   0.29926E+02   0.25001E+02   0.39181E+00  -0.25146E+00
   0.23257E+03   0.29932E+02   0.25170E+02   0.40533E+00  -0.25272E+00
   0.23292E+03   0.29939E+02   0.25041E+02   0.41289E+00  -0.25527E+00
   0.23327E+03   0.29942E+02   0.24712E+02   0.41581E+00  -0.26552E+00
   0.23362E+03   0.29945E+02   0.24570E+02   0.42267E+00  -0.27184E+00
   0.23397E+03   0.29950E+02   0.24585E+02   0.43210E+00  -0.27517E+00
   0.23432E+03   0.29953E+02   0.24931E+02   0.43710E+00  -0.26584E+00
   0.23467E+03   0.29956E+02   0.25238E+02   0.43999E+00  -0.25955E+00
   0.23502E+03   0.29958E+02   0.25434E+02   0.44697E+00  -0.25432E+00
   0.23537E+03   0.29961E+02   0.25732E+02   0.45779E+00  -0.23909E+00
   0.23572E+03   0.29964E+02   0.25863E+02   0.45889E+00  -0.23378E+00
   0.23607E+03   0.29965E+02   0.26185E+02   0.45808E+00  -0.21850E+00
   0.23642E+03   0.29965E+02   0.26448E+02   0.45893E+00  -0.19417E+00
   0.23677E+03   0.29965E+02   0.26509E+02   0.45038E+00  -0.18048E+00
   0.23712E+03   0.29962E+02   0.26752E+02   0.43901E+00  -0.16048E+00
   0.23747E+03   0.29959E+02   0.27029E+02   0.42998E+00  -0.13962E+00
   0.23782E+03   0.29956E+02   0.27138E+02   0.42195E+00  -0.12494E+00
   0.23817E+03   0.29951E+02   0.27102E+02   0.41167E+00  -0.11274E+00
   0.23852E+03   0.29946E+02   0.26956E+02   0.39697E+00  -0.11069E+00
   0.23887E+03   0.29939E+02   0.26637E+02   0.37658E+00  -0.11074E+00
   0.23922E+03   0.29929E+02   0.26327E+02   0.36247E+00  -0.10945E+00
   0.23957E+03   0.29918E+02   0.26168E+02   0.35301E+00  -0.11353E+00
   0.23992E+03   0.29908E+02   0.26097E+02   0.34516E+00  -0.11410E+00
   0.24027E+03   0.29902E+02   0.26162E+02   0.34166E+00  -0.11267E+00
   0.24062E+03   0.29897E+02   0.26118E+02   0.34022E+00  -0.12332E+00
   0.24097E+03   0.29892E+02   0.26142E+02   0.34065E+00  -0.12352E+00
   0.24132E+03   0.29892E+02   0.26296E+02   0.34231E+00  -0.11454E+00
   0.24167E+03   0.29893E+02   0.26313E+02   0.34152E+00  -0.12137E+00
   0.24202E+03   0.29893E+02   0.26202E+02   0.33761E+00  -0.12754E+00
   0.24237E+03   0.29889E+02   0.26050E+02   0.33147E+00  -0.13311E+00
   0.24272E+03   0.29883E+02   0.26079E+02   0.32748E+00  -0.13621E+00
   0.24307E+03   0.29879E+02   0.26296E+02   0.32627E+00  -0.12759E+00
   0.24342E+03   0.29876E+02   0.26148E+02   0.32490E+00  -0.13994E+00
   0.24377E+03   0.29873E+02   0.25715E+02   0.32280E+00  -0.16284E+00
   0.24412E+03   0.29869E+02   0.25486E+02   0.32245E+00  -0.17191E+00
   0.24447E+03   0.29868E+02   0.25383E+02   0.32721E+00  -0.17948E+00
   0.24482E+03   0.29872E+02   0.25308E+02   0.33207E+00  -0.18828E+00
   0.24517E+03   0.29880E+02   0.25034E+02   0.33689E+00  -0.20512E+00
   0.24552E+03   0.29885E+02   0.24844E+02   0.34020E+00  -0.21926E+00
   0.24587E+03   0.29888E+02   0.25067E+02   0.34706E+00  -0.21752E+00
   0.24622E+03   0.29895E+02   0.25404E+02   0.36299E+00  -0.21710E+00
   0.24657E+03   0.29907E+02   0.25441E+02   0.38157E+00  -0.22830E+00
   0.24692E+03   0.29917E+02   0.25229E+02   0.38830E+00  -0.24601E+00
   0.24727E+03   0.29924E+02   0.25016E+02   0.38954E+00  -0.25654E+00
   0.24762E+03   0.29929E+02   0.24806E+02   0.39357E+00  -0.25733E+00
   0.24797E+03   0.29933E+02   0.24639E+02   0.40363E+00  -0.26645E+00
   0.24832E+03   0.29939E+02   0.24811E+02   0.41655E+00  -0.27281E+00
   0.24867E+03   0.29945E+02   0.25011E+02   0.42043E+00  -0.27144E+00
   0.24902E+03   0.29948E+02   0.25236E+02   0.42518E+00  -0.26943E+00
   0.24937E+03   0.29952E+02   0.25612E+02   0.43891E+00  -0.26099E+00
   0.24972E+03   0.29957E+02   0.25862E+02   0.45571E+00  -0.25272E+00
   0.25007E+03   0.29961E+02   0.26181E+02   0.46058E+00  -0.24591E+00
   0.25042E+03   0.29963E+02   0.26443E+02   0.45799E+00  -0.23306E+00
   0.25077E+03   0.29964E+02   0.26686E+02   0.45504E+00  -0.21054E+00
   0.25112E+03   0.29964E+02   0.26924E+02   0.45354E+00  -0.18425E+00
   0.25147E+03   0.29964E+02   0.27063E+02   0.44928E+00  -0.17055E+00
   0.25182E+03   0.29963E+02   0.27000E+02   0.43804E+00  -0.16113E+00
   0.25217E+03   0.29959E+02   0.26877E+02   0.42333E+00  -0.14453E+00
   0.25252E+03   0.29953E+02   0.26852E+02   0.41573E+00  -0.13273E+00
   0.25287E+03   0.29950E+02   0.26847E+02   0.40649E+00  -0.12255E+00
   0.25322E+03   0.29944E+02   0.26845E+02   0.38949E+00  -0.11627E+00
   0.25357E+03   0.29936E+02   0.26541E+02   0.37880E+00  -0.12366E+00
   0.25392E+03   0.29928E+02   0.26376E+02   0.36859E+00  -0.12044E+00
   0.25427E+03   0.29922E+02   0.26450E+02   0.36350E+00  -0.10889E+00
   0.25462E+03   0.29918E+02   0.26477E+02   0.35942E+00  -0.11159E+00
   0.25497E+03   0.29912E+02   0.26513E+02   0.35212E+00  -0.11141E+00
   0.25532E+03   0.29906E+02   0.26529E+02   0.34519E+00  -0.10536E+00
   0.25567E+03   0.29899E+02   0.26490E+02   0.34049E+00  -0.10632E+00
   0.25602E+03   0.29894E+02   0.26471E+02   0.33681E+00  -0.11115E+00
   0.25637E+03   0.29891E+02   0.26382E+02   0.33661E+00  -0.11807E+00
   0.25672E+03   0.29888E+02   0.26320E+02   0.33160E+00  -0.12230E+00
   0.25707E+03   0.29880E+02   0.26356E+02   0.32119E+00  -0.12314E+00
   0.25742E+03   0.29871E+02   0.26357E+02   0.32095E+00  -0.12187E+00
   0.25777E+03   0.29869E+02   0.26148E+02   0.32278E+00  -0.13385E+00
   0.25812E+03   0.29874E+02   0.25577E+02   0.32080E+00  -0.16207E+00
   0.25847E+03   0.29872E+02   0.25232E+02   0.31820E+00  -0.17875E+00
   0.25882E+03   0.29868E+02   0.25235E+02   0.32173E+00  -0.18085E+00
   0.25917E+03   0.29873E+02   0.25210E+02   0.32731E+00  -0.18694E+00
   0.25952E+03   0.29878E+02   0.24879E+02   0.33278E+00  -0.21066E+00
   0.25987E+03   0.29882E+02   0.24536E+02   0.33993E+00  -0.23857E+00
   0.26022E+03   0.29889E+02   0.24354E+02   0.34969E+00  -0.24899E+00
   0.26057E+03   0.29899E+02   0.24071E+02   0.36447E+00  -0.26393E+00
   0.26092E+03   0.29910E+02   0.23760E+02   0.38066E+00  -0.29712E+00
   0.26127E+03   0.29921E+02   0.23794E+02   0.39156E+00  -0.31148E+00
   0.26162E+03   0.29929E+02   0.24168E+02   0.39906E+00  -0.30860E+00
   0.26197E+03   0.29936E+02   0.24594E+02   0.41792E+00  -0.31164E+00
   0.26232E+03   0.29945E+02   0.24829E+02   0.44434E+00  -0.31797E+00
   0.26267E+03   0.29955E+02   0.24982E+02   0.46569E+00  -0.32353E+00
   0.26302E+03   0.29962E+02   0.25047E+02   0.47853E+00  -0.33004E+00
   0.26337E+03   0.29967E+02   0.25053E+02   0.48430E+00  -0.32438E+00
   0.26372E+03   0.29971E+02   0.25660E+02   0.48950E+00  -0.29398E+00
   0.26407E+03   0.29973E+02   0.26272E+02   0.49922E+00  -0.26606E+00
   0.26442E+03   0.29976E+02   0.26692E+02   0.50426E+00  -0.24894E+00
   0.26477E+03   0.29977E+02   0.27138E+02   0.49885E+00  -0.22819E+00
   0.26512E+03   0.29977E+02   0.27244E+02   0.49385E+00  -0.20630E+00
   0.26547E+03   0.29976E+02   0.27493E+02   0.49306E+00  -0.17659E+00
   0.26582E+03   0.29975E+02   0.27787E+02   0.48132E+00  -0.14424E+00
   0.26617E+03   0.29972E+02   0.27763E+02   0.45500E+00  -0.12540E+00
   0.26652E+03   0.29966E+02   0.27579E+02   0.43138E+00  -0.11043E+00
   0.26687E+03   0.29958E+02   0.27317E+02   0.41713E+00  -0.97222E-01
   0.26722E+03   0.29951E+02   0.27075E+02   0.40294E+00  -0.89725E-01
   0.26757E+03   0.29943E+02   0.26793E+02   0.38763E+00  -0.92374E-01
   0.26792E+03   0.29935E+02   0.26617E+02   0.36979E+00  -0.94784E-01
   0.26827E+03   0.29924E+02   0.26688E+02   0.35251E+00  -0.80411E-01
   0.26862E+03   0.29912E+02   0.26778E+02   0.34228E+00  -0.73105E-01
   0.26897E+03   0.29904E+02   0.26761E+02   0.33861E+00  -0.79805E-01
   0.26932E+03   0.29899E+02   0.26497E+02   0.34010E+00  -0.94371E-01
   0.26967E+03   0.29896E+02   0.26082E+02   0.33446E+00  -0.11231E+00
   0.27002E+03   0.29887E+02   0.25722E+02   0.32307E+00  -0.12483E+00
   0.27037E+03   0.29881E+02   0.25548E+02   0.31934E+00  -0.12992E+00
   0.27072E+03   0.29874E+02   0.25654E+02   0.31780E+00  -0.12935E+00
   0.27107E+03   0.29864E+02   0.25680E+02   0.31867E+00  -0.13849E+00
   0.27142E+03   0.29866E+02   0.25398E+02   0.32256E+00  -0.16150E+00
   0.27177E+03   0.29872E+02   0.24979E+02   0.32627E+00  -0.18611E+00
   0.27212E+03   0.29877E+02   0.24705E+02   0.33449E+00  -0.20128E+00
   0.27247E+03   0.29883E+02   0.24682E+02   0.33787E+00  -0.20482E+00
   0.27282E+03   0.29885E+02   0.24711E+02   0.33694E+00  -0.20871E+00
   0.27317E+03   0.29887E+02   0.24861E+02   0.33850E+00  -0.21587E+00
   0.27352E+03   0.29892E+02   0.24958E+02   0.34803E+00  -0.22271E+00
   0.27387E+03   0.29901E+02   0.24935E+02   0.36630E+00  -0.23533E+00
   0.27422E+03   0.29912E+02   0.25204E+02   0.37963E+00  -0.24443E+00
   0.27457E+03   0.29920E+02   0.25340E+02   0.38665E+00  -0.24826E+00
   0.27492E+03   0.29926E+02   0.25478E+02   0.39471E+00  -0.24469E+00
   0.27527E+03   0.29931E+02   0.25580E+02   0.39995E+00  -0.24202E+00
   0.27562E+03   0.29935E+02   0.25311E+02   0.40225E+00  -0.25230E+00
   0.27597E+03   0.29939E+02   0.25477E+02   0.41466E+00  -0.25313E+00
   0.27632E+03   0.29945E+02   0.25965E+02   0.42953E+00  -0.24327E+00
   0.27667E+03   0.29950E+02   0.25759E+02   0.43257E+00  -0.24355E+00
   0.27702E+03   0.29953E+02   0.25652E+02   0.42930E+00  -0.24399E+00
   0.27737E+03   0.29954E+02   0.26102E+02   0.43219E+00  -0.22913E+00
   0.27772E+03   0.29955E+02   0.26468E+02   0.43790E+00  -0.20210E+00
   0.27807E+03   0.29956E+02   0.26397E+02   0.44008E+00  -0.19829E+00
   0.27842E+03   0.29957E+02   0.26207E+02   0.43946E+00  -0.21048E+00
   0.27877E+03   0.29958E+02   0.26366E+02   0.43696E+00  -0.18956E+00
   0.27912E+03   0.29958E+02   0.26571E+02   0.42429E+00  -0.16166E+00
   0.27947E+03   0.29956E+02   0.26573E+02   0.41218E+00  -0.15401E+00
   0.27982E+03   0.29952E+02   0.26481E+02   0.40497E+00  -0.14203E+00
   0.28017E+03   0.29947E+02   0.26426E+02   0.39707E+00  -0.13111E+00
   0.28052E+03   0.29942E+02   0.26380E+02   0.38993E+00  -0.13130E+00
   0.28087E+03   0.29937E+02   0.26345E+02   0.38068E+00  -0.13119E+00
   0.28122E+03   0.29931E+02   0.26256E+02   0.37469E+00  -0.12976E+00
   0.28157E+03   0.29925E+02   0.26252E+02   0.36674E+00  -0.12489E+00
   0.28192E+03   0.29918E+02   0.26191E+02   0.35486E+00  -0.12388E+00
   0.28227E+03   0.29910E+02   0.26003E+02   0.34468E+00  -0.12853E+00
   0.28262E+03   0.29907E+02   0.25836E+02   0.34607E+00  -0.13427E+00
   0.28297E+03   0.29905E+02   0.25920E+02   0.35079E+00  -0.13355E+00
   0.28332E+03   0.29901E+02   0.26173E+02   0.34905E+00  -0.12732E+00
   0.28367E+03   0.29899E+02   0.26429E+02   0.34135E+00  -0.12514E+00
   0.28402E+03   0.29895E+02   0.26577E+02   0.33865E+00  -0.12472E+00
   0.28437E+03   0.29894E+02   0.26357E+02   0.34218E+00  -0.12927E+00
   0.28472E+03   0.29893E+02   0.26058E+02   0.33644E+00  -0.13690E+00
   0.28507E+03   0.29886E+02   0.25895E+02   0.32825E+00  -0.14456E+00
   0.28542E+03   0.29881E+02   0.25805E+02   0.33115E+00  -0.14958E+00
   0.28577E+03   0.29882E+02   0.25800E+02   0.32881E+00  -0.15104E+00
   0.28612E+03   0.29879E+02   0.25710E+02   0.31950E+00  -0.15892E+00
   0.28647E+03   0.29875E+02   0.25521E+02   0.32128E+00  -0.17296E+00
   0.28682E+03   0.29875E+02   0.25530E+02   0.33341E+00  -0.17689E+00
   0.28717E+03   0.29882E+02   0.25764E+02   0.34548E+00  -0.17420E+00
   0.28752E+03   0.29890E+02   0.25618E+02   0.34937E+00  -0.19224E+00
   0.28787E+03   0.29894E+02   0.25254E+02   0.35275E+00  -0.21163E+00
   0.28822E+03   0.29899E+02   0.25125E+02   0.35527E+00  -0.21125E+00
   0.28857E+03   0.29903E+02   0.25197E+02   0.35844E+00  -0.21183E+00
   0.28892E+03   0.29908E+02   0.25352E+02   0.36577E+00  -0.21680E+00
   0.28927E+03   0.29914E+02   0.25129E+02   0.37533E+00  -0.22905E+00
   0.28962E+03   0.29921E+02   0.24896E+02   0.38046E+00  -0.24294E+00
   0.28997E+03   0.29924E+02   0.25027E+02   0.38546E+00  -0.24455E+00
   0.29032E+03   0.29928E+02   0.25240E+02   0.39626E+00  -0.24402E+00
   0.29067E+03   0.29934E+02   0.25633E+02   0.40494E+00  -0.23634E+00
   0.29102E+03   0.29939E+02   0.25923E+02   0.41385E+00  -0.23089E+00
   0.29137E+03   0.29943E+02   0.25895E+02   0.41884E+00  -0.23451E+00
   0.29172E+03   0.29946E+02   0.26170E+02   0.42045E+00  -0.22124E+00
   0.29207E+03   0.29950E+02   0.26401E+02   0.42697E+00  -0.20841E+00
   0.29242E+03   0.29953E+02   0.26251E+02   0.43213E+00  -0.20806E+00
   0.29277E+03   0.29953E+02   0.26369E+02   0.42252E+00  -0.19443E+00
   0.29312E+03   0.29949E+02   0.26428E+02   0.41075E+00  -0.17859E+00
   0.29347E+03   0.29947E+02   0.26370E+02   0.40836E+00  -0.17035E+00
   0.29382E+03   0.29947E+02   0.26356E+02   0.40738E+00  -0.16211E+00
   0.29417E+03   0.29945E+02   0.26351E+02   0.40307E+00  -0.15899E+00
   0.29452E+03   0.29942E+02   0.26370E+02   0.39445E+00  -0.15235E+00
   0.29487E+03   0.29940E+02   0.26198E+02   0.38590E+00  -0.14741E+00
   0.29522E+03   0.29936E+02   0.25958E+02   0.37998E+00  -0.15076E+00
   0.29557E+03   0.29931E+02   0.25715E+02   0.37399E+00  -0.15430E+00
   0.29592E+03   0.29927E+02   0.25573E+02   0.36844E+00  -0.15674E+00
   0.29627E+03   0.29922E+02   0.25587E+02   0.36734E+00  -0.15687E+00
   0.29662E+03   0.29919E+02   0.25666E+02   0.36761E+00  -0.16146E+00
   0.29697E+03   0.29918E+02   0.25730E+02   0.36728E+00  -0.16375E+00
   0.29732E+03   0.29917E+02   0.25758E+02   0.36942E+00  -0.16157E+00
   0.29767E+03   0.29918E+02   0.25802E+02   0.36625E+00  -0.16263E+00
   0.29802E+03   0.29915E+02   0.25951E+02   0.36297E+00  -0.15254E+00
   0.29837E+03   0.29914E+02   0.26104E+02   0.36830E+00  -0.14541E+00
   0.29872E+03   0.29916E+02   0.25993E+02   0.36575E+00  -0.15635E+00
   0.29907E+03   0.29912E+02   0.25729E+02   0.35734E+00  -0.16615E+00
   0.29942E+03   0.29908E+02   0.25572E+02   0.35350E+00  -0.17033E+00
   0.29977E+03   0.29905E+02   0.25515E+02   0.35268E+00  -0.17138E+00
   0.30012E+03   0.29905E+02   0.25295E+02   0.35113E+00  -0.17923E+00
   0.30047E+03   0.29903E+02   0.25084E+02   0.34840E+00  -0.19634E+00
   0.30082E+03   0.29903E+02   0.25000E+02   0.35317E+00  -0.20547E+00
   0.30118E+03   0.29908E+02   0.24772E+02   0.35924E+00  -0.20962E+00
   0.30153E+03   0.29912E+02   0.24641E+02   0.36474E+00  -0.22573E+00
   0.30188E+03   0.29915E+02   0.24662E+02   0.37449E+00  -0.23737E+00
   0.30223E+03   0.29919E+02   0.24593E+02   0.38429E+00  -0.23816E+00
   0.30258E+03   0.29925E+02   0.24621E+02   0.38809E+00  -0.24658E+00
   0.30293E+03   0.29930E+02   0.24681E+02   0.39466E+00  -0.25565E+00
   0.30328E+03   0.29935E+02   0.24881E+02   0.40919E+00  -0.25154E+00
   0.30363E+03   0.29941E+02   0.25250E+02   0.41849E+00  -0.24510E+00
   0.30398E+03   0.29945E+02   0.25539E+02   0.42238E+00  -0.24211E+00
   0.30433E+03   0.29949E+02   0.25487E+02   0.42791E+00  -0.24140E+00
   0.30468E+03   0.29951E+02   0.25389E+02   0.42951E+00  -0.23836E+00
   0.30503E+03   0.29953E+02   0.25851E+02   0.43367E+00  -0.22181E+00
   0.30538E+03   0.29956E+02   0.26063E+02   0.43557E+00  -0.21333E+00
   0.30573E+03   0.29956E+02   0.26213E+02   0.42861E+00  -0.20332E+00
   0.30608E+03   0.29955E+02   0.26487E+02   0.42729E+00  -0.18412E+00
   0.30643E+03   0.29954E+02   0.26568E+02   0.42424E+00  -0.17025E+00
   0.30678E+03   0.29952E+02   0.26583E+02   0.41655E+00  -0.15735E+00
   0.30713E+03   0.29950E+02   0.26534E+02   0.40882E+00  -0.15016E+00
   0.30748E+03   0.29946E+02   0.26536E+02   0.40430E+00  -0.14257E+00
   0.30783E+03   0.29941E+02   0.26533E+02   0.39444E+00  -0.12980E+00
   0.30818E+03   0.29937E+02   0.26690E+02   0.38058E+00  -0.12175E+00
   0.30853E+03   0.29931E+02   0.26773E+02   0.37111E+00  -0.11536E+00
   0.30888E+03   0.29926E+02   0.26801E+02   0.36654E+00  -0.10599E+00
   0.30923E+03   0.29920E+02   0.26781E+02   0.36177E+00  -0.10292E+00
   0.30958E+03   0.29914E+02   0.26524E+02   0.35208E+00  -0.11356E+00
   0.30993E+03   0.29907E+02   0.26165E+02   0.34380E+00  -0.12660E+00
   0.31028E+03   0.29898E+02   0.26017E+02   0.33998E+00  -0.12497E+00
   0.31063E+03   0.29892E+02   0.26021E+02   0.33473E+00  -0.12513E+00
   0.31098E+03   0.29887E+02   0.26002E+02   0.32706E+00  -0.13122E+00
   0.31133E+03   0.29882E+02   0.25976E+02   0.32825E+00  -0.13842E+00
   0.31168E+03   0.29882E+02   0.25922E+02   0.33416E+00  -0.14273E+00
   0.31203E+03   0.29883E+02   0.25944E+02   0.33683E+00  -0.14426E+00
   0.31238E+03   0.29885E+02   0.25716E+02   0.33766E+00  -0.15963E+00
   0.31273E+03   0.29887E+02   0.25229E+02   0.33665E+00  -0.18020E+00
   0.31308E+03   0.29887E+02   0.24920E+02   0.33393E+00  -0.18981E+00
   0.31343E+03   0.29885E+02   0.24587E+02   0.33271E+00  -0.20436E+00
   0.31378E+03   0.29886E+02   0.24325E+02   0.33486E+00  -0.22449E+00
   0.31413E+03   0.29890E+02   0.24308E+02   0.34574E+00  -0.23423E+00
   0.31448E+03   0.29898E+02   0.24498E+02   0.36063E+00  -0.24437E+00
   0.31483E+03   0.29907E+02   0.24626E+02   0.37196E+00  -0.25773E+00
   0.31518E+03   0.29916E+02   0.24418E+02   0.38292E+00  -0.27470E+00
   0.31553E+03   0.29925E+02   0.24295E+02   0.39845E+00  -0.28842E+00
   0.31588E+03   0.29933E+02   0.24629E+02   0.41295E+00  -0.28426E+00
   0.31623E+03   0.29940E+02   0.25182E+02   0.42355E+00  -0.27353E+00
   0.31658E+03   0.29947E+02   0.25220E+02   0.43218E+00  -0.27893E+00
   0.31693E+03   0.29953E+02   0.24907E+02   0.44130E+00  -0.28886E+00
   0.31728E+03   0.29957E+02   0.24844E+02   0.45154E+00  -0.28995E+00
   0.31763E+03   0.29961E+02   0.25242E+02   0.45627E+00  -0.28072E+00
   0.31798E+03   0.29963E+02   0.25623E+02   0.46210E+00  -0.26643E+00
   0.31833E+03   0.29966E+02   0.25506E+02   0.47012E+00  -0.26508E+00
   0.31868E+03   0.29967E+02   0.25356E+02   0.46912E+00  -0.26343E+00
   0.31903E+03   0.29968E+02   0.25324E+02   0.46471E+00  -0.25469E+00
   0.31938E+03   0.29969E+02   0.25533E+02   0.46818E+00  -0.24001E+00
   0.31973E+03   0.29969E+02   0.25953E+02   0.47546E+00  -0.21760E+00
   0.32008E+03   0.29970E+02   0.26317E+02   0.47471E+00  -0.19831E+00
   0.32043E+03   0.29969E+02   0.26708E+02   0.46076E+00  -0.17715E+00
   0.32078E+03   0.29967E+02   0.26820E+02   0.44755E+00  -0.15629E+00
   0.32113E+03   0.29965E+02   0.26705E+02   0.44265E+00  -0.14215E+00
   0.32148E+03   0.29963E+02   0.26821E+02   0.43659E+00  -0.12439E+00
   0.32183E+03   0.29958E+02   0.26949E+02   0.42065E+00  -0.10959E+00
   0.32218E+03   0.29951E+02   0.26911E+02   0.39819E+00  -0.10214E+00
   0.32253E+03   0.29942E+02   0.26985E+02   0.37949E+00  -0.88370E-01
   0.32288E+03   0.29931E+02   0.27068E+02   0.36820E+00  -0.77868E-01
   0.32323E+03   0.29922E+02   0.27019E+02   0.36044E+00  -0.78406E-01
   0.32358E+03   0.29913E+02   0.27037E+02   0.34988E+00  -0.79896E-01
   0.32393E+03   0.29903E+02   0.27019E+02   0.33992E+00  -0.80517E-01
   0.32428E+03   0.29896E+02   0.26820E+02   0.33276E+00  -0.84901E-01
   0.32463E+03   0.29889E+02   0.26674E+02   0.32224E+00  -0.89464E-01
   0.32498E+03   0.29877E+02   0.26492E+02   0.31355E+00  -0.97971E-01
   0.32533E+03   0.29866E+02   0.26242E+02   0.31157E+00  -0.10853E+00
   0.32568E+03   0.29860E+02   0.26132E+02   0.31159E+00  -0.11579E+00
   0.32603E+03   0.29859E+02   0.25993E+02   0.31054E+00  -0.12854E+00
   0.32638E+03   0.29856E+02   0.25881E+02   0.31023E+00  -0.13987E+00
   0.32673E+03   0.29855E+02   0.25816E+02   0.31443E+00  -0.14388E+00
   0.32708E+03   0.29856E+02   0.25594E+02   0.31600E+00  -0.15560E+00
   0.32743E+03   0.29859E+02   0.25294E+02   0.31855E+00  -0.17485E+00
   0.32778E+03   0.29862E+02   0.25099E+02   0.32265E+00  -0.18897E+00
   0.32813E+03   0.29865E+02   0.25119E+02   0.33000E+00  -0.19424E+00
   0.32848E+03   0.29873E+02   0.25009E+02   0.33721E+00  -0.20297E+00
   0.32883E+03   0.29881E+02   0.24899E+02   0.33867E+00  -0.22224E+00
   0.32918E+03   0.29886E+02   0.24927E+02   0.34860E+00  -0.23223E+00
   0.32953E+03   0.29895E+02   0.25070E+02   0.36278E+00  -0.23512E+00
   0.32988E+03   0.29905E+02   0.25150E+02   0.37444E+00  -0.24562E+00
   0.33023E+03   0.29915E+02   0.25071E+02   0.38575E+00  -0.25975E+00
   0.33058E+03   0.29924E+02   0.25085E+02   0.39510E+00  -0.26605E+00
   0.33093E+03   0.29930E+02   0.25202E+02   0.40332E+00  -0.26148E+00
   0.33128E+03   0.29936E+02   0.25344E+02   0.41218E+00  -0.26188E+00
   0.33163E+03   0.29942E+02   0.25476E+02   0.42424E+00  -0.26511E+00
   0.33198E+03   0.29948E+02   0.25768E+02   0.43581E+00  -0.26043E+00
   0.33233E+03   0.29953E+02   0.26122E+02   0.44092E+00  -0.24914E+00
   0.33268E+03   0.29958E+02   0.26062E+02   0.44245E+00  -0.24386E+00
   0.33303E+03   0.29960E+02   0.26283E+02   0.44450E+00  -0.23048E+00
   0.33338E+03   0.29962E+02   0.26842E+02   0.44938E+00  -0.20470E+00
   0.33373E+03   0.29963E+02   0.27133E+02   0.44857E+00  -0.18666E+00
   0.33408E+03   0.29962E+02   0.27083E+02   0.44288E+00  -0.17707E+00
   0.33443E+03   0.29960E+02   0.26629E+02   0.43563E+00  -0.17613E+00
   0.33478E+03   0.29958E+02   0.26450E+02   0.42729E+00  -0.16629E+00
   0.33513E+03   0.29955E+02   0.26642E+02   0.41664E+00  -0.14470E+00
   0.33548E+03   0.29949E+02   0.26748E+02   0.40168E+00  -0.13237E+00
   0.33583E+03   0.29944E+02   0.26589E+02   0.39244E+00  -0.12798E+00
   0.33618E+03   0.29938E+02   0.26530E+02   0.38511E+00  -0.12385E+00
   0.33653E+03   0.29932E+02   0.26500E+02   0.37678E+00  -0.12052E+00
   0.33688E+03   0.29927E+02   0.26365E+02   0.36956E+00  -0.11912E+00
   0.33723E+03   0.29924E+02   0.26299E+02   0.36630E+00  -0.12159E+00
   0.33758E+03   0.29920E+02   0.26115E+02   0.35776E+00  -0.12582E+00
   0.33793E+03   0.29910E+02   0.26098E+02   0.34356E+00  -0.12293E+00
   0.33828E+03   0.29898E+02   0.26327E+02   0.33835E+00  -0.11306E+00
   0.33863E+03   0.29895E+02   0.26424E+02   0.34340E+00  -0.11219E+00
   0.33898E+03   0.29898E+02   0.26285E+02   0.34573E+00  -0.12380E+00
   0.33933E+03   0.29896E+02   0.26238E+02   0.33652E+00  -0.13106E+00
   0.33968E+03   0.29888E+02   0.26210E+02   0.32873E+00  -0.12988E+00
   0.34003E+03   0.29882E+02   0.26053E+02   0.32946E+00  -0.12850E+00
   0.34038E+03   0.29879E+02   0.25981E+02   0.33048E+00  -0.13990E+00
   0.34073E+03   0.29877E+02   0.25909E+02   0.32794E+00  -0.15732E+00
   0.34108E+03   0.29875E+02   0.25801E+02   0.32564E+00  -0.16193E+00
   0.34143E+03   0.29875E+02   0.25661E+02   0.32842E+00  -0.16865E+00
   0.34178E+03   0.29878E+02   0.25509E+02   0.33548E+00  -0.17925E+00
   0.34213E+03   0.29882E+02   0.25339E+02   0.33956E+00  -0.18674E+00
   0.34248E+03   0.29886E+02   0.25334E+02   0.34075E+00  -0.19494E+00
   0.34283E+03   0.29891E+02   0.25456E+02   0.34347E+00  -0.19846E+00
   0.34318E+03   0.29896E+02   0.25500E+02   0.35369E+00  -0.20191E+00
   0.34353E+03   0.29902E+02   0.25509E+02   0.36393E+00  -0.20943E+00
   0.34388E+03   0.29909E+02   0.25451E+02   0.36922E+00  -0.21819E+00
   0.34423E+03   0.29914E+02   0.25417E+02   0.37170E+00  -0.22448E+00
   0.34458E+03   0.29919E+02   0.25337E+02   0.37905E+00  -0.22825E+00
   0.34493E+03   0.29924E+02   0.25329E+02   0.38621E+00  -0.23338E+00
   0.34528E+03   0.29928E+02   0.25497E+02   0.39399E+00  -0.23417E+00
   0.34563E+03   0.29933E+02   0.25349E+02   0.39903E+00  -0.24005E+00
   0.34598E+03   0.29936E+02   0.25230E+02   0.40070E+00  -0.24595E+00
   0.34633E+03   0.29939E+02   0.25303E+02   0.41181E+00  -0.24433E+00
   0.34668E+03   0.29944E+02   0.25634E+02   0.42029E+00  -0.23851E+00
   0.34703E+03   0.29947E+02   0.25945E+02   0.42477E+00  -0.22978E+00
   0.34738E+03   0.29950E+02   0.25757E+02   0.42664E+00  -0.23191E+00
   0.34773E+03   0.29952E+02   0.25691E+02   0.42985E+00  -0.22858E+00
   0.34808E+03   0.29953E+02   0.25727E+02   0.43026E+00  -0.21802E+00
   0.34843E+03   0.29954E+02   0.25713E+02   0.43048E+00  -0.21423E+00
   0.34878E+03   0.29955E+02   0.26019E+02   0.43072E+00  -0.20232E+00
   0.34913E+03   0.29955E+02   0.26250E+02   0.42598E+00  -0.18578E+00
   0.34948E+03   0.29954E+02   0.26412E+02   0.41967E+00  -0.17201E+00
   0.34983E+03   0.29951E+02   0.26797E+02   0.41474E+00  -0.15368E+00
   0.35018E+03   0.29949E+02   0.27047E+02   0.41360E+00  -0.13297E+00
   0.35053E+03   0.29947E+02   0.27009E+02   0.40860E+00  -0.12432E+00
   0.35088E+03   0.29944E+02   0.26740E+02   0.39694E+00  -0.12947E+00
   0.35123E+03   0.29940E+02   0.26484E+02   0.37858E+00  -0.12892E+00
   0.35158E+03   0.29933E+02   0.26489E+02   0.36387E+00  -0.11479E+00
   0.35193E+03   0.29924E+02   0.26557E+02   0.35582E+00  -0.10748E+00
   0.35228E+03   0.29915E+02   0.26552E+02   0.34910E+00  -0.10977E+00
   0.35263E+03   0.29907E+02   0.26401E+02   0.34261E+00  -0.11716E+00
   0.35298E+03   0.29901E+02   0.26316E+02   0.33901E+00  -0.12431E+00
   0.35333E+03   0.29898E+02   0.26257E+02   0.34005E+00  -0.12456E+00
   0.35368E+03   0.29895E+02   0.26011E+02   0.33904E+00  -0.13112E+00
   0.35403E+03   0.29890E+02   0.26056E+02   0.33430E+00  -0.13544E+00
   0.35438E+03   0.29886E+02   0.26019E+02   0.33171E+00  -0.13626E+00
   0.35473E+03   0.29882E+02   0.25573E+02   0.32874E+00  -0.15287E+00
   0.35508E+03   0.29881E+02   0.25323E+02   0.32927E+00  -0.16861E+00
   0.35543E+03   0.29884E+02   0.25238E+02   0.33522E+00  -0.17371E+00
   0.35578E+03   0.29887E+02   0.25195E+02   0.33775E+00  -0.18163E+00
   0.35613E+03   0.29889E+02   0.25076E+02   0.33679E+00  -0.19691E+00
   0.35648E+03   0.29889E+02   0.25002E+02   0.33994E+00  -0.20871E+00
   0.35683E+03   0.29891E+02   0.25067E+02   0.35265E+00  -0.21234E+00
   0.35718E+03   0.29898E+02   0.25224E+02   0.36513E+00  -0.21902E+00
   0.35753E+03   0.29907E+02   0.25265E+02   0.37194E+00  -0.22870E+00
   0.35788E+03   0.29914E+02   0.24877E+02   0.37780E+00  -0.24620E+00
   0.35823E+03   0.29919E+02   0.24855E+02   0.38618E+00  -0.25210E+00
   0.35858E+03   0.29925E+02   0.25249E+02   0.39216E+00  -0.24335E+00
   0.35893E+03   0.29929E+02   0.25561E+02   0.39830E+00  -0.24224E+00
   0.35928E+03   0.29935E+02   0.25949E+02   0.41194E+00  -0.23936E+00
   0.35963E+03   0.29942E+02   0.26092E+02   0.41859E+00  -0.23662E+00
   0.35998E+03   0.29946E+02   0.26175E+02   0.41976E+00  -0.23253E+00
   0.36033E+03   0.29948E+02   0.26522E+02   0.42508E+00  -0.21738E+00
   0.36068E+03   0.29951E+02   0.26626E+02   0.43124E+00  -0.20244E+00
   0.36103E+03   0.29952E+02   0.26581E+02   0.43016E+00  -0.19566E+00
   0.36138E+03   0.29952E+02   0.26569E+02   0.42291E+00  -0.19286E+00
   0.36173E+03   0.29951E+02   0.26911E+02   0.41431E+00  -0.17523E+00
   0.36208E+03   0.29949E+02   0.27105E+02   0.41327E+00  -0.15374E+00
   0.36243E+03   0.29948E+02   0.27027E+02   0.41311E+00  -0.14887E+00
   0.36278E+03   0.29946E+02   0.26919E+02   0.40113E+00  -0.14378E+00
   0.36313E+03   0.29942E+02   0.26694E+02   0.38739E+00  -0.13392E+00
   0.36348E+03   0.29936E+02   0.26615E+02   0.37912E+00  -0.12696E+00
   0.36383E+03   0.29930E+02   0.26626E+02   0.37461E+00  -0.11944E+00
   0.36418E+03   0.29925E+02   0.26807E+02   0.36771E+00  -0.11089E+00
   0.36453E+03   0.29918E+02   0.26745E+02   0.35971E+00  -0.11278E+00
   0.36488E+03   0.29913E+02   0.26427E+02   0.34957E+00  -0.12361E+00
   0.36523E+03   0.29908E+02   0.26297E+02   0.34248E+00  -0.12200E+00
   0.36558E+03   0.29901E+02   0.26226E+02   0.34113E+00  -0.11931E+00
   0.36593E+03   0.29895E+02   0.25939E+02   0.33868E+00  -0.13052E+00
   0.36628E+03   0.29890E+02   0.25681E+02   0.33199E+00  -0.14397E+00
   0.36663E+03   0.29885E+02   0.25750E+02   0.32956E+00  -0.15028E+00
   0.36698E+03   0.29882E+02   0.25813E+02   0.33163E+00  -0.15162E+00
   0.36733E+03   0.29883E+02   0.25626E+02   0.33818E+00  -0.16016E+00
   0.36768E+03   0.29888E+02   0.25356E+02   0.34181E+00  -0.17780E+00
   0.36803E+03   0.29890E+02   0.25252E+02   0.33982E+00  -0.18781E+00
   0.36838E+03   0.29891E+02   0.25185E+02   0.34318E+00  -0.19051E+00
   0.36873E+03   0.29895E+02   0.25046E+02   0.34819E+00  -0.19980E+00
   0.36908E+03   0.29899E+02   0.24935E+02   0.35252E+00  -0.21336E+00
   0.36943E+03   0.29901E+02   0.24794E+02   0.35738E+00  -0.22416E+00
   0.36978E+03   0.29906E+02   0.24643E+02   0.36476E+00  -0.23704E+00
   0.37013E+03   0.29911E+02   0.24619E+02   0.36991E+00  -0.24994E+00
   0.37048E+03   0.29917E+02   0.24595E+02   0.38222E+00  -0.26063E+00
   0.37083E+03   0.29925E+02   0.24648E+02   0.39764E+00  -0.26952E+00
   0.37118E+03   0.29933E+02   0.24887E+02   0.40382E+00  -0.26777E+00
   0.37153E+03   0.29938E+02   0.24831E+02   0.40902E+00  -0.27499E+00
   0.37188E+03   0.29943E+02   0.24927E+02   0.42457E+00  -0.28145E+00
   0.37223E+03   0.29949E+02   0.25103E+02   0.44262E+00  -0.27711E+00
   0.37258E+03   0.29955E+02   0.25234E+02   0.44774E+00  -0.27741E+00
   0.37293E+03   0.29959E+02   0.25691E+02   0.45021E+00  -0.26985E+00
   0.37328E+03   0.29962E+02   0.26017E+02   0.45676E+00  -0.25137E+00
   0.37363E+03   0.29964E+02   0.26124E+02   0.46022E+00  -0.23447E+00
   0.37398E+03   0.29966E+02   0.26152E+02   0.46105E+00  -0.22721E+00
   0.37433E+03   0.29966E+02   0.26178E+02   0.46025E+00  -0.22001E+00
   0.37468E+03   0.29966E+02   0.26243E+02   0.45673E+00  -0.20072E+00
   0.37503E+03   0.29965E+02   0.26423E+02   0.44970E+00  -0.18232E+00
   0.37538E+03   0.29963E+02   0.26578E+02   0.44076E+00  -0.16782E+00
   0.37573E+03   0.29960E+02   0.26673E+02   0.42976E+00  -0.15046E+00
   0.37608E+03   0.29957E+02   0.26598E+02   0.42024E+00  -0.14390E+00
   0.37643E+03   0.29953E+02   0.26489E+02   0.41328E+00  -0.13884E+00
   0.37678E+03   0.29948E+02   0.26647E+02   0.40495E+00  -0.12306E+00
   0.37713E+03   0.29944E+02   0.26697E+02   0.39464E+00  -0.11379E+00
   0.37748E+03   0.29939E+02   0.26757E+02   0.37907E+00  -0.10644E+00
   0.37783E+03   0.29931E+02   0.26849E+02   0.36560E+00  -0.93980E-01
   0.37818E+03   0.29922E+02   0.26879E+02   0.35519E+00  -0.86554E-01
   0.37853E+03   0.29914E+02   0.26793E+02   0.35022E+00  -0.87172E-01
   0.37888E+03   0.29911E+02   0.26309E+02   0.34348E+00  -0.10976E+00
   0.37923E+03   0.29903E+02   0.25860E+02   0.33049E+00  -0.12968E+00
   0.37958E+03   0.29891E+02   0.25815E+02   0.32115E+00  -0.12293E+00
   0.37993E+03   0.29882E+02   0.25875E+02   0.31792E+00  -0.12123E+00
   0.38028E+03   0.29876E+02   0.25796E+02   0.32012E+00  -0.13456E+00
   0.38063E+03   0.29875E+02   0.25584E+02   0.32442E+00  -0.15279E+00
   0.38098E+03   0.29875E+02   0.25386E+02   0.32729E+00  -0.16503E+00
   0.38133E+03   0.29877E+02   0.25292E+02   0.33528E+00  -0.17066E+00
   0.38168E+03   0.29885E+02   0.25274E+02   0.34145E+00  -0.17821E+00
   0.38203E+03   0.29891E+02   0.25312E+02   0.33919E+00  -0.18497E+00
   0.38238E+03   0.29893E+02   0.25238E+02   0.33756E+00  -0.19062E+00
   0.38273E+03   0.29892E+02   0.25044E+02   0.33850E+00  -0.20092E+00
   0.38308E+03   0.29893E+02   0.24791E+02   0.34631E+00  -0.21684E+00
   0.38343E+03   0.29898E+02   0.24573E+02   0.36238E+00  -0.23684E+00
   0.38378E+03   0.29907E+02   0.24462E+02   0.37176E+00  -0.25610E+00
   0.38413E+03   0.29912E+02   0.24481E+02   0.36978E+00  -0.26450E+00
   0.38448E+03   0.29916E+02   0.24707E+02   0.37762E+00  -0.26511E+00
   0.38483E+03   0.29923E+02   0.24756E+02   0.39600E+00  -0.27202E+00
   0.38518E+03   0.29933E+02   0.24516E+02   0.41150E+00  -0.28628E+00
   0.38553E+03   0.29941E+02   0.24615E+02   0.42476E+00  -0.29681E+00
   0.38588E+03   0.29949E+02   0.24780E+02   0.43636E+00  -0.29937E+00
   0.38623E+03   0.29954E+02   0.24653E+02   0.44726E+00  -0.29744E+00
   0.38658E+03   0.29959E+02   0.24655E+02   0.45617E+00  -0.30003E+00
   0.38693E+03   0.29962E+02   0.25025E+02   0.46048E+00  -0.29592E+00
   0.38728E+03   0.29966E+02   0.25315E+02   0.46833E+00  -0.28079E+00
   0.38763E+03   0.29968E+02   0.25408E+02   0.47808E+00  -0.27649E+00
   0.38798E+03   0.29971E+02   0.25661E+02   0.48824E+00  -0.27055E+00
   0.38833E+03   0.29973E+02   0.25866E+02   0.49124E+00  -0.25037E+00
   0.38868E+03   0.29973E+02   0.26021E+02   0.48677E+00  -0.23443E+00
   0.38903E+03   0.29973E+02   0.26481E+02   0.48050E+00  -0.20880E+00
   0.38938E+03   0.29972E+02   0.26928E+02   0.47334E+00  -0.17665E+00
   0.38973E+03   0.29971E+02   0.27014E+02   0.47020E+00  -0.15966E+00
   0.39008E+03   0.29969E+02   0.27052E+02   0.46006E+00  -0.14712E+00
   0.39043E+03   0.29967E+02   0.27306E+02   0.44152E+00  -0.12294E+00
   0.39078E+03   0.29962E+02   0.27390E+02   0.42361E+00  -0.97483E-01
   0.39113E+03   0.29956E+02   0.27347E+02   0.40681E+00  -0.81028E-01
   0.39148E+03   0.29947E+02   0.27417E+02   0.38579E+00  -0.67434E-01
   0.39183E+03   0.29936E+02   0.27186E+02   0.36612E+00  -0.72698E-01
   0.39218E+03   0.29925E+02   0.27084E+02   0.35396E+00  -0.73232E-01
   0.39253E+03   0.29915E+02   0.27174E+02   0.34375E+00  -0.61605E-01
   0.39288E+03   0.29905E+02   0.27103E+02   0.33366E+00  -0.67150E-01
   0.39323E+03   0.29894E+02   0.27032E+02   0.32298E+00  -0.74147E-01
   0.39358E+03   0.29879E+02   0.27036E+02   0.31474E+00  -0.72396E-01
   0.39393E+03   0.29870E+02   0.26940E+02   0.31398E+00  -0.75696E-01
   0.39428E+03   0.29865E+02   0.26721E+02   0.31231E+00  -0.90157E-01
   0.39463E+03   0.29858E+02   0.26531E+02   0.31200E+00  -0.10440E+00
   0.39498E+03   0.29853E+02   0.26332E+02   0.30899E+00  -0.11147E+00
   0.39533E+03   0.29846E+02   0.26247E+02   0.30089E+00  -0.11783E+00
   0.39568E+03   0.29841E+02   0.26392E+02   0.30159E+00  -0.12019E+00
   0.39603E+03   0.29840E+02   0.26283E+02   0.30749E+00  -0.13101E+00
   0.39638E+03   0.29842E+02   0.25823E+02   0.31204E+00  -0.15452E+00
   0.39673E+03   0.29848E+02   0.25228E+02   0.31138E+00  -0.18179E+00
   0.39708E+03   0.29851E+02   0.24832E+02   0.31101E+00  -0.20035E+00
   0.39743E+03   0.29856E+02   0.24926E+02   0.31676E+00  -0.20020E+00
   0.39778E+03   0.29862E+02   0.25184E+02   0.32431E+00  -0.20277E+00
   0.39813E+03   0.29868E+02   0.25179E+02   0.33507E+00  -0.21962E+00
   0.39848E+03   0.29880E+02   0.24986E+02   0.34640E+00  -0.24066E+00
   0.39883E+03   0.29892E+02   0.24914E+02   0.36075E+00  -0.25421E+00
   0.39918E+03   0.29904E+02   0.24928E+02   0.37914E+00  -0.25894E+00
   0.39953E+03   0.29916E+02   0.24868E+02   0.39192E+00  -0.26772E+00
   0.39988E+03   0.29926E+02   0.24796E+02   0.39537E+00  -0.27819E+00
   0.40023E+03   0.29931E+02   0.24948E+02   0.39985E+00  -0.28136E+00
   0.40058E+03   0.29937E+02   0.25440E+02   0.41673E+00  -0.27439E+00
   0.40093E+03   0.29945E+02   0.25685E+02   0.43408E+00  -0.27142E+00
   0.40128E+03   0.29952E+02   0.25520E+02   0.44988E+00  -0.28286E+00
   0.40163E+03   0.29958E+02   0.25473E+02   0.45774E+00  -0.28601E+00
   0.40198E+03   0.29962E+02   0.25971E+02   0.45746E+00  -0.26487E+00
   0.40233E+03   0.29964E+02   0.26260E+02   0.45827E+00  -0.24346E+00
   0.40268E+03   0.29966E+02   0.26056E+02   0.46494E+00  -0.24028E+00
   0.40303E+03   0.29967E+02   0.26271E+02   0.46902E+00  -0.22717E+00
   0.40338E+03   0.29968E+02   0.26373E+02   0.46219E+00  -0.20923E+00
   0.40373E+03   0.29968E+02   0.26222E+02   0.45540E+00  -0.20087E+00
   0.40408E+03   0.29966E+02   0.26286E+02   0.45102E+00  -0.18530E+00
   0.40443E+03   0.29964E+02   0.26361E+02   0.44592E+00  -0.16658E+00
   0.40478E+03   0.29962E+02   0.26430E+02   0.43142E+00  -0.15213E+00
   0.40513E+03   0.29958E+02   0.26475E+02   0.41532E+00  -0.14520E+00
   0.40548E+03   0.29953E+02   0.26551E+02   0.40820E+00  -0.13117E+00
   0.40583E+03   0.29948E+02   0.26538E+02   0.40569E+00  -0.11656E+00
   0.40618E+03   0.29944E+02   0.26319E+02   0.39627E+00  -0.12386E+00
   0.40653E+03   0.29939E+02   0.26315E+02   0.37613E+00  -0.12044E+00
   0.40688E+03   0.29931E+02   0.26477E+02   0.36371E+00  -0.10288E+00
   0.40723E+03   0.29924E+02   0.26525E+02   0.35982E+00  -0.99412E-01
   0.40758E+03   0.29920E+02   0.26425E+02   0.35283E+00  -0.10442E+00
   0.40793E+03   0.29910E+02   0.26313E+02   0.34207E+00  -0.11122E+00
   0.40828E+03   0.29899E+02   0.26408E+02   0.33685E+00  -0.10550E+00
   0.40863E+03   0.29893E+02   0.26477E+02   0.33754E+00  -0.10032E+00
   0.40898E+03   0.29890E+02   0.26263E+02   0.33333E+00  -0.11629E+00
   0.40933E+03   0.29886E+02   0.26059E+02   0.32451E+00  -0.13396E+00
   0.40968E+03   0.29882E+02   0.25871E+02   0.32056E+00  -0.13695E+00
   0.41003E+03   0.29878E+02   0.25869E+02   0.31894E+00  -0.13116E+00
   0.41038E+03   0.29871E+02   0.25814E+02   0.31849E+00  -0.14085E+00
   0.41073E+03   0.29868E+02   0.25546E+02   0.32397E+00  -0.15890E+00
   0.41108E+03   0.29869E+02   0.25420E+02   0.32916E+00  -0.17035E+00
   0.41143E+03   0.29874E+02   0.25260E+02   0.32825E+00  -0.18513E+00
   0.41178E+03   0.29877E+02   0.25074E+02   0.32759E+00  -0.19683E+00
   0.41213E+03   0.29882E+02   0.25133E+02   0.33876E+00  -0.19651E+00
   0.41248E+03   0.29888E+02   0.25245E+02   0.34635E+00  -0.19791E+00
   0.41283E+03   0.29892E+02   0.25318E+02   0.34595E+00  -0.20266E+00
   0.41318E+03   0.29897E+02   0.25257E+02   0.35262E+00  -0.21412E+00
   0.41353E+03   0.29905E+02   0.25299E+02   0.36833E+00  -0.22017E+00
   0.41388E+03   0.29913E+02   0.25529E+02   0.37928E+00  -0.21727E+00
   0.41423E+03   0.29919E+02   0.25747E+02   0.37966E+00  -0.21885E+00
   0.41458E+03   0.29923E+02   0.25889E+02   0.38046E+00  -0.21877E+00
   0.41493E+03   0.29928E+02   0.25714E+02   0.38621E+00  -0.21773E+00
   0.41528E+03   0.29931E+02   0.25619E+02   0.39029E+00  -0.21838E+00
   0.41563E+03   0.29933E+02   0.25713E+02   0.39613E+00  -0.21697E+00
   0.41598E+03   0.29935E+02   0.26033E+02   0.40284E+00  -0.20898E+00
   0.41633E+03   0.29938E+02   0.26602E+02   0.40708E+00  -0.19707E+00
   0.41668E+03   0.29941E+02   0.26747E+02   0.40849E+00  -0.19314E+00
   0.41703E+03   0.29942E+02   0.26591E+02   0.40439E+00  -0.19235E+00
   0.41738E+03   0.29942E+02   0.26769E+02   0.40341E+00  -0.17512E+00
   0.41773E+03   0.29941E+02   0.27036E+02   0.40552E+00  -0.15774E+00
   0.41808E+03   0.29941E+02   0.26979E+02   0.40427E+00  -0.15125E+00
   0.41843E+03   0.29941E+02   0.26665E+02   0.39092E+00  -0.15235E+00
   0.41878E+03   0.29935E+02   0.26472E+02   0.37686E+00  -0.14885E+00
   0.41913E+03   0.29928E+02   0.26601E+02   0.37406E+00  -0.13226E+00
   0.41948E+03   0.29924E+02   0.26584E+02   0.36984E+00  -0.12651E+00
   0.41983E+03   0.29920E+02   0.26482E+02   0.36378E+00  -0.13527E+00
