          22
  0.175000000000000        1312500.00000000     
         477
  0.525000000000000        3937500.00000000     
         337
  0.875000000000000        6562500.00000000     
         350
   1.22500000000000        9187500.00000000     
         276
   1.57500000000000        11812500.0000000     
         143
   1.92500000000000        14437500.0000000     
         160
   2.27500000000000        17062500.0000000     
         469
   2.62500000000000        19687500.0000000     
         403
   2.97500000000000        22312500.0000000     
         290
   3.32500000000000        24937500.0000000     
         401
   3.67500000000000        27562500.0000000     
          49
   4.02500000000000        30187500.0000000     
         446
   4.37500000000000        32812500.0000000     
         534
   4.72500000000000        35437500.0000000     
         268
   5.07500000000000        38062500.0000000     
         499
   5.42500000000000        40687500.0000000     
         403
   5.77500000000000        43312500.0000000     
         254
   6.12500000000000        45937500.0000000     
         167
   6.47500000000000        48562500.0000000     
         149
   6.82500000000000        51187500.0000000     
         471
   7.17500000000000        53812500.0000000     
         154
   7.52500000000000        56437500.0000000     
         305
   7.87500000000000        59062500.0000000     
         219
   8.22500000000000        61687500.0000000     
         452
   8.57500000000000        64312500.0000000     
         397
   8.92500000000000        66937500.0000000     
         443
   9.27500000000000        69562500.0000000     
         451
   9.62499999999999        72187500.0000000     
          25
   9.97499999999999        74812500.0000000     
         304
   10.3250000000000        77437500.0000000     
         244
   10.6750000000000        80062500.0000000     
          32
   11.0250000000000        82687500.0000000     
         374
   11.3750000000000        85312499.9999999     
         105
   11.7250000000000        87937499.9999999     
         440
   12.0750000000000        90562499.9999999     
         270
   12.4250000000000        93187499.9999999     
         219
   12.7750000000000        95812499.9999999     
         345
   13.1250000000000        98437499.9999999     
         172
   13.4750000000000        101062500.000000     
         117
   13.8250000000000        103687500.000000     
         266
   14.1750000000000        106312500.000000     
         445
   14.5250000000000        108937500.000000     
         499
   14.8750000000000        111562500.000000     
         400
   15.2250000000000        114187500.000000     
         236
   15.5750000000000        116812500.000000     
          67
   15.9250000000000        119437500.000000     
         269
   16.2750000000000        122062500.000000     
         470
   16.6250000000000        124687500.000000     
         504
   16.9750000000000        127312500.000000     
         235
   17.3250000000000        129937500.000000     
          67
   17.6750000000000        132562500.000000     
         375
   18.0250000000000        135187500.000000     
         532
   18.3750000000000        137812500.000000     
         531
   18.7250000000000        140437500.000000     
         225
   19.0750000000000        143062500.000000     
         485
   19.4250000000000        145687500.000000     
          51
   19.7750000000000        148312500.000000     
         197
   20.1250000000000        150937500.000000     
         143
   20.4750000000000        153562500.000000     
         126
   20.8250000000000        156187500.000000     
         248
   21.1750000000000        158812500.000000     
         448
   21.5250000000000        161437500.000000     
         220
   21.8750000000000        164062500.000000     
         347
   22.2250000000000        166687500.000000     
           1
   22.5750000000000        169312500.000000     
         522
   22.9250000000000        171937500.000000     
          46
   23.2750000000000        174562500.000000     
          92
   23.6250000000000        177187500.000000     
         346
   23.9750000000000        179812500.000000     
         485
   24.3250000000000        182437500.000000     
         192
   24.6750000000000        185062500.000000     
         228
   25.0250000000000        187687500.000000     
         450
   25.3750000000000        190312500.000000     
         167
   25.7250000000000        192937500.000000     
          71
   26.0750000000000        195562500.000000     
         203
   26.4250000000000        198187500.000000     
         365
   26.7750000000000        200812500.000000     
         499
   27.1250000000000        203437500.000000     
         388
   27.4750000000000        206062500.000000     
         190
   27.8250000000000        208687500.000000     
         164
   28.1750000000000        211312500.000000     
         137
   28.5250000000000        213937500.000000     
         463
   28.8750000000000        216562500.000000     
         529
   29.2250000000000        219187500.000000     
         401
   29.5750000000000        221812500.000000     
         360
   29.9250000000000        224437500.000000     
           0
   30.2750000000000        227062500.000000     
          66
   30.6250000000000        229687500.000000     
         324
   30.9750000000001        232312500.000000     
         286
   31.3250000000001        234937500.000000     
          70
   31.6750000000001        237562500.000000     
          54
   32.0250000000001        240187500.000000     
         455
   32.3750000000001        242812500.000000     
         434
   32.7250000000001        245437500.000000     
          26
   33.0750000000001        248062500.000000     
         412
   33.4250000000001        250687500.000000     
         116
   33.7750000000001        253312500.000000     
         494
   34.1250000000001        255937500.000000     
          91
   34.4750000000001        258562500.000000     
         332
   34.8250000000001        261187500.000001     
         215
   35.1750000000001        263812500.000001     
         376
   35.5250000000001        266437500.000001     
          61
   35.8750000000001        269062500.000001     
         484
   36.2250000000001        271687500.000001     
         338
   36.5750000000001        274312500.000001     
          76
   36.9250000000001        276937500.000001     
         252
   37.2750000000001        279562500.000001     
         270
   37.6250000000001        282187500.000001     
         256
   37.9750000000001        284812500.000001     
          40
   38.3250000000001        287437500.000001     
         520
   38.6750000000001        290062500.000001     
          32
   39.0250000000001        292687500.000001     
         487
   39.3750000000001        295312500.000001     
         515
   39.7250000000001        297937500.000001     
         412
   40.0750000000001        300562500.000001     
         515
   40.4250000000001        303187500.000001     
         520
   40.7750000000001        305812500.000001     
         212
   41.1250000000001        308437500.000001     
          18
   41.4750000000001        311062500.000001     
         147
   41.8250000000001        313687500.000001     
          61
   42.1750000000001        316312500.000001     
         499
   42.5250000000001        318937500.000001     
         347
   42.8750000000001        321562500.000001     
         529
   43.2250000000001        324187500.000001     
         195
   43.5750000000001        326812500.000001     
          92
   43.9250000000001        329437500.000001     
         364
   44.2750000000001        332062500.000001     
         143
   44.6250000000001        334687500.000001     
           5
   44.9750000000001        337312500.000001     
          31
   45.3250000000001        339937500.000001     
         373
   45.6750000000001        342562500.000001     
         492
   46.0250000000001        345187500.000001     
         115
   46.3750000000001        347812500.000001     
         178
   46.7250000000001        350437500.000001     
           4
   47.0750000000001        353062500.000001     
         467
   47.4250000000001        355687500.000001     
         179
   47.7750000000001        358312500.000001     
          18
   48.1250000000001        360937500.000001     
         337
   48.4750000000001        363562500.000001     
         209
   48.8250000000001        366187500.000001     
         511
   49.1750000000001        368812500.000001     
          33
   49.5250000000001        371437500.000001     
          48
   49.8750000000001        374062500.000001     
         340
   50.2250000000001        376687500.000001     
          16
   50.5750000000001        379312500.000001     
         420
   50.9250000000001        381937500.000001     
         355
   51.2750000000001        384562500.000001     
         139
   51.6250000000001        387187500.000001     
         246
   51.9750000000001        389812500.000001     
          55
   52.3250000000001        392437500.000001     
         121
   52.6750000000001        395062500.000001     
          31
   53.0250000000001        397687500.000001     
          35
   53.3750000000001        400312500.000001     
           4
   53.7250000000001        402937500.000001     
         152
   54.0750000000001        405562500.000001     
         125
   54.4250000000001        408187500.000001     
         393
   54.7750000000001        410812500.000001     
          73
   55.1250000000001        413437500.000001     
         191
   55.4750000000002        416062500.000001     
         174
   55.8250000000002        418687500.000001     
         511
   56.1750000000002        421312500.000001     
           0
   56.5250000000002        423937500.000001     
          60
   56.8750000000002        426562500.000001     
         290
   57.2250000000002        429187500.000001     
          20
   57.5750000000002        431812500.000001     
         130
   57.9250000000002        434437500.000001     
         540
   58.2750000000002        437062500.000001     
         144
   58.6250000000002        439687500.000001     
          67
   58.9750000000002        442312500.000001     
         466
   59.3250000000002        444937500.000001     
         401
   59.6750000000002        447562500.000001     
         446
   60.0250000000002        450187500.000001     
         498
   60.3750000000002        452812500.000001     
         168
   60.7250000000002        455437500.000001     
         198
   61.0750000000002        458062500.000001     
           9
   61.4250000000002        460687500.000001     
          28
   61.7750000000002        463312500.000001     
         381
   62.1250000000002        465937500.000001     
         220
   62.4750000000002        468562500.000001     
         254
   62.8250000000002        471187500.000001     
         121
   63.1750000000002        473812500.000001     
          33
   63.5250000000002        476437500.000001     
         151
   63.8750000000002        479062500.000001     
         418
   64.2250000000002        481687500.000001     
         448
   64.5750000000002        484312500.000001     
         489
   64.9250000000002        486937500.000001     
         114
   65.2750000000002        489562500.000001     
         332
   65.6250000000002        492187500.000001     
         308
   65.9750000000002        494812500.000001     
         487
   66.3250000000001        497437500.000001     
         348
   66.6750000000001        500062500.000001     
         332
   67.0250000000001        502687500.000001     
         231
   67.3750000000001        505312500.000001     
         218
   67.7250000000001        507937500.000001     
          89
   68.0750000000001        510562500.000001     
         123
   68.4250000000001        513187500.000001     
         184
   68.7750000000001        515812500.000001     
         100
   69.1250000000001        518437500.000001     
          90
   69.4750000000001        521062500.000001     
          28
   69.8250000000001        523687500.000001     
         439
   70.1750000000001        526312500.000001     
         296
   70.5250000000001        528937500.000001     
         494
   70.8750000000001        531562500.000001     
          70
   71.2250000000001        534187500.000000     
          10
   71.5750000000001        536812500.000000     
         331
   71.9250000000001        539437500.000000     
         214
   72.2750000000000        542062500.000000     
          22
   72.6250000000000        544687500.000000     
         222
   72.9750000000000        547312500.000000     
         145
   73.3250000000000        549937500.000000     
         372
   73.6750000000000        552562500.000000     
         375
   74.0250000000000        555187500.000000     
          57
   74.3750000000000        557812500.000000     
         519
   74.7250000000000        560437500.000000     
          78
   75.0750000000000        563062500.000000     
         373
   75.4250000000000        565687500.000000     
         212
   75.7750000000000        568312500.000000     
          97
   76.1250000000000        570937500.000000     
         454
   76.4750000000000        573562500.000000     
         474
   76.8250000000000        576187500.000000     
         211
   77.1750000000000        578812500.000000     
         303
   77.5250000000000        581437500.000000     
         417
   77.8750000000000        584062500.000000     
          56
   78.2250000000000        586687500.000000     
         421
   78.5749999999999        589312500.000000     
         138
   78.9249999999999        591937500.000000     
         165
   79.2749999999999        594562500.000000     
         207
   79.6249999999999        597187500.000000     
         454
   79.9749999999999        599812499.999999     
         440
   80.3249999999999        602437499.999999     
         212
   80.6749999999999        605062499.999999     
         153
   81.0249999999999        607687499.999999     
         509
   81.3749999999999        610312499.999999     
         429
   81.7249999999999        612937499.999999     
         157
   82.0749999999999        615562499.999999     
          10
   82.4249999999999        618187499.999999     
          18
   82.7749999999999        620812499.999999     
         486
   83.1249999999999        623437499.999999     
         479
   83.4749999999999        626062499.999999     
         309
   83.8249999999999        628687499.999999     
         473
   84.1749999999999        631312499.999999     
          28
   84.5249999999998        633937499.999999     
         254
   84.8749999999998        636562499.999999     
         460
   85.2249999999998        639187499.999999     
         501
   85.5749999999998        641812499.999999     
         525
   85.9249999999998        644437499.999999     
         379
   86.2749999999998        647062499.999999     
         174
   86.6249999999998        649687499.999999     
          95
   86.9749999999998        652312499.999999     
         394
   87.3249999999998        654937499.999999     
         245
   87.6749999999998        657562499.999998     
          75
   88.0249999999998        660187499.999998     
         181
   88.3749999999998        662812499.999998     
          66
   88.7249999999998        665437499.999998     
         304
   89.0749999999998        668062499.999998     
          49
   89.4249999999998        670687499.999998     
         494
   89.7749999999998        673312499.999998     
           6
   90.1249999999998        675937499.999998     
         300
   90.4749999999998        678562499.999998     
         189
   90.8249999999997        681187499.999998     
         155
   91.1749999999997        683812499.999998     
         382
   91.5249999999997        686437499.999998     
         223
   91.8749999999997        689062499.999998     
         445
   92.2249999999997        691687499.999998     
         133
   92.5749999999997        694312499.999998     
         276
   92.9249999999997        696937499.999998     
         373
   93.2749999999997        699562499.999998     
         137
   93.6249999999997        702187499.999998     
         203
   93.9749999999997        704812499.999998     
         429
   94.3249999999997        707437499.999998     
         282
   94.6749999999997        710062499.999998     
         113
   95.0249999999997        712687499.999998     
         537
   95.3749999999997        715312499.999997     
         308
   95.7249999999997        717937499.999997     
         293
   96.0749999999997        720562499.999997     
          85
   96.4249999999997        723187499.999997     
          27
   96.7749999999997        725812499.999997     
         349
   97.1249999999996        728437499.999997     
          98
   97.4749999999996        731062499.999997     
         290
   97.8249999999996        733687499.999997     
         346
   98.1749999999996        736312499.999997     
         174
   98.5249999999996        738937499.999997     
         385
   98.8749999999996        741562499.999997     
          74
   99.2249999999996        744187499.999997     
         500
   99.5749999999996        746812499.999997     
         420
   99.9249999999996        749437499.999997     
         153
   100.275000000000        752062499.999997     
         324
   100.625000000000        754687499.999997     
         538
   100.975000000000        757312499.999997     
           3
   101.325000000000        759937499.999997     
           3
   101.675000000000        762562499.999997     
         175
   102.025000000000        765187499.999997     
         386
   102.375000000000        767812499.999997     
         195
   102.725000000000        770437499.999997     
         185
   103.075000000000        773062499.999997     
         378
   103.425000000000        775687499.999997     
         299
   103.775000000000        778312499.999997     
         121
   104.125000000000        780937499.999996     
         209
   104.475000000000        783562499.999996     
         208
   104.825000000000        786187499.999996     
          54
   105.175000000000        788812499.999996     
         400
   105.525000000000        791437499.999996     
          15
   105.875000000000        794062499.999996     
         395
   106.224999999999        796687499.999996     
         274
   106.574999999999        799312499.999996     
         352
   106.924999999999        801937499.999996     
         154
   107.274999999999        804562499.999996     
         386
   107.624999999999        807187499.999996     
          57
   107.974999999999        809812499.999996     
         374
   108.324999999999        812437499.999996     
         173
   108.674999999999        815062499.999996     
         452
   109.024999999999        817687499.999996     
         123
   109.374999999999        820312499.999996     
         413
   109.724999999999        822937499.999996     
         349
   110.074999999999        825562499.999996     
         480
   110.424999999999        828187499.999996     
         398
   110.774999999999        830812499.999996     
         503
   111.124999999999        833437499.999996     
         212
   111.474999999999        836062499.999996     
         268
   111.824999999999        838687499.999996     
         155
   112.174999999999        841312499.999995     
         497
   112.524999999999        843937499.999995     
          69
   112.874999999999        846562499.999995     
         514
   113.224999999999        849187499.999995     
         177
   113.574999999999        851812499.999995     
         509
   113.924999999999        854437499.999995     
         365
   114.274999999999        857062499.999995     
         389
   114.624999999999        859687499.999995     
          44
   114.974999999999        862312499.999995     
          32
   115.324999999999        864937499.999995     
         386
   115.674999999999        867562499.999995     
         155
   116.024999999999        870187499.999995     
         519
   116.374999999999        872812499.999995     
         475
   116.724999999999        875437499.999995     
         182
   117.074999999999        878062499.999995     
         455
   117.424999999999        880687499.999995     
         225
   117.774999999999        883312499.999995     
         425
   118.124999999999        885937499.999995     
         406
   118.474999999999        888562499.999995     
         258
   118.824999999999        891187499.999995     
         306
   119.174999999999        893812499.999995     
         131
   119.524999999999        896437499.999995     
          90
   119.874999999999        899062499.999995     
         274
   120.224999999999        901687499.999995     
         531
   120.574999999999        904312499.999995     
         526
   120.924999999999        906937499.999994     
         401
   121.274999999999        909562499.999994     
         321
   121.624999999999        912187499.999994     
         502
   121.974999999999        914812499.999994     
         445
   122.324999999999        917437499.999994     
          63
   122.674999999999        920062499.999994     
          91
   123.024999999999        922687499.999994     
         175
   123.374999999999        925312499.999994     
         252
   123.724999999999        927937499.999994     
         466
   124.074999999999        930562499.999994     
          43
   124.424999999999        933187499.999994     
          83
   124.774999999999        935812499.999994     
           3
   125.124999999999        938437499.999994     
         339
   125.474999999999        941062499.999994     
          96
   125.824999999999        943687499.999994     
         532
   126.174999999999        946312499.999994     
         184
   126.524999999999        948937499.999994     
         523
   126.874999999999        951562499.999994     
         278
   127.224999999999        954187499.999994     
         447
   127.574999999999        956812499.999994     
         134
   127.924999999999        959437499.999994     
         421
   128.274999999999        962062499.999993     
         162
   128.624999999999        964687499.999993     
         137
   128.974999999999        967312499.999993     
         159
   129.324999999999        969937499.999993     
           4
   129.674999999999        972562499.999993     
         148
   130.024999999999        975187499.999993     
         385
   130.374999999999        977812499.999993     
         245
   130.724999999999        980437499.999993     
         210
   131.074999999999        983062499.999993     
         383
   131.424999999999        985687499.999993     
          92
   131.774999999999        988312499.999993     
         372
   132.124999999999        990937499.999993     
         262
   132.474999999999        993562499.999993     
          42
   132.824999999999        996187499.999993     
         182
   133.174999999999        998812499.999993     
          17
   133.524999999999        1001437499.99999     
         353
   133.874999999999        1004062499.99999     
         486
   134.224999999999        1006687499.99999     
         211
   134.574999999999        1009312499.99999     
         459
   134.924999999999        1011937499.99999     
         231
   135.274999999999        1014562499.99999     
         296
   135.624999999999        1017187499.99999     
         218
   135.974999999999        1019812499.99999     
         435
   136.324999999999        1022437499.99999     
         310
   136.674999999999        1025062499.99999     
         513
   137.024999999999        1027687499.99999     
         437
   137.374999999999        1030312499.99999     
          94
   137.724999999999        1032937499.99999     
         508
   138.074999999999        1035562499.99999     
         516
   138.424999999999        1038187499.99999     
         347
   138.774999999999        1040812499.99999     
         114
   139.124999999999        1043437499.99999     
         502
   139.474999999999        1046062499.99999     
         378
   139.824999999999        1048687499.99999     
         532
   140.174999999999        1051312499.99999     
         291
   140.524999999999        1053937499.99999     
         315
   140.874999999999        1056562499.99999     
         483
   141.224999999999        1059187499.99999     
         201
   141.574999999999        1061812499.99999     
         393
   141.924999999999        1064437499.99999     
         406
   142.274999999999        1067062499.99999     
         527
   142.624999999999        1069687499.99999     
           9
   142.974999999999        1072312499.99999     
         471
   143.324999999999        1074937499.99999     
         376
   143.674999999999        1077562499.99999     
         189
   144.024999999999        1080187499.99999     
         437
   144.374999999999        1082812499.99999     
         221
   144.724999999999        1085437499.99999     
         315
   145.074999999999        1088062499.99999     
         270
   145.424999999999        1090687499.99999     
          86
   145.774999999999        1093312499.99999     
         477
   146.124999999999        1095937499.99999     
         302
   146.474999999999        1098562499.99999     
          93
   146.824999999999        1101187499.99999     
         230
   147.174999999999        1103812499.99999     
          55
   147.524999999999        1106437499.99999     
         103
   147.874999999999        1109062499.99999     
         320
   148.224999999999        1111687499.99999     
         276
   148.574999999999        1114312499.99999     
         420
   148.924999999999        1116937499.99999     
         176
   149.274999999999        1119562499.99999     
         307
   149.624999999999        1122187499.99999     
         529
   149.974999999999        1124812499.99999     
         233
   150.324999999999        1127437499.99999     
         413
   150.674999999999        1130062499.99999     
         370
   151.024999999999        1132687499.99999     
         447
   151.374999999999        1135312499.99999     
         423
   151.724999999999        1137937499.99999     
         363
   152.074999999999        1140562499.99999     
         347
   152.424999999999        1143187499.99999     
         400
   152.774999999999        1145812499.99999     
         119
   153.124999999999        1148437499.99999     
         164
   153.474999999999        1151062499.99999     
         505
   153.824999999999        1153687499.99999     
         305
   154.174999999999        1156312499.99999     
         126
   154.524999999999        1158937499.99999     
         428
   154.874999999999        1161562499.99999     
         168
   155.224999999999        1164187499.99999     
         119
   155.574999999999        1166812499.99999     
         274
   155.924999999999        1169437499.99999     
          63
   156.274999999999        1172062499.99999     
          76
   156.624999999999        1174687499.99999     
         136
   156.974999999999        1177312499.99999     
          43
   157.324999999999        1179937499.99999     
         459
   157.674999999999        1182562499.99999     
         314
   158.024999999999        1185187499.99999     
         506
   158.374999999999        1187812499.99999     
         461
   158.724999999999        1190437499.99999     
         438
   159.074999999999        1193062499.99999     
         261
   159.424999999999        1195687499.99999     
         220
   159.774999999999        1198312499.99999     
         359
   160.124999999999        1200937499.99999     
          61
   160.474999999999        1203562499.99999     
         213
   160.824999999999        1206187499.99999     
          83
   161.174999999999        1208812499.99999     
          36
   161.524999999999        1211437499.99999     
         296
   161.874999999999        1214062499.99999     
         374
   162.224999999999        1216687499.99999     
          98
   162.574999999999        1219312499.99999     
         363
   162.924999999999        1221937499.99999     
         388
   163.274999999999        1224562499.99999     
          93
   163.624999999999        1227187499.99999     
         232
   163.974999999999        1229812499.99999     
         340
   164.324999999999        1232437499.99999     
         391
   164.674999999999        1235062499.99999     
         244
   165.024999999999        1237687499.99999     
         312
   165.374999999999        1240312499.99999     
         395
   165.724999999999        1242937499.99999     
          23
   166.074999999999        1245562499.99999     
         524
   166.424999999999        1248187499.99999     
         342
   166.774999999998        1250812499.99999     
         441
   167.124999999998        1253437499.99999     
         256
   167.474999999998        1256062499.99999     
         340
   167.824999999998        1258687499.99999     
         157
   168.174999999998        1261312499.99999     
         200
   168.524999999998        1263937499.99999     
         363
   168.874999999998        1266562499.99999     
         441
   169.224999999998        1269187499.99999     
          71
   169.574999999998        1271812499.99999     
         250
   169.924999999998        1274437499.99999     
         179
   170.274999999998        1277062499.99999     
         204
   170.624999999998        1279687499.99999     
         246
   170.974999999998        1282312499.99999     
         128
   171.324999999998        1284937499.99999     
         497
   171.674999999998        1287562499.99999     
         226
   172.024999999998        1290187499.99999     
         374
   172.374999999998        1292812499.99999     
         133
   172.724999999998        1295437499.99999     
         441
   173.074999999998        1298062499.99999     
         386
   173.424999999998        1300687499.99999     
         384
   173.774999999998        1303312499.99999     
         371
   174.124999999998        1305937499.99999     
         432
   174.474999999998        1308562499.99999     
         388
   174.824999999998        1311187499.99999     
         426
   175.174999999998        1313812499.99999     
         364
   175.524999999998        1316437499.99999     
          72
   175.874999999998        1319062499.99999     
         426
   176.224999999998        1321687499.99999     
         135
   176.574999999998        1324312499.99999     
         105
   176.924999999998        1326937499.99999     
         384
   177.274999999998        1329562499.99999     
         496
   177.624999999998        1332187499.99999     
         411
   177.974999999998        1334812499.99999     
         305
   178.324999999998        1337437499.99999     
         408
   178.674999999998        1340062499.99999     
         463
   179.024999999998        1342687499.99999     
         532
   179.374999999998        1345312499.99999     
         251
   179.724999999998        1347937499.99999     
          55
   180.074999999998        1350562499.99999     
          42
   180.424999999998        1353187499.99999     
         106
   180.774999999998        1355812499.99999     
         371
   181.124999999998        1358437499.99999     
         528
   181.474999999998        1361062499.99999     
          76
   181.824999999998        1363687499.99999     
          28
   182.174999999998        1366312499.99999     
         334
   182.524999999998        1368937499.99999     
          81
   182.874999999998        1371562499.99999     
         101
   183.224999999998        1374187499.99999     
         466
   183.574999999998        1376812499.99999     
         128
   183.924999999998        1379437499.99999     
         347
   184.274999999998        1382062499.99999     
         500
   184.624999999998        1384687499.99999     
         262
   184.974999999998        1387312499.99999     
         159
   185.324999999998        1389937499.99999     
          77
   185.674999999998        1392562499.99999     
         143
   186.024999999998        1395187499.99999     
         209
   186.374999999998        1397812499.99999     
          23
   186.724999999998        1400437499.99999     
         301
   187.074999999998        1403062499.99999     
         382
   187.424999999998        1405687499.99999     
         189
   187.774999999998        1408312499.99999     
         376
   188.124999999998        1410937499.99999     
         483
   188.474999999998        1413562499.99999     
         103
   188.824999999998        1416187499.99999     
         504
   189.174999999998        1418812499.99999     
         122
   189.524999999998        1421437499.99999     
         216
   189.874999999998        1424062499.99999     
         228
   190.224999999998        1426687499.99999     
         296
   190.574999999998        1429312499.99999     
         169
   190.924999999998        1431937499.99999     
          45
   191.274999999998        1434562499.99999     
         168
   191.624999999998        1437187499.99999     
         257
   191.974999999998        1439812499.99999     
         352
   192.324999999998        1442437499.99999     
         524
   192.674999999998        1445062499.99999     
         444
   193.024999999998        1447687499.99999     
         217
   193.374999999998        1450312499.99999     
           6
   193.724999999998        1452937499.99999     
         371
   194.074999999998        1455562499.99999     
         290
   194.424999999998        1458187499.99999     
         437
   194.774999999998        1460812499.99999     
          69
   195.124999999998        1463437499.99999     
         171
   195.474999999998        1466062499.99999     
         224
   195.824999999998        1468687499.99999     
          10
   196.174999999998        1471312499.99999     
         484
   196.524999999998        1473937499.99999     
         517
   196.874999999998        1476562499.99998     
         312
   197.224999999998        1479187499.99998     
         254
   197.574999999998        1481812499.99998     
         514
   197.924999999998        1484437499.99998     
          40
   198.274999999998        1487062499.99998     
         473
   198.624999999998        1489687499.99998     
         175
   198.974999999998        1492312499.99998     
         303
   199.324999999998        1494937499.99998     
         393
   199.674999999998        1497562499.99998     
           5
   200.024999999998        1500187499.99998     
         288
   200.374999999998        1502812499.99998     
          93
   200.724999999998        1505437499.99998     
         161
   201.074999999998        1508062499.99998     
         474
   201.424999999998        1510687499.99998     
         410
   201.774999999998        1513312499.99998     
         226
   202.124999999998        1515937499.99998     
         517
   202.474999999998        1518562499.99998     
         402
   202.824999999998        1521187499.99998     
         327
   203.174999999998        1523812499.99998     
         450
   203.524999999998        1526437499.99998     
          83
   203.874999999998        1529062499.99998     
         297
   204.224999999998        1531687499.99998     
         250
   204.574999999998        1534312499.99998     
         117
   204.924999999998        1536937499.99998     
         393
   205.274999999998        1539562499.99998     
          38
   205.624999999998        1542187499.99998     
         412
   205.974999999998        1544812499.99998     
         109
   206.324999999998        1547437499.99998     
         190
   206.674999999998        1550062499.99998     
         344
   207.024999999998        1552687499.99998     
         459
   207.374999999998        1555312499.99998     
          25
   207.724999999998        1557937499.99998     
         369
   208.074999999998        1560562499.99998     
         193
   208.424999999998        1563187499.99998     
          13
   208.774999999998        1565812499.99998     
         446
   209.124999999998        1568437499.99998     
         336
   209.474999999998        1571062499.99998     
         131
   209.824999999998        1573687499.99998     
         413
   210.174999999998        1576312499.99998     
         203
   210.524999999998        1578937499.99998     
         256
   210.874999999998        1581562499.99998     
         153
   211.224999999998        1584187499.99998     
         431
   211.574999999998        1586812499.99998     
         209
   211.924999999998        1589437499.99998     
         232
   212.274999999998        1592062499.99998     
         201
   212.624999999998        1594687499.99998     
         380
   212.974999999998        1597312499.99998     
          96
   213.324999999998        1599937499.99998     
         211
   213.674999999998        1602562499.99998     
         441
   214.024999999998        1605187499.99998     
         356
   214.374999999998        1607812499.99998     
          94
   214.724999999998        1610437499.99998     
         227
   215.074999999998        1613062499.99998     
          91
   215.424999999998        1615687499.99998     
         134
   215.774999999998        1618312499.99998     
         159
   216.124999999998        1620937499.99998     
         133
   216.474999999998        1623562499.99998     
         265
   216.824999999998        1626187499.99998     
         334
   217.174999999998        1628812499.99998     
         289
   217.524999999998        1631437499.99998     
         377
   217.874999999998        1634062499.99998     
         299
   218.224999999998        1636687499.99998     
         116
   218.574999999998        1639312499.99998     
         438
   218.924999999998        1641937499.99998     
         312
   219.274999999998        1644562499.99998     
          97
   219.624999999998        1647187499.99998     
           2
   219.974999999998        1649812499.99998     
          13
   220.324999999998        1652437499.99998     
         124
   220.674999999998        1655062499.99998     
         266
   221.024999999998        1657687499.99998     
         271
   221.374999999998        1660312499.99998     
         361
   221.724999999998        1662937499.99998     
         508
   222.074999999998        1665562499.99998     
          59
   222.424999999998        1668187499.99998     
         387
   222.774999999998        1670812499.99998     
         242
   223.124999999998        1673437499.99998     
         437
   223.474999999998        1676062499.99998     
         484
   223.824999999998        1678687499.99998     
         129
   224.174999999998        1681312499.99998     
         428
   224.524999999998        1683937499.99998     
         326
   224.874999999998        1686562499.99998     
         206
   225.224999999998        1689187499.99998     
         162
   225.574999999998        1691812499.99998     
         531
   225.924999999998        1694437499.99998     
         366
   226.274999999998        1697062499.99998     
         465
   226.624999999998        1699687499.99998     
         129
   226.974999999998        1702312499.99998     
         417
   227.324999999998        1704937499.99998     
         236
   227.674999999998        1707562499.99998     
         102
   228.024999999998        1710187499.99998     
          36
   228.374999999997        1712812499.99998     
         422
   228.724999999997        1715437499.99998     
         460
   229.074999999997        1718062499.99998     
         452
   229.424999999997        1720687499.99998     
         141
   229.774999999997        1723312499.99998     
         239
   230.124999999997        1725937499.99998     
         266
   230.474999999997        1728562499.99998     
         129
   230.824999999997        1731187499.99998     
          57
   231.174999999997        1733812499.99998     
         471
   231.524999999997        1736437499.99998     
         209
   231.874999999997        1739062499.99998     
         536
   232.224999999997        1741687499.99998     
         245
   232.574999999997        1744312499.99998     
         179
   232.924999999997        1746937499.99998     
         271
   233.274999999997        1749562499.99998     
         497
   233.624999999997        1752187499.99998     
         368
   233.974999999997        1754812499.99998     
         231
   234.324999999997        1757437499.99998     
         224
   234.674999999997        1760062499.99998     
         331
   235.024999999997        1762687499.99998     
          13
   235.374999999997        1765312499.99998     
         351
   235.724999999997        1767937499.99998     
         323
   236.074999999997        1770562499.99998     
         198
   236.424999999997        1773187499.99998     
         411
   236.774999999997        1775812499.99998     
         264
   237.124999999997        1778437499.99998     
           0
   237.474999999997        1781062499.99998     
         217
   237.824999999997        1783687499.99998     
         241
   238.174999999997        1786312499.99998     
          83
   238.524999999997        1788937499.99998     
         189
   238.874999999997        1791562499.99998     
         502
   239.224999999997        1794187499.99998     
         208
   239.574999999997        1796812499.99998     
         221
   239.924999999997        1799437499.99998     
         249
   240.274999999997        1802062499.99998     
         465
   240.624999999997        1804687499.99998     
          42
   240.974999999997        1807312499.99998     
          29
   241.324999999997        1809937499.99998     
         264
   241.674999999997        1812562499.99998     
         177
   242.024999999997        1815187499.99998     
         218
   242.374999999997        1817812499.99998     
         330
   242.724999999997        1820437499.99998     
          51
   243.074999999997        1823062499.99998     
          62
   243.424999999997        1825687499.99998     
         151
   243.774999999997        1828312499.99998     
         128
   244.124999999997        1830937499.99998     
         487
   244.474999999997        1833562499.99998     
         128
   244.824999999997        1836187499.99998     
         198
   245.174999999997        1838812499.99998     
         358
   245.524999999997        1841437499.99998     
         323
   245.874999999997        1844062499.99998     
         151
   246.224999999997        1846687499.99998     
         458
   246.574999999997        1849312499.99998     
         260
   246.924999999997        1851937499.99998     
          42
   247.274999999997        1854562499.99998     
         268
   247.624999999997        1857187499.99998     
         220
   247.974999999997        1859812499.99998     
         260
   248.324999999997        1862437499.99998     
         240
   248.674999999997        1865062499.99998     
          38
   249.024999999997        1867687499.99998     
         325
   249.374999999997        1870312499.99998     
         463
   249.724999999997        1872937499.99998     
         470
   250.074999999997        1875562499.99998     
         426
   250.424999999997        1878187499.99998     
         411
   250.774999999997        1880812499.99998     
          64
   251.124999999997        1883437499.99998     
         483
   251.474999999997        1886062499.99998     
         313
   251.824999999997        1888687499.99998     
         387
   252.174999999997        1891312499.99998     
          94
   252.524999999997        1893937499.99998     
         505
   252.874999999997        1896562499.99998     
         433
   253.224999999997        1899187499.99998     
         529
   253.574999999997        1901812499.99998     
         197
   253.924999999997        1904437499.99998     
          13
   254.274999999997        1907062499.99998     
          45
   254.624999999997        1909687499.99998     
         378
   254.974999999997        1912312499.99998     
         470
   255.324999999997        1914937499.99998     
         466
   255.674999999997        1917562499.99998     
         245
   256.024999999997        1920187499.99998     
         132
   256.374999999997        1922812499.99998     
         425
   256.724999999997        1925437499.99998     
         203
   257.074999999997        1928062499.99998     
         532
   257.424999999997        1930687499.99998     
         468
   257.774999999997        1933312499.99998     
         509
   258.124999999997        1935937499.99998     
         302
   258.474999999997        1938562499.99998     
          25
   258.824999999997        1941187499.99998     
         249
   259.174999999997        1943812499.99998     
         364
   259.524999999997        1946437499.99998     
         477
   259.874999999997        1949062499.99998     
         318
   260.224999999997        1951687499.99998     
         440
   260.574999999997        1954312499.99998     
          37
   260.924999999997        1956937499.99998     
         514
   261.274999999997        1959562499.99998     
         508
   261.624999999997        1962187499.99998     
          16
   261.974999999997        1964812499.99998     
         230
   262.324999999997        1967437499.99998     
          52
   262.674999999998        1970062499.99998     
         433
   263.024999999998        1972687499.99998     
         153
   263.374999999998        1975312499.99998     
         326
   263.724999999998        1977937499.99998     
         253
   264.074999999998        1980562499.99998     
         381
   264.424999999998        1983187499.99998     
         322
   264.774999999998        1985812499.99998     
         245
   265.124999999998        1988437499.99998     
          62
   265.474999999998        1991062499.99998     
         508
   265.824999999998        1993687499.99998     
         144
   266.174999999998        1996312499.99998     
          82
   266.524999999998        1998937499.99998     
         240
   266.874999999998        2001562499.99998     
         186
   267.224999999998        2004187499.99998     
         513
   267.574999999998        2006812499.99998     
         411
   267.924999999998        2009437499.99998     
         494
   268.274999999998        2012062499.99998     
         484
   268.624999999998        2014687499.99998     
         138
   268.974999999998        2017312499.99998     
         355
   269.324999999998        2019937499.99998     
          17
   269.674999999998        2022562499.99998     
         529
   270.024999999998        2025187499.99998     
         186
   270.374999999998        2027812499.99998     
         491
   270.724999999998        2030437499.99999     
          78
   271.074999999998        2033062499.99999     
         464
   271.424999999998        2035687499.99999     
         470
   271.774999999998        2038312499.99999     
         238
   272.124999999998        2040937499.99999     
          16
   272.474999999998        2043562499.99999     
         106
   272.824999999998        2046187499.99999     
         265
   273.174999999998        2048812499.99999     
         492
   273.524999999998        2051437499.99999     
         520
   273.874999999998        2054062499.99999     
         374
   274.224999999998        2056687499.99999     
         534
   274.574999999998        2059312499.99999     
         144
   274.924999999998        2061937499.99999     
         101
   275.274999999998        2064562499.99999     
         319
   275.624999999998        2067187499.99999     
         177
   275.974999999998        2069812499.99999     
         454
   276.324999999998        2072437499.99999     
         413
   276.674999999998        2075062499.99999     
         324
   277.024999999998        2077687499.99999     
         128
   277.374999999998        2080312499.99999     
          28
   277.724999999998        2082937499.99999     
         500
   278.074999999999        2085562499.99999     
         254
   278.424999999999        2088187499.99999     
         358
   278.774999999999        2090812499.99999     
          15
   279.124999999999        2093437499.99999     
         168
   279.474999999999        2096062499.99999     
          43
   279.824999999999        2098687499.99999     
         340
   280.174999999999        2101312499.99999     
          86
   280.524999999999        2103937499.99999     
         257
   280.874999999999        2106562499.99999     
          79
   281.224999999999        2109187499.99999     
          12
   281.574999999999        2111812499.99999     
         357
   281.924999999999        2114437499.99999     
         292
   282.274999999999        2117062499.99999     
         357
   282.624999999999        2119687499.99999     
         157
   282.974999999999        2122312499.99999     
         457
   283.324999999999        2124937499.99999     
         159
   283.674999999999        2127562499.99999     
         345
   284.024999999999        2130187499.99999     
         182
   284.374999999999        2132812499.99999     
         478
   284.724999999999        2135437499.99999     
         162
   285.074999999999        2138062499.99999     
         407
   285.424999999999        2140687499.99999     
         528
   285.774999999999        2143312499.99999     
          89
   286.124999999999        2145937499.99999     
         133
   286.474999999999        2148562499.99999     
         490
   286.824999999999        2151187499.99999     
         486
   287.174999999999        2153812499.99999     
         482
   287.524999999999        2156437499.99999     
         372
   287.874999999999        2159062499.99999     
         163
   288.224999999999        2161687499.99999     
          22
   288.574999999999        2164312499.99999     
         487
   288.924999999999        2166937499.99999     
         466
   289.274999999999        2169562499.99999     
         511
   289.624999999999        2172187499.99999     
         263
   289.974999999999        2174812499.99999     
         133
   290.324999999999        2177437499.99999     
         399
   290.674999999999        2180062499.99999     
         433
   291.024999999999        2182687500.00000     
         240
   291.374999999999        2185312500.00000     
         262
   291.724999999999        2187937500.00000     
         167
   292.074999999999        2190562500.00000     
         386
   292.424999999999        2193187500.00000     
         290
   292.774999999999        2195812500.00000     
         358
   293.124999999999        2198437500.00000     
         422
   293.475000000000        2201062500.00000     
         424
   293.825000000000        2203687500.00000     
          44
   294.175000000000        2206312500.00000     
         457
   294.525000000000        2208937500.00000     
         235
   294.875000000000        2211562500.00000     
         540
   295.225000000000        2214187500.00000     
         106
   295.575000000000        2216812500.00000     
         373
   295.925000000000        2219437500.00000     
         198
   296.275000000000        2222062500.00000     
         478
   296.625000000000        2224687500.00000     
         324
   296.975000000000        2227312500.00000     
         499
   297.325000000000        2229937500.00000     
         515
   297.675000000000        2232562500.00000     
         148
   298.025000000000        2235187500.00000     
         238
   298.375000000000        2237812500.00000     
         510
   298.725000000000        2240437500.00000     
         208
   299.075000000000        2243062500.00000     
          86
   299.425000000000        2245687500.00000     
         416
   299.775000000000        2248312500.00000     
         410
   300.125000000000        2250937500.00000     
         494
   300.475000000000        2253562500.00000     
         251
   300.825000000000        2256187500.00000     
         387
   301.175000000000        2258812500.00000     
         282
   301.525000000000        2261437500.00000     
         447
   301.875000000000        2264062500.00000     
          46
   302.225000000000        2266687500.00000     
         286
   302.575000000000        2269312500.00000     
         326
   302.925000000000        2271937500.00000     
         464
   303.275000000000        2274562500.00000     
         109
   303.625000000000        2277187500.00000     
         459
   303.975000000000        2279812500.00000     
         473
   304.325000000000        2282437500.00000     
          97
   304.675000000000        2285062500.00000     
         278
   305.025000000000        2287687500.00000     
           7
   305.375000000000        2290312500.00000     
         465
   305.725000000000        2292937500.00000     
         200
   306.075000000000        2295562500.00000     
         478
   306.425000000000        2298187500.00000     
          34
   306.775000000000        2300812500.00000     
          82
   307.125000000000        2303437500.00000     
         436
   307.475000000000        2306062500.00000     
         268
   307.825000000000        2308687500.00000     
         382
   308.175000000000        2311312500.00000     
         396
   308.525000000000        2313937500.00000     
         153
   308.875000000001        2316562500.00000     
         158
   309.225000000001        2319187500.00000     
          89
   309.575000000001        2321812500.00000     
         304
   309.925000000001        2324437500.00000     
         536
   310.275000000001        2327062500.00000     
         486
   310.625000000001        2329687500.00000     
         501
   310.975000000001        2332312500.00000     
         270
   311.325000000001        2334937500.00001     
         428
   311.675000000001        2337562500.00001     
         445
   312.025000000001        2340187500.00001     
         387
   312.375000000001        2342812500.00001     
         176
   312.725000000001        2345437500.00001     
          41
   313.075000000001        2348062500.00001     
         399
   313.425000000001        2350687500.00001     
         394
   313.775000000001        2353312500.00001     
         119
   314.125000000001        2355937500.00001     
         349
   314.475000000001        2358562500.00001     
          18
   314.825000000001        2361187500.00001     
         510
   315.175000000001        2363812500.00001     
         208
   315.525000000001        2366437500.00001     
         458
   315.875000000001        2369062500.00001     
         398
   316.225000000001        2371687500.00001     
          71
   316.575000000001        2374312500.00001     
         243
   316.925000000001        2376937500.00001     
         146
   317.275000000001        2379562500.00001     
         134
   317.625000000001        2382187500.00001     
         438
   317.975000000001        2384812500.00001     
          71
   318.325000000001        2387437500.00001     
         375
   318.675000000001        2390062500.00001     
          39
   319.025000000001        2392687500.00001     
         178
   319.375000000001        2395312500.00001     
         533
   319.725000000001        2397937500.00001     
         365
   320.075000000001        2400562500.00001     
         475
   320.425000000001        2403187500.00001     
         195
   320.775000000001        2405812500.00001     
         435
   321.125000000001        2408437500.00001     
         124
   321.475000000001        2411062500.00001     
         121
   321.825000000001        2413687500.00001     
         324
   322.175000000001        2416312500.00001     
         384
   322.525000000001        2418937500.00001     
         363
   322.875000000001        2421562500.00001     
         303
   323.225000000001        2424187500.00001     
          49
   323.575000000001        2426812500.00001     
         415
   323.925000000001        2429437500.00001     
         509
   324.275000000002        2432062500.00001     
         188
   324.625000000002        2434687500.00001     
         260
   324.975000000002        2437312500.00001     
         469
   325.325000000002        2439937500.00001     
         177
   325.675000000002        2442562500.00001     
         434
   326.025000000002        2445187500.00001     
          32
   326.375000000002        2447812500.00001     
          98
   326.725000000002        2450437500.00001     
         285
   327.075000000002        2453062500.00001     
         147
   327.425000000002        2455687500.00001     
          50
   327.775000000002        2458312500.00001     
         236
   328.125000000002        2460937500.00001     
          72
   328.475000000002        2463562500.00001     
         520
   328.825000000002        2466187500.00001     
         192
   329.175000000002        2468812500.00001     
         268
   329.525000000002        2471437500.00001     
         156
   329.875000000002        2474062500.00001     
         462
   330.225000000002        2476687500.00001     
          63
   330.575000000002        2479312500.00001     
          76
   330.925000000002        2481937500.00001     
         407
   331.275000000002        2484562500.00001     
         322
   331.625000000002        2487187500.00001     
          17
   331.975000000002        2489812500.00002     
          59
   332.325000000002        2492437500.00002     
           4
   332.675000000002        2495062500.00002     
         351
   333.025000000002        2497687500.00002     
          34
   333.375000000002        2500312500.00002     
         443
   333.725000000002        2502937500.00002     
         114
   334.075000000002        2505562500.00002     
         391
   334.425000000002        2508187500.00002     
         327
   334.775000000002        2510812500.00002     
          90
   335.125000000002        2513437500.00002     
          66
   335.475000000002        2516062500.00002     
         120
   335.825000000002        2518687500.00002     
          69
   336.175000000002        2521312500.00002     
         296
   336.525000000002        2523937500.00002     
         482
   336.875000000002        2526562500.00002     
         449
   337.225000000002        2529187500.00002     
         408
   337.575000000002        2531812500.00002     
          82
   337.925000000002        2534437500.00002     
         305
   338.275000000002        2537062500.00002     
         272
   338.625000000002        2539687500.00002     
         413
   338.975000000002        2542312500.00002     
           0
   339.325000000002        2544937500.00002     
           3
   339.675000000003        2547562500.00002     
         332
   340.025000000003        2550187500.00002     
         235
   340.375000000003        2552812500.00002     
          80
   340.725000000003        2555437500.00002     
         520
   341.075000000003        2558062500.00002     
         443
   341.425000000003        2560687500.00002     
         353
   341.775000000003        2563312500.00002     
         450
   342.125000000003        2565937500.00002     
         328
   342.475000000003        2568562500.00002     
         381
   342.825000000003        2571187500.00002     
         162
   343.175000000003        2573812500.00002     
         446
   343.525000000003        2576437500.00002     
          46
   343.875000000003        2579062500.00002     
         535
   344.225000000003        2581687500.00002     
         392
   344.575000000003        2584312500.00002     
         165
   344.925000000003        2586937500.00002     
         119
   345.275000000003        2589562500.00002     
          66
   345.625000000003        2592187500.00002     
         126
   345.975000000003        2594812500.00002     
         172
   346.325000000003        2597437500.00002     
         244
   346.675000000003        2600062500.00002     
         272
   347.025000000003        2602687500.00002     
         281
   347.375000000003        2605312500.00002     
         342
   347.725000000003        2607937500.00002     
         328
   348.075000000003        2610562500.00002     
           6
   348.425000000003        2613187500.00002     
         219
   348.775000000003        2615812500.00002     
           4
   349.125000000003        2618437500.00002     
         188
   349.475000000003        2621062500.00002     
         340
   349.825000000003        2623687500.00002     
         238
   350.175000000003        2626312500.00002     
         155
   350.525000000003        2628937500.00002     
         453
   350.875000000003        2631562500.00002     
          88
   351.225000000003        2634187500.00002     
         421
   351.575000000003        2636812500.00002     
         115
   351.925000000003        2639437500.00002     
         336
   352.275000000003        2642062500.00002     
         212
   352.625000000003        2644687500.00003     
         396
   352.975000000003        2647312500.00003     
         296
   353.325000000003        2649937500.00003     
          21
   353.675000000003        2652562500.00003     
          61
   354.025000000003        2655187500.00003     
         333
   354.375000000003        2657812500.00003     
         436
   354.725000000003        2660437500.00003     
          71
   355.075000000004        2663062500.00003     
          48
   355.425000000004        2665687500.00003     
          74
   355.775000000004        2668312500.00003     
          85
   356.125000000004        2670937500.00003     
         489
   356.475000000004        2673562500.00003     
         457
   356.825000000004        2676187500.00003     
         344
   357.175000000004        2678812500.00003     
          99
   357.525000000004        2681437500.00003     
         362
   357.875000000004        2684062500.00003     
         101
   358.225000000004        2686687500.00003     
         234
   358.575000000004        2689312500.00003     
          13
   358.925000000004        2691937500.00003     
          77
   359.275000000004        2694562500.00003     
         142
   359.625000000004        2697187500.00003     
         337
   359.975000000004        2699812500.00003     
         127
   360.325000000004        2702437500.00003     
         285
   360.675000000004        2705062500.00003     
         189
   361.025000000004        2707687500.00003     
         460
   361.375000000004        2710312500.00003     
         202
   361.725000000004        2712937500.00003     
         439
   362.075000000004        2715562500.00003     
         178
   362.425000000004        2718187500.00003     
         202
   362.775000000004        2720812500.00003     
         409
   363.125000000004        2723437500.00003     
         471
   363.475000000004        2726062500.00003     
         409
   363.825000000004        2728687500.00003     
         269
   364.175000000004        2731312500.00003     
         339
   364.525000000004        2733937500.00003     
          61
   364.875000000004        2736562500.00003     
         416
   365.225000000004        2739187500.00003     
         383
   365.575000000004        2741812500.00003     
         444
   365.925000000004        2744437500.00003     
         188
   366.275000000004        2747062500.00003     
         405
   366.625000000004        2749687500.00003     
         429
   366.975000000004        2752312500.00003     
          88
   367.325000000004        2754937500.00003     
         256
   367.675000000004        2757562500.00003     
          66
   368.025000000004        2760187500.00003     
          71
   368.375000000004        2762812500.00003     
          65
   368.725000000004        2765437500.00003     
         123
   369.075000000004        2768062500.00003     
          30
   369.425000000004        2770687500.00003     
          72
   369.775000000004        2773312500.00003     
         540
   370.125000000004        2775937500.00003     
          57
   370.475000000005        2778562500.00003     
         168
   370.825000000005        2781187500.00003     
         495
   371.175000000005        2783812500.00003     
         273
   371.525000000005        2786437500.00003     
          32
   371.875000000005        2789062500.00003     
          63
   372.225000000005        2791687500.00003     
          38
   372.575000000005        2794312500.00003     
         465
   372.925000000005        2796937500.00003     
         481
   373.275000000005        2799562500.00004     
          40
   373.625000000005        2802187500.00004     
         226
   373.975000000005        2804812500.00004     
         491
   374.325000000005        2807437500.00004     
         518
   374.675000000005        2810062500.00004     
          15
   375.025000000005        2812687500.00004     
         140
   375.375000000005        2815312500.00004     
         358
   375.725000000005        2817937500.00004     
         107
   376.075000000005        2820562500.00004     
         196
   376.425000000005        2823187500.00004     
          13
   376.775000000005        2825812500.00004     
         503
   377.125000000005        2828437500.00004     
         387
   377.475000000005        2831062500.00004     
          90
   377.825000000005        2833687500.00004     
          77
   378.175000000005        2836312500.00004     
         521
   378.525000000005        2838937500.00004     
         416
   378.875000000005        2841562500.00004     
          39
   379.225000000005        2844187500.00004     
         111
   379.575000000005        2846812500.00004     
          87
   379.925000000005        2849437500.00004     
          77
   380.275000000005        2852062500.00004     
         526
   380.625000000005        2854687500.00004     
         197
   380.975000000005        2857312500.00004     
         289
   381.325000000005        2859937500.00004     
          62
   381.675000000005        2862562500.00004     
         487
   382.025000000005        2865187500.00004     
         449
   382.375000000005        2867812500.00004     
         213
   382.725000000005        2870437500.00004     
          75
   383.075000000005        2873062500.00004     
         241
   383.425000000005        2875687500.00004     
         152
   383.775000000005        2878312500.00004     
         395
   384.125000000005        2880937500.00004     
          93
   384.475000000005        2883562500.00004     
         442
   384.825000000005        2886187500.00004     
         195
   385.175000000005        2888812500.00004     
         269
   385.525000000005        2891437500.00004     
         282
   385.875000000006        2894062500.00004     
         461
   386.225000000006        2896687500.00004     
         355
   386.575000000006        2899312500.00004     
         420
   386.925000000006        2901937500.00004     
         322
   387.275000000006        2904562500.00004     
         359
   387.625000000006        2907187500.00004     
         186
   387.975000000006        2909812500.00004     
         196
   388.325000000006        2912437500.00004     
         436
   388.675000000006        2915062500.00004     
         323
   389.025000000006        2917687500.00004     
         153
   389.375000000006        2920312500.00004     
         118
   389.725000000006        2922937500.00004     
         262
   390.075000000006        2925562500.00004     
          96
   390.425000000006        2928187500.00004     
         230
   390.775000000006        2930812500.00004     
          93
   391.125000000006        2933437500.00004     
         446
   391.475000000006        2936062500.00004     
         159
   391.825000000006        2938687500.00004     
         451
   392.175000000006        2941312500.00004     
         143
   392.525000000006        2943937500.00004     
         248
   392.875000000006        2946562500.00004     
         491
   393.225000000006        2949187500.00004     
         360
   393.575000000006        2951812500.00005     
         346
   393.925000000006        2954437500.00005     
         453
   394.275000000006        2957062500.00005     
         105
   394.625000000006        2959687500.00005     
         105
   394.975000000006        2962312500.00005     
         255
   395.325000000006        2964937500.00005     
         303
   395.675000000006        2967562500.00005     
         268
   396.025000000006        2970187500.00005     
         197
   396.375000000006        2972812500.00005     
         438
   396.725000000006        2975437500.00005     
         502
   397.075000000006        2978062500.00005     
         242
   397.425000000006        2980687500.00005     
         394
   397.775000000006        2983312500.00005     
         350
   398.125000000006        2985937500.00005     
         370
   398.475000000006        2988562500.00005     
          59
   398.825000000006        2991187500.00005     
          46
   399.175000000006        2993812500.00005     
         421
   399.525000000006        2996437500.00005     
         511
   399.875000000006        2999062500.00005     
         174
   400.225000000006        3001687500.00005     
         306
   400.575000000006        3004312500.00005     
         293
   400.925000000006        3006937500.00005     
         189
   401.275000000007        3009562500.00005     
         413
   401.625000000007        3012187500.00005     
         278
   401.975000000007        3014812500.00005     
          92
   402.325000000007        3017437500.00005     
         337
   402.675000000007        3020062500.00005     
         335
   403.025000000007        3022687500.00005     
         107
   403.375000000007        3025312500.00005     
         329
   403.725000000007        3027937500.00005     
         100
   404.075000000007        3030562500.00005     
          95
   404.425000000007        3033187500.00005     
         400
   404.775000000007        3035812500.00005     
         262
   405.125000000007        3038437500.00005     
         121
   405.475000000007        3041062500.00005     
          37
   405.825000000007        3043687500.00005     
         474
   406.175000000007        3046312500.00005     
         464
   406.525000000007        3048937500.00005     
          33
   406.875000000007        3051562500.00005     
         466
   407.225000000007        3054187500.00005     
         214
   407.575000000007        3056812500.00005     
         193
   407.925000000007        3059437500.00005     
         517
   408.275000000007        3062062500.00005     
         232
   408.625000000007        3064687500.00005     
         152
   408.975000000007        3067312500.00005     
         258
   409.325000000007        3069937500.00005     
         218
   409.675000000007        3072562500.00005     
         379
   410.025000000007        3075187500.00005     
         396
   410.375000000007        3077812500.00005     
         105
   410.725000000007        3080437500.00005     
         237
   411.075000000007        3083062500.00005     
         189
   411.425000000007        3085687500.00005     
         146
   411.775000000007        3088312500.00005     
         160
   412.125000000007        3090937500.00005     
         332
   412.475000000007        3093562500.00005     
          45
   412.825000000007        3096187500.00005     
         108
   413.175000000007        3098812500.00005     
         208
   413.525000000007        3101437500.00005     
         417
   413.875000000007        3104062500.00005     
         211
   414.225000000007        3106687500.00006     
         226
   414.575000000007        3109312500.00006     
           0
   414.925000000007        3111937500.00006     
         218
   415.275000000007        3114562500.00006     
         169
   415.625000000007        3117187500.00006     
          13
   415.975000000007        3119812500.00006     
          48
   416.325000000007        3122437500.00006     
         310
   416.675000000008        3125062500.00006     
           0
   417.025000000008        3127687500.00006     
         283
   417.375000000008        3130312500.00006     
          62
   417.725000000008        3132937500.00006     
         528
   418.075000000008        3135562500.00006     
         461
   418.425000000008        3138187500.00006     
         527
   418.775000000008        3140812500.00006     
         537
   419.125000000008        3143437500.00006     
         205
   419.475000000008        3146062500.00006     
          91
   419.825000000008        3148687500.00006     
