       time        TW        TE         hW        hE
   0.17500E+00   0.29364E+02   0.29210E+02   0.28973E-02  -0.29480E-01
   0.52500E+00   0.28532E+02   0.27929E+02   0.28564E-01  -0.90323E-01
   0.87500E+00   0.28382E+02   0.26856E+02   0.71302E-01  -0.15774E+00
   0.12250E+01   0.28589E+02   0.25387E+02   0.12113E+00  -0.24650E+00
   0.15750E+01   0.28926E+02   0.24017E+02   0.17740E+00  -0.34029E+00
   0.19250E+01   0.29250E+02   0.23122E+02   0.23633E+00  -0.41378E+00
   0.22750E+01   0.29511E+02   0.22775E+02   0.30241E+00  -0.47670E+00
   0.26250E+01   0.29701E+02   0.23103E+02   0.37170E+00  -0.53416E+00
   0.29750E+01   0.29824E+02   0.23340E+02   0.44566E+00  -0.58723E+00
   0.33250E+01   0.29897E+02   0.23476E+02   0.51446E+00  -0.62444E+00
   0.36750E+01   0.29942E+02   0.23676E+02   0.57836E+00  -0.64678E+00
   0.40250E+01   0.29968E+02   0.24293E+02   0.64030E+00  -0.63652E+00
   0.43750E+01   0.29981E+02   0.25372E+02   0.69729E+00  -0.58494E+00
   0.47250E+01   0.29988E+02   0.26294E+02   0.74491E+00  -0.53658E+00
   0.50750E+01   0.29992E+02   0.27059E+02   0.77168E+00  -0.48303E+00
   0.54250E+01   0.29995E+02   0.27665E+02   0.77480E+00  -0.40286E+00
   0.57750E+01   0.29998E+02   0.28150E+02   0.75734E+00  -0.32008E+00
   0.61250E+01   0.29999E+02   0.28542E+02   0.72573E+00  -0.23846E+00
   0.64750E+01   0.29999E+02   0.28853E+02   0.68400E+00  -0.16565E+00
   0.68250E+01   0.29996E+02   0.29071E+02   0.62657E+00  -0.11236E+00
   0.71750E+01   0.29993E+02   0.28920E+02   0.56575E+00  -0.71524E-01
   0.75250E+01   0.29988E+02   0.28709E+02   0.51606E+00  -0.36775E-01
   0.78750E+01   0.29982E+02   0.28534E+02   0.47289E+00  -0.77476E-02
   0.82250E+01   0.29972E+02   0.28438E+02   0.42758E+00   0.14916E-01
   0.85750E+01   0.29958E+02   0.28548E+02   0.38984E+00   0.30738E-01
   0.89250E+01   0.29944E+02   0.28542E+02   0.36421E+00   0.36381E-01
   0.92750E+01   0.29928E+02   0.28529E+02   0.34915E+00   0.32514E-01
   0.96250E+01   0.29915E+02   0.28450E+02   0.34544E+00   0.17364E-01
   0.99750E+01   0.29904E+02   0.28208E+02   0.33731E+00  -0.34097E-03
   0.10325E+02   0.29895E+02   0.27921E+02   0.32181E+00  -0.12445E-01
   0.10675E+02   0.29879E+02   0.27752E+02   0.30338E+00  -0.19202E-01
   0.11025E+02   0.29858E+02   0.27757E+02   0.30056E+00  -0.14303E-01
   0.11375E+02   0.29848E+02   0.27672E+02   0.29995E+00  -0.22471E-01
   0.11725E+02   0.29840E+02   0.27425E+02   0.29187E+00  -0.56657E-01
   0.12075E+02   0.29832E+02   0.27055E+02   0.28916E+00  -0.82029E-01
   0.12425E+02   0.29826E+02   0.26630E+02   0.28322E+00  -0.94347E-01
   0.12775E+02   0.29810E+02   0.26525E+02   0.27255E+00  -0.97820E-01
   0.13125E+02   0.29794E+02   0.26487E+02   0.26949E+00  -0.10521E+00
   0.13475E+02   0.29785E+02   0.26245E+02   0.27042E+00  -0.12648E+00
   0.13825E+02   0.29781E+02   0.26064E+02   0.27312E+00  -0.14183E+00
   0.14175E+02   0.29787E+02   0.25787E+02   0.28200E+00  -0.16213E+00
   0.14525E+02   0.29798E+02   0.25566E+02   0.29360E+00  -0.18445E+00
   0.14875E+02   0.29813E+02   0.25503E+02   0.30182E+00  -0.19126E+00
   0.15225E+02   0.29825E+02   0.25259E+02   0.30298E+00  -0.20757E+00
   0.15575E+02   0.29837E+02   0.24932E+02   0.30807E+00  -0.22936E+00
   0.15925E+02   0.29851E+02   0.24710E+02   0.32048E+00  -0.24320E+00
   0.16275E+02   0.29866E+02   0.24349E+02   0.34292E+00  -0.26741E+00
   0.16625E+02   0.29886E+02   0.24233E+02   0.36449E+00  -0.29022E+00
   0.16975E+02   0.29903E+02   0.24191E+02   0.37866E+00  -0.31170E+00
   0.17325E+02   0.29916E+02   0.24200E+02   0.39335E+00  -0.32988E+00
   0.17675E+02   0.29929E+02   0.24503E+02   0.41586E+00  -0.33323E+00
   0.18025E+02   0.29941E+02   0.24809E+02   0.44124E+00  -0.33864E+00
   0.18375E+02   0.29953E+02   0.25070E+02   0.46433E+00  -0.34499E+00
   0.18725E+02   0.29962E+02   0.25437E+02   0.48542E+00  -0.34204E+00
   0.19075E+02   0.29969E+02   0.25994E+02   0.50367E+00  -0.32980E+00
   0.19425E+02   0.29974E+02   0.26396E+02   0.51438E+00  -0.31211E+00
   0.19775E+02   0.29977E+02   0.26937E+02   0.51988E+00  -0.28609E+00
   0.20125E+02   0.29980E+02   0.27344E+02   0.52175E+00  -0.25574E+00
   0.20475E+02   0.29981E+02   0.27295E+02   0.51541E+00  -0.23287E+00
   0.20825E+02   0.29980E+02   0.27365E+02   0.50935E+00  -0.21046E+00
   0.21175E+02   0.29979E+02   0.27702E+02   0.50004E+00  -0.17976E+00
   0.21525E+02   0.29977E+02   0.27889E+02   0.48773E+00  -0.15130E+00
   0.21875E+02   0.29974E+02   0.27941E+02   0.46893E+00  -0.13054E+00
   0.22225E+02   0.29969E+02   0.28097E+02   0.44366E+00  -0.10410E+00
   0.22575E+02   0.29963E+02   0.28128E+02   0.42545E+00  -0.77576E-01
   0.22925E+02   0.29956E+02   0.27958E+02   0.40998E+00  -0.65259E-01
   0.23275E+02   0.29948E+02   0.27916E+02   0.39138E+00  -0.55026E-01
   0.23625E+02   0.29938E+02   0.27800E+02   0.37233E+00  -0.47137E-01
   0.23975E+02   0.29925E+02   0.27654E+02   0.35183E+00  -0.40219E-01
   0.24325E+02   0.29909E+02   0.27554E+02   0.33395E+00  -0.42467E-01
   0.24675E+02   0.29891E+02   0.27406E+02   0.32262E+00  -0.51143E-01
   0.25025E+02   0.29876E+02   0.27357E+02   0.31800E+00  -0.54630E-01
   0.25375E+02   0.29871E+02   0.27234E+02   0.31431E+00  -0.66749E-01
   0.25725E+02   0.29866E+02   0.26983E+02   0.30814E+00  -0.81486E-01
   0.26075E+02   0.29855E+02   0.26795E+02   0.30371E+00  -0.90081E-01
   0.26425E+02   0.29848E+02   0.26588E+02   0.30405E+00  -0.96471E-01
   0.26775E+02   0.29844E+02   0.26413E+02   0.30024E+00  -0.10422E+00
   0.27125E+02   0.29838E+02   0.26285E+02   0.29836E+00  -0.11715E+00
   0.27475E+02   0.29837E+02   0.25998E+02   0.29926E+00  -0.13262E+00
   0.27825E+02   0.29837E+02   0.25620E+02   0.29800E+00  -0.14962E+00
   0.28175E+02   0.29835E+02   0.25287E+02   0.29948E+00  -0.16962E+00
   0.28525E+02   0.29836E+02   0.25018E+02   0.30193E+00  -0.18696E+00
   0.28875E+02   0.29843E+02   0.24745E+02   0.30800E+00  -0.20440E+00
   0.29225E+02   0.29853E+02   0.24895E+02   0.31844E+00  -0.21909E+00
   0.29575E+02   0.29863E+02   0.24725E+02   0.32834E+00  -0.24081E+00
   0.29925E+02   0.29872E+02   0.24447E+02   0.34277E+00  -0.26304E+00
   0.30275E+02   0.29887E+02   0.24599E+02   0.36458E+00  -0.27478E+00
   0.30625E+02   0.29902E+02   0.24920E+02   0.37879E+00  -0.28494E+00
   0.30975E+02   0.29916E+02   0.25436E+02   0.39272E+00  -0.28436E+00
   0.31325E+02   0.29927E+02   0.25123E+02   0.40818E+00  -0.29358E+00
   0.31675E+02   0.29937E+02   0.24694E+02   0.41975E+00  -0.31267E+00
   0.32025E+02   0.29945E+02   0.24970E+02   0.43568E+00  -0.30907E+00
   0.32375E+02   0.29953E+02   0.25227E+02   0.45015E+00  -0.30596E+00
   0.32725E+02   0.29959E+02   0.25349E+02   0.46185E+00  -0.30766E+00
   0.33075E+02   0.29964E+02   0.25507E+02   0.47157E+00  -0.30185E+00
   0.33425E+02   0.29967E+02   0.26013E+02   0.47726E+00  -0.28695E+00
   0.33775E+02   0.29970E+02   0.26785E+02   0.48550E+00  -0.25999E+00
   0.34125E+02   0.29973E+02   0.27171E+02   0.49444E+00  -0.24170E+00
   0.34475E+02   0.29975E+02   0.27329E+02   0.49873E+00  -0.22521E+00
   0.34825E+02   0.29976E+02   0.27648E+02   0.49310E+00  -0.19671E+00
   0.35175E+02   0.29975E+02   0.28090E+02   0.47853E+00  -0.15876E+00
   0.35525E+02   0.29971E+02   0.28498E+02   0.46567E+00  -0.12290E+00
   0.35875E+02   0.29969E+02   0.28276E+02   0.45421E+00  -0.10759E+00
   0.36225E+02   0.29966E+02   0.27704E+02   0.43213E+00  -0.10433E+00
   0.36575E+02   0.29957E+02   0.27560E+02   0.40543E+00  -0.87113E-01
   0.36925E+02   0.29946E+02   0.27504E+02   0.38315E+00  -0.68188E-01
   0.37275E+02   0.29933E+02   0.27493E+02   0.36951E+00  -0.59393E-01
   0.37625E+02   0.29923E+02   0.27439E+02   0.35823E+00  -0.62617E-01
   0.37975E+02   0.29913E+02   0.27173E+02   0.33735E+00  -0.76390E-01
   0.38325E+02   0.29900E+02   0.27019E+02   0.32352E+00  -0.75320E-01
   0.38675E+02   0.29890E+02   0.26854E+02   0.32513E+00  -0.75676E-01
   0.39025E+02   0.29883E+02   0.26740E+02   0.32779E+00  -0.86164E-01
   0.39375E+02   0.29878E+02   0.26664E+02   0.32336E+00  -0.93607E-01
   0.39725E+02   0.29871E+02   0.26301E+02   0.31158E+00  -0.11394E+00
   0.40075E+02   0.29860E+02   0.26099E+02   0.30691E+00  -0.12289E+00
   0.40425E+02   0.29856E+02   0.25982E+02   0.31490E+00  -0.12330E+00
   0.40775E+02   0.29861E+02   0.25536E+02   0.31816E+00  -0.15023E+00
   0.41125E+02   0.29863E+02   0.25238E+02   0.31393E+00  -0.17217E+00
   0.41475E+02   0.29861E+02   0.25290E+02   0.31257E+00  -0.17818E+00
   0.41825E+02   0.29861E+02   0.25457E+02   0.31977E+00  -0.17849E+00
   0.42175E+02   0.29869E+02   0.25251E+02   0.33037E+00  -0.19030E+00
   0.42525E+02   0.29877E+02   0.24834E+02   0.33691E+00  -0.22321E+00
   0.42875E+02   0.29882E+02   0.24909E+02   0.34147E+00  -0.23255E+00
   0.43225E+02   0.29890E+02   0.25437E+02   0.35251E+00  -0.21909E+00
   0.43575E+02   0.29900E+02   0.25578E+02   0.36438E+00  -0.22688E+00
   0.43925E+02   0.29908E+02   0.25104E+02   0.37304E+00  -0.25232E+00
   0.44275E+02   0.29916E+02   0.24888E+02   0.38020E+00  -0.26433E+00
   0.44625E+02   0.29922E+02   0.24782E+02   0.38486E+00  -0.26819E+00
   0.44975E+02   0.29928E+02   0.24684E+02   0.39499E+00  -0.27829E+00
   0.45325E+02   0.29935E+02   0.25104E+02   0.41172E+00  -0.27881E+00
   0.45675E+02   0.29942E+02   0.25460E+02   0.42493E+00  -0.27309E+00
   0.46025E+02   0.29948E+02   0.25617E+02   0.42950E+00  -0.27168E+00
   0.46375E+02   0.29952E+02   0.26073E+02   0.43623E+00  -0.26422E+00
   0.46725E+02   0.29957E+02   0.26494E+02   0.45545E+00  -0.24977E+00
   0.47075E+02   0.29962E+02   0.26974E+02   0.47282E+00  -0.23043E+00
   0.47425E+02   0.29966E+02   0.27550E+02   0.47030E+00  -0.20960E+00
   0.47775E+02   0.29966E+02   0.27844E+02   0.45544E+00  -0.18757E+00
   0.48125E+02   0.29964E+02   0.28075E+02   0.44801E+00  -0.15834E+00
   0.48475E+02   0.29963E+02   0.28197E+02   0.44800E+00  -0.13440E+00
   0.48825E+02   0.29961E+02   0.27891E+02   0.43550E+00  -0.12768E+00
   0.49175E+02   0.29956E+02   0.27499E+02   0.41112E+00  -0.12405E+00
   0.49525E+02   0.29947E+02   0.27387E+02   0.39313E+00  -0.10787E+00
   0.49875E+02   0.29939E+02   0.27303E+02   0.38020E+00  -0.89452E-01
   0.50225E+02   0.29930E+02   0.27081E+02   0.36059E+00  -0.90420E-01
   0.50575E+02   0.29919E+02   0.26856E+02   0.34791E+00  -0.10063E+00
   0.50925E+02   0.29910E+02   0.26671E+02   0.34408E+00  -0.99894E-01
   0.51275E+02   0.29901E+02   0.26529E+02   0.33932E+00  -0.97101E-01
   0.51625E+02   0.29894E+02   0.26465E+02   0.33577E+00  -0.10500E+00
   0.51975E+02   0.29890E+02   0.26411E+02   0.33337E+00  -0.11241E+00
   0.52325E+02   0.29884E+02   0.26397E+02   0.33137E+00  -0.11053E+00
   0.52675E+02   0.29881E+02   0.26379E+02   0.32946E+00  -0.11561E+00
   0.53025E+02   0.29879E+02   0.26396E+02   0.32594E+00  -0.12311E+00
   0.53375E+02   0.29878E+02   0.26344E+02   0.32799E+00  -0.12350E+00
   0.53725E+02   0.29876E+02   0.26352E+02   0.33065E+00  -0.12388E+00
   0.54075E+02   0.29876E+02   0.26527E+02   0.32303E+00  -0.12256E+00
   0.54425E+02   0.29872E+02   0.26396E+02   0.31609E+00  -0.13008E+00
   0.54775E+02   0.29866E+02   0.25969E+02   0.31934E+00  -0.15287E+00
   0.55125E+02   0.29867E+02   0.25349E+02   0.32000E+00  -0.17404E+00
   0.55475E+02   0.29866E+02   0.24926E+02   0.31434E+00  -0.18834E+00
   0.55825E+02   0.29860E+02   0.25003E+02   0.31512E+00  -0.19523E+00
   0.56175E+02   0.29860E+02   0.25107E+02   0.32432E+00  -0.19778E+00
   0.56525E+02   0.29870E+02   0.25026E+02   0.33938E+00  -0.21181E+00
   0.56875E+02   0.29883E+02   0.24843E+02   0.34950E+00  -0.23922E+00
   0.57225E+02   0.29894E+02   0.24566E+02   0.35884E+00  -0.26079E+00
   0.57575E+02   0.29905E+02   0.24541E+02   0.37616E+00  -0.26201E+00
   0.57925E+02   0.29916E+02   0.24823E+02   0.39164E+00  -0.26354E+00
   0.58275E+02   0.29926E+02   0.25032E+02   0.39866E+00  -0.27133E+00
   0.58625E+02   0.29934E+02   0.24875E+02   0.40558E+00  -0.28102E+00
   0.58975E+02   0.29941E+02   0.24713E+02   0.41453E+00  -0.29376E+00
   0.59325E+02   0.29946E+02   0.25055E+02   0.43106E+00  -0.29090E+00
   0.59675E+02   0.29952E+02   0.25085E+02   0.44954E+00  -0.28852E+00
   0.60025E+02   0.29958E+02   0.25135E+02   0.45819E+00  -0.29718E+00
   0.60375E+02   0.29962E+02   0.25624E+02   0.46338E+00  -0.29288E+00
   0.60725E+02   0.29965E+02   0.26013E+02   0.46725E+00  -0.27377E+00
   0.61075E+02   0.29968E+02   0.26284E+02   0.47120E+00  -0.25569E+00
   0.61425E+02   0.29970E+02   0.26260E+02   0.48065E+00  -0.24540E+00
   0.61775E+02   0.29972E+02   0.26045E+02   0.48352E+00  -0.23722E+00
   0.62125E+02   0.29972E+02   0.25919E+02   0.47452E+00  -0.22691E+00
   0.62475E+02   0.29971E+02   0.26186E+02   0.46637E+00  -0.20791E+00
   0.62825E+02   0.29969E+02   0.26801E+02   0.46061E+00  -0.17614E+00
   0.63175E+02   0.29968E+02   0.27216E+02   0.45438E+00  -0.14918E+00
   0.63525E+02   0.29965E+02   0.27307E+02   0.44215E+00  -0.13543E+00
   0.63875E+02   0.29960E+02   0.27442E+02   0.43004E+00  -0.12070E+00
   0.64225E+02   0.29956E+02   0.27495E+02   0.42263E+00  -0.99479E-01
   0.64575E+02   0.29952E+02   0.27371E+02   0.41232E+00  -0.89504E-01
   0.64925E+02   0.29946E+02   0.27380E+02   0.39102E+00  -0.83892E-01
   0.65275E+02   0.29935E+02   0.27421E+02   0.36446E+00  -0.65780E-01
   0.65625E+02   0.29922E+02   0.27391E+02   0.34487E+00  -0.57506E-01
   0.65975E+02   0.29908E+02   0.27274E+02   0.33570E+00  -0.63960E-01
   0.66325E+02   0.29898E+02   0.27042E+02   0.33158E+00  -0.75053E-01
   0.66675E+02   0.29889E+02   0.26826E+02   0.32428E+00  -0.87111E-01
   0.67025E+02   0.29880E+02   0.26708E+02   0.31398E+00  -0.91524E-01
   0.67375E+02   0.29869E+02   0.26702E+02   0.30835E+00  -0.91114E-01
   0.67725E+02   0.29861E+02   0.26718E+02   0.30777E+00  -0.92279E-01
   0.68075E+02   0.29857E+02   0.26578E+02   0.30848E+00  -0.10389E+00
   0.68425E+02   0.29855E+02   0.26263E+02   0.31004E+00  -0.12285E+00
   0.68775E+02   0.29855E+02   0.25960E+02   0.31038E+00  -0.13583E+00
   0.69125E+02   0.29854E+02   0.25705E+02   0.30894E+00  -0.14652E+00
   0.69475E+02   0.29852E+02   0.25610E+02   0.31009E+00  -0.15575E+00
   0.69825E+02   0.29853E+02   0.25353E+02   0.30952E+00  -0.17068E+00
   0.70175E+02   0.29852E+02   0.24834E+02   0.30659E+00  -0.19655E+00
   0.70525E+02   0.29853E+02   0.24461E+02   0.31557E+00  -0.22001E+00
   0.70875E+02   0.29863E+02   0.24302E+02   0.33307E+00  -0.23718E+00
   0.71225E+02   0.29877E+02   0.24264E+02   0.34490E+00  -0.25489E+00
   0.71575E+02   0.29887E+02   0.24119E+02   0.35610E+00  -0.27702E+00
   0.71925E+02   0.29898E+02   0.24061E+02   0.37189E+00  -0.29829E+00
   0.72275E+02   0.29911E+02   0.24488E+02   0.38832E+00  -0.30031E+00
   0.72625E+02   0.29924E+02   0.24692E+02   0.40790E+00  -0.30680E+00
   0.72975E+02   0.29936E+02   0.24688E+02   0.43062E+00  -0.32324E+00
   0.73325E+02   0.29947E+02   0.25364E+02   0.44921E+00  -0.31301E+00
   0.73675E+02   0.29956E+02   0.26013E+02   0.46060E+00  -0.29870E+00
   0.74025E+02   0.29962E+02   0.26354E+02   0.46967E+00  -0.29117E+00
   0.74375E+02   0.29966E+02   0.26865E+02   0.48093E+00  -0.26987E+00
   0.74725E+02   0.29970E+02   0.27335E+02   0.49158E+00  -0.24533E+00
   0.75075E+02   0.29972E+02   0.27539E+02   0.48909E+00  -0.22891E+00
   0.75425E+02   0.29973E+02   0.27537E+02   0.48343E+00  -0.21431E+00
   0.75775E+02   0.29973E+02   0.27673E+02   0.47566E+00  -0.18931E+00
   0.76125E+02   0.29972E+02   0.28028E+02   0.46369E+00  -0.15231E+00
   0.76475E+02   0.29969E+02   0.28258E+02   0.44959E+00  -0.12521E+00
   0.76825E+02   0.29965E+02   0.28069E+02   0.43123E+00  -0.11059E+00
   0.77175E+02   0.29958E+02   0.27710E+02   0.41478E+00  -0.97325E-01
   0.77525E+02   0.29951E+02   0.27549E+02   0.40388E+00  -0.85732E-01
   0.77875E+02   0.29945E+02   0.27566E+02   0.38815E+00  -0.73624E-01
   0.78225E+02   0.29934E+02   0.27641E+02   0.36435E+00  -0.59148E-01
   0.78575E+02   0.29919E+02   0.27658E+02   0.34946E+00  -0.50037E-01
   0.78925E+02   0.29906E+02   0.27642E+02   0.34010E+00  -0.48290E-01
   0.79275E+02   0.29894E+02   0.27552E+02   0.32988E+00  -0.51701E-01
   0.79625E+02   0.29884E+02   0.27281E+02   0.32276E+00  -0.69057E-01
   0.79975E+02   0.29877E+02   0.27092E+02   0.31876E+00  -0.77559E-01
   0.80325E+02   0.29870E+02   0.26974E+02   0.31057E+00  -0.73787E-01
   0.80675E+02   0.29859E+02   0.26819E+02   0.29612E+00  -0.81555E-01
   0.81025E+02   0.29846E+02   0.26831E+02   0.28916E+00  -0.87927E-01
   0.81375E+02   0.29839E+02   0.26662E+02   0.29702E+00  -0.96577E-01
   0.81725E+02   0.29837E+02   0.26316E+02   0.30086E+00  -0.11811E+00
   0.82075E+02   0.29836E+02   0.26032E+02   0.29859E+00  -0.13685E+00
   0.82425E+02   0.29832E+02   0.25644E+02   0.29931E+00  -0.15192E+00
   0.82775E+02   0.29833E+02   0.25489E+02   0.30259E+00  -0.16243E+00
   0.83125E+02   0.29837E+02   0.25542E+02   0.30323E+00  -0.17104E+00
   0.83475E+02   0.29843E+02   0.25459E+02   0.30920E+00  -0.18650E+00
   0.83825E+02   0.29852E+02   0.25288E+02   0.32132E+00  -0.20140E+00
   0.84175E+02   0.29864E+02   0.24927E+02   0.33214E+00  -0.22015E+00
   0.84525E+02   0.29876E+02   0.24406E+02   0.34148E+00  -0.24692E+00
   0.84875E+02   0.29886E+02   0.24384E+02   0.34958E+00  -0.26395E+00
   0.85225E+02   0.29895E+02   0.24780E+02   0.36106E+00  -0.26562E+00
   0.85575E+02   0.29906E+02   0.25099E+02   0.37422E+00  -0.26792E+00
   0.85925E+02   0.29916E+02   0.25294E+02   0.39172E+00  -0.27942E+00
   0.86275E+02   0.29928E+02   0.25109E+02   0.40743E+00  -0.29512E+00
   0.86625E+02   0.29937E+02   0.25223E+02   0.42688E+00  -0.29785E+00
   0.86975E+02   0.29947E+02   0.25561E+02   0.44646E+00  -0.29491E+00
   0.87325E+02   0.29955E+02   0.25629E+02   0.45434E+00  -0.29486E+00
   0.87675E+02   0.29960E+02   0.25903E+02   0.45772E+00  -0.28439E+00
   0.88025E+02   0.29963E+02   0.26196E+02   0.46280E+00  -0.27082E+00
   0.88375E+02   0.29966E+02   0.26241E+02   0.47057E+00  -0.26014E+00
   0.88725E+02   0.29968E+02   0.26600E+02   0.47858E+00  -0.24320E+00
   0.89075E+02   0.29971E+02   0.26827E+02   0.48314E+00  -0.22882E+00
   0.89425E+02   0.29972E+02   0.27023E+02   0.47773E+00  -0.20426E+00
   0.89775E+02   0.29972E+02   0.27372E+02   0.46663E+00  -0.16862E+00
   0.90125E+02   0.29970E+02   0.27319E+02   0.45214E+00  -0.15083E+00
   0.90475E+02   0.29966E+02   0.27125E+02   0.44220E+00  -0.13791E+00
   0.90825E+02   0.29961E+02   0.27005E+02   0.43404E+00  -0.12304E+00
   0.91175E+02   0.29956E+02   0.27029E+02   0.41502E+00  -0.11224E+00
   0.91525E+02   0.29949E+02   0.27136E+02   0.39600E+00  -0.94475E-01
   0.91875E+02   0.29942E+02   0.27109E+02   0.38018E+00  -0.87045E-01
   0.92225E+02   0.29931E+02   0.27069E+02   0.36571E+00  -0.84019E-01
   0.92575E+02   0.29921E+02   0.27174E+02   0.35711E+00  -0.73762E-01
   0.92925E+02   0.29914E+02   0.27097E+02   0.34977E+00  -0.80548E-01
   0.93275E+02   0.29907E+02   0.26910E+02   0.34349E+00  -0.89960E-01
   0.93625E+02   0.29900E+02   0.26701E+02   0.33595E+00  -0.92132E-01
   0.93975E+02   0.29892E+02   0.26491E+02   0.32136E+00  -0.98748E-01
   0.94325E+02   0.29879E+02   0.26419E+02   0.31176E+00  -0.98388E-01
   0.94675E+02   0.29869E+02   0.26348E+02   0.31158E+00  -0.10232E+00
   0.95025E+02   0.29865E+02   0.26128E+02   0.31228E+00  -0.11981E+00
   0.95375E+02   0.29863E+02   0.25963E+02   0.31301E+00  -0.13151E+00
   0.95725E+02   0.29860E+02   0.25717E+02   0.31286E+00  -0.14703E+00
   0.96075E+02   0.29858E+02   0.25490E+02   0.31349E+00  -0.16146E+00
   0.96425E+02   0.29860E+02   0.25244E+02   0.31952E+00  -0.17326E+00
   0.96775E+02   0.29867E+02   0.24723E+02   0.32232E+00  -0.20479E+00
   0.97125E+02   0.29871E+02   0.24398E+02   0.32308E+00  -0.22879E+00
   0.97475E+02   0.29874E+02   0.24689E+02   0.33464E+00  -0.22726E+00
   0.97825E+02   0.29884E+02   0.24806E+02   0.35072E+00  -0.23633E+00
   0.98175E+02   0.29895E+02   0.24657E+02   0.36300E+00  -0.25557E+00
   0.98525E+02   0.29904E+02   0.24840E+02   0.37295E+00  -0.26774E+00
   0.98875E+02   0.29914E+02   0.24778E+02   0.38722E+00  -0.27852E+00
   0.99225E+02   0.29925E+02   0.24477E+02   0.40229E+00  -0.29062E+00
   0.99575E+02   0.29935E+02   0.24391E+02   0.41295E+00  -0.30746E+00
   0.99925E+02   0.29942E+02   0.24431E+02   0.42421E+00  -0.31884E+00
   0.10027E+03   0.29949E+02   0.25030E+02   0.43551E+00  -0.30290E+00
   0.10062E+03   0.29954E+02   0.25845E+02   0.44651E+00  -0.28705E+00
   0.10097E+03   0.29959E+02   0.26185E+02   0.46316E+00  -0.28436E+00
   0.10132E+03   0.29964E+02   0.26512E+02   0.47916E+00  -0.26880E+00
   0.10167E+03   0.29969E+02   0.26928E+02   0.48739E+00  -0.24970E+00
   0.10202E+03   0.29971E+02   0.27088E+02   0.48744E+00  -0.23211E+00
   0.10237E+03   0.29972E+02   0.27138E+02   0.48038E+00  -0.21132E+00
   0.10272E+03   0.29972E+02   0.27227E+02   0.47387E+00  -0.19023E+00
   0.10307E+03   0.29971E+02   0.27191E+02   0.46235E+00  -0.16977E+00
   0.10342E+03   0.29968E+02   0.26827E+02   0.44286E+00  -0.16070E+00
   0.10377E+03   0.29964E+02   0.26568E+02   0.42877E+00  -0.15218E+00
   0.10412E+03   0.29960E+02   0.26746E+02   0.42203E+00  -0.12621E+00
   0.10447E+03   0.29956E+02   0.26810E+02   0.40979E+00  -0.10866E+00
   0.10482E+03   0.29948E+02   0.26726E+02   0.39160E+00  -0.10964E+00
   0.10517E+03   0.29940E+02   0.26728E+02   0.38193E+00  -0.10524E+00
   0.10552E+03   0.29935E+02   0.26737E+02   0.37623E+00  -0.96572E-01
   0.10587E+03   0.29926E+02   0.26749E+02   0.36867E+00  -0.93447E-01
   0.10622E+03   0.29919E+02   0.26717E+02   0.35972E+00  -0.94685E-01
   0.10657E+03   0.29913E+02   0.26655E+02   0.34676E+00  -0.92975E-01
   0.10692E+03   0.29907E+02   0.26685E+02   0.33788E+00  -0.85991E-01
   0.10727E+03   0.29897E+02   0.26730E+02   0.32642E+00  -0.85695E-01
   0.10762E+03   0.29884E+02   0.26702E+02   0.32285E+00  -0.89485E-01
   0.10797E+03   0.29875E+02   0.26634E+02   0.32544E+00  -0.97215E-01
   0.10832E+03   0.29870E+02   0.26363E+02   0.32136E+00  -0.11692E+00
   0.10867E+03   0.29863E+02   0.26095E+02   0.31410E+00  -0.13188E+00
   0.10902E+03   0.29858E+02   0.26041E+02   0.31032E+00  -0.13258E+00
   0.10937E+03   0.29858E+02   0.25886E+02   0.31109E+00  -0.14012E+00
   0.10972E+03   0.29856E+02   0.25683E+02   0.31539E+00  -0.15409E+00
   0.11007E+03   0.29857E+02   0.25517E+02   0.31709E+00  -0.16522E+00
   0.11042E+03   0.29861E+02   0.25411E+02   0.31673E+00  -0.17686E+00
   0.11077E+03   0.29866E+02   0.25478E+02   0.32892E+00  -0.17881E+00
   0.11112E+03   0.29873E+02   0.25506E+02   0.33553E+00  -0.18494E+00
   0.11147E+03   0.29879E+02   0.25465E+02   0.33593E+00  -0.19593E+00
   0.11182E+03   0.29883E+02   0.25244E+02   0.34129E+00  -0.20662E+00
   0.11217E+03   0.29889E+02   0.24956E+02   0.35138E+00  -0.22871E+00
   0.11252E+03   0.29897E+02   0.24930E+02   0.36141E+00  -0.23741E+00
   0.11287E+03   0.29905E+02   0.24954E+02   0.37084E+00  -0.24244E+00
   0.11322E+03   0.29913E+02   0.25003E+02   0.37945E+00  -0.25801E+00
   0.11357E+03   0.29920E+02   0.24983E+02   0.38713E+00  -0.25982E+00
   0.11392E+03   0.29927E+02   0.24756E+02   0.39575E+00  -0.26739E+00
   0.11427E+03   0.29933E+02   0.24791E+02   0.40922E+00  -0.27946E+00
   0.11462E+03   0.29941E+02   0.25206E+02   0.42698E+00  -0.26898E+00
   0.11497E+03   0.29949E+02   0.25706E+02   0.43422E+00  -0.25778E+00
   0.11532E+03   0.29953E+02   0.26265E+02   0.43848E+00  -0.24838E+00
   0.11567E+03   0.29956E+02   0.26588E+02   0.44812E+00  -0.23159E+00
   0.11602E+03   0.29959E+02   0.26691E+02   0.45268E+00  -0.21865E+00
   0.11637E+03   0.29962E+02   0.26839E+02   0.45301E+00  -0.21019E+00
   0.11672E+03   0.29963E+02   0.27074E+02   0.45105E+00  -0.19502E+00
   0.11707E+03   0.29962E+02   0.27176E+02   0.44246E+00  -0.17225E+00
   0.11742E+03   0.29959E+02   0.27050E+02   0.42899E+00  -0.15753E+00
   0.11777E+03   0.29955E+02   0.26914E+02   0.41671E+00  -0.15082E+00
   0.11812E+03   0.29952E+02   0.26715E+02   0.40690E+00  -0.14273E+00
   0.11847E+03   0.29947E+02   0.26670E+02   0.39595E+00  -0.13026E+00
   0.11882E+03   0.29942E+02   0.26718E+02   0.38887E+00  -0.12111E+00
   0.11917E+03   0.29939E+02   0.26648E+02   0.37834E+00  -0.11562E+00
   0.11952E+03   0.29931E+02   0.26776E+02   0.36515E+00  -0.10192E+00
   0.11987E+03   0.29921E+02   0.26953E+02   0.35812E+00  -0.92517E-01
   0.12022E+03   0.29914E+02   0.26944E+02   0.35449E+00  -0.91402E-01
   0.12057E+03   0.29909E+02   0.26898E+02   0.35029E+00  -0.91546E-01
   0.12092E+03   0.29903E+02   0.26773E+02   0.34099E+00  -0.10040E+00
   0.12127E+03   0.29895E+02   0.26391E+02   0.33096E+00  -0.10993E+00
   0.12162E+03   0.29885E+02   0.26009E+02   0.32250E+00  -0.11836E+00
   0.12197E+03   0.29876E+02   0.25834E+02   0.31554E+00  -0.13101E+00
   0.12232E+03   0.29868E+02   0.25891E+02   0.31633E+00  -0.13342E+00
   0.12267E+03   0.29865E+02   0.25980E+02   0.32227E+00  -0.13670E+00
   0.12302E+03   0.29867E+02   0.25790E+02   0.32638E+00  -0.15766E+00
   0.12337E+03   0.29870E+02   0.25451E+02   0.33034E+00  -0.17667E+00
   0.12372E+03   0.29875E+02   0.25397E+02   0.33607E+00  -0.17965E+00
   0.12407E+03   0.29880E+02   0.25535E+02   0.34178E+00  -0.17964E+00
   0.12442E+03   0.29884E+02   0.25396E+02   0.34160E+00  -0.18815E+00
   0.12477E+03   0.29887E+02   0.25059E+02   0.34269E+00  -0.20824E+00
   0.12512E+03   0.29890E+02   0.24965E+02   0.34903E+00  -0.21930E+00
   0.12547E+03   0.29896E+02   0.25105E+02   0.35444E+00  -0.21569E+00
   0.12582E+03   0.29903E+02   0.25014E+02   0.36081E+00  -0.22910E+00
   0.12617E+03   0.29910E+02   0.24763E+02   0.37264E+00  -0.25111E+00
   0.12652E+03   0.29917E+02   0.24676E+02   0.38055E+00  -0.25896E+00
   0.12687E+03   0.29923E+02   0.24680E+02   0.38489E+00  -0.26702E+00
   0.12722E+03   0.29928E+02   0.24790E+02   0.39772E+00  -0.27442E+00
   0.12757E+03   0.29935E+02   0.24711E+02   0.41573E+00  -0.28092E+00
   0.12792E+03   0.29943E+02   0.24717E+02   0.42885E+00  -0.28723E+00
   0.12827E+03   0.29949E+02   0.25189E+02   0.43339E+00  -0.28133E+00
   0.12862E+03   0.29953E+02   0.25661E+02   0.44234E+00  -0.27134E+00
   0.12897E+03   0.29958E+02   0.25952E+02   0.45649E+00  -0.25630E+00
   0.12932E+03   0.29963E+02   0.26242E+02   0.46602E+00  -0.24441E+00
   0.12967E+03   0.29965E+02   0.26829E+02   0.46821E+00  -0.23081E+00
   0.13002E+03   0.29967E+02   0.27509E+02   0.46428E+00  -0.19695E+00
   0.13037E+03   0.29967E+02   0.27457E+02   0.46024E+00  -0.17841E+00
   0.13072E+03   0.29966E+02   0.27082E+02   0.45658E+00  -0.17566E+00
   0.13107E+03   0.29964E+02   0.27027E+02   0.44292E+00  -0.15579E+00
   0.13142E+03   0.29960E+02   0.26810E+02   0.42132E+00  -0.14056E+00
   0.13177E+03   0.29954E+02   0.26511E+02   0.40654E+00  -0.13629E+00
   0.13212E+03   0.29948E+02   0.26469E+02   0.39736E+00  -0.12478E+00
   0.13247E+03   0.29942E+02   0.26601E+02   0.38323E+00  -0.10921E+00
   0.13282E+03   0.29934E+02   0.26629E+02   0.36976E+00  -0.10540E+00
   0.13317E+03   0.29927E+02   0.26539E+02   0.36442E+00  -0.10868E+00
   0.13352E+03   0.29921E+02   0.26446E+02   0.36213E+00  -0.10507E+00
   0.13387E+03   0.29916E+02   0.26270E+02   0.35625E+00  -0.10926E+00
   0.13422E+03   0.29909E+02   0.26198E+02   0.34444E+00  -0.11383E+00
   0.13457E+03   0.29900E+02   0.26239E+02   0.33625E+00  -0.10804E+00
   0.13492E+03   0.29892E+02   0.26107E+02   0.33406E+00  -0.11228E+00
   0.13527E+03   0.29888E+02   0.26026E+02   0.33269E+00  -0.12480E+00
   0.13562E+03   0.29885E+02   0.25894E+02   0.33109E+00  -0.13642E+00
   0.13597E+03   0.29883E+02   0.25796E+02   0.32994E+00  -0.14196E+00
   0.13632E+03   0.29881E+02   0.25750E+02   0.32947E+00  -0.14594E+00
   0.13667E+03   0.29879E+02   0.25648E+02   0.33048E+00  -0.15355E+00
   0.13702E+03   0.29877E+02   0.25547E+02   0.33001E+00  -0.16109E+00
   0.13737E+03   0.29876E+02   0.25266E+02   0.32794E+00  -0.17599E+00
   0.13772E+03   0.29877E+02   0.24991E+02   0.33457E+00  -0.19392E+00
   0.13807E+03   0.29882E+02   0.24921E+02   0.34322E+00  -0.20213E+00
   0.13842E+03   0.29888E+02   0.25085E+02   0.34352E+00  -0.20716E+00
   0.13877E+03   0.29892E+02   0.25404E+02   0.34943E+00  -0.20821E+00
   0.13912E+03   0.29898E+02   0.25469E+02   0.36145E+00  -0.21368E+00
   0.13947E+03   0.29906E+02   0.25330E+02   0.36722E+00  -0.22330E+00
   0.13982E+03   0.29912E+02   0.24982E+02   0.37432E+00  -0.23561E+00
   0.14017E+03   0.29919E+02   0.24590E+02   0.38426E+00  -0.25469E+00
   0.14052E+03   0.29925E+02   0.24548E+02   0.38994E+00  -0.25776E+00
   0.14087E+03   0.29929E+02   0.24675E+02   0.39339E+00  -0.25851E+00
   0.14122E+03   0.29933E+02   0.25000E+02   0.40116E+00  -0.26414E+00
   0.14157E+03   0.29938E+02   0.24960E+02   0.41414E+00  -0.26719E+00
   0.14192E+03   0.29944E+02   0.24682E+02   0.42421E+00  -0.27798E+00
   0.14227E+03   0.29949E+02   0.24908E+02   0.43620E+00  -0.28202E+00
   0.14262E+03   0.29955E+02   0.25506E+02   0.45113E+00  -0.26422E+00
   0.14297E+03   0.29960E+02   0.25716E+02   0.45381E+00  -0.25086E+00
   0.14332E+03   0.29962E+02   0.25380E+02   0.45323E+00  -0.25612E+00
   0.14367E+03   0.29963E+02   0.25652E+02   0.45680E+00  -0.24694E+00
   0.14402E+03   0.29964E+02   0.26275E+02   0.45943E+00  -0.21888E+00
   0.14437E+03   0.29965E+02   0.26258E+02   0.46074E+00  -0.20863E+00
   0.14472E+03   0.29966E+02   0.26408E+02   0.45913E+00  -0.20302E+00
   0.14507E+03   0.29965E+02   0.26770E+02   0.44966E+00  -0.17775E+00
   0.14542E+03   0.29963E+02   0.26753E+02   0.43434E+00  -0.15474E+00
   0.14577E+03   0.29959E+02   0.26479E+02   0.42245E+00  -0.14909E+00
   0.14612E+03   0.29954E+02   0.26426E+02   0.41741E+00  -0.14309E+00
   0.14647E+03   0.29950E+02   0.26599E+02   0.41154E+00  -0.12429E+00
   0.14682E+03   0.29946E+02   0.26367E+02   0.39382E+00  -0.12634E+00
   0.14717E+03   0.29937E+02   0.26251E+02   0.37579E+00  -0.12999E+00
   0.14752E+03   0.29928E+02   0.26485E+02   0.37133E+00  -0.10783E+00
   0.14787E+03   0.29921E+02   0.26487E+02   0.37003E+00  -0.10498E+00
   0.14822E+03   0.29918E+02   0.26305E+02   0.36228E+00  -0.12076E+00
   0.14857E+03   0.29914E+02   0.26194E+02   0.35276E+00  -0.12740E+00
   0.14892E+03   0.29909E+02   0.26110E+02   0.34711E+00  -0.12044E+00
   0.14927E+03   0.29904E+02   0.25927E+02   0.34404E+00  -0.12056E+00
   0.14962E+03   0.29898E+02   0.25825E+02   0.33754E+00  -0.13318E+00
   0.14997E+03   0.29895E+02   0.26120E+02   0.33103E+00  -0.12619E+00
   0.15032E+03   0.29891E+02   0.26290E+02   0.33033E+00  -0.11960E+00
   0.15067E+03   0.29885E+02   0.26071E+02   0.33548E+00  -0.13622E+00
   0.15102E+03   0.29882E+02   0.25798E+02   0.33569E+00  -0.15124E+00
   0.15137E+03   0.29880E+02   0.25373E+02   0.33157E+00  -0.16528E+00
   0.15172E+03   0.29881E+02   0.24975E+02   0.33132E+00  -0.18328E+00
   0.15207E+03   0.29880E+02   0.24958E+02   0.32845E+00  -0.18805E+00
   0.15242E+03   0.29877E+02   0.25233E+02   0.32820E+00  -0.18228E+00
   0.15277E+03   0.29880E+02   0.25312E+02   0.34130E+00  -0.19026E+00
   0.15312E+03   0.29890E+02   0.25006E+02   0.35438E+00  -0.21614E+00
   0.15347E+03   0.29897E+02   0.24721E+02   0.35683E+00  -0.23429E+00
   0.15382E+03   0.29901E+02   0.24798E+02   0.36575E+00  -0.23621E+00
   0.15417E+03   0.29911E+02   0.24586E+02   0.38228E+00  -0.24570E+00
   0.15452E+03   0.29920E+02   0.24263E+02   0.38244E+00  -0.26618E+00
   0.15487E+03   0.29923E+02   0.24601E+02   0.38007E+00  -0.27150E+00
   0.15522E+03   0.29929E+02   0.24999E+02   0.39476E+00  -0.26180E+00
   0.15557E+03   0.29937E+02   0.25065E+02   0.41273E+00  -0.26107E+00
   0.15592E+03   0.29944E+02   0.25088E+02   0.42570E+00  -0.27230E+00
   0.15627E+03   0.29949E+02   0.25343E+02   0.43455E+00  -0.27329E+00
   0.15662E+03   0.29953E+02   0.25610E+02   0.44352E+00  -0.25841E+00
   0.15697E+03   0.29958E+02   0.25683E+02   0.44741E+00  -0.25394E+00
   0.15732E+03   0.29960E+02   0.25658E+02   0.44526E+00  -0.25636E+00
   0.15767E+03   0.29961E+02   0.25633E+02   0.45189E+00  -0.24427E+00
   0.15802E+03   0.29962E+02   0.25652E+02   0.45466E+00  -0.23037E+00
   0.15837E+03   0.29963E+02   0.25912E+02   0.44615E+00  -0.21804E+00
   0.15872E+03   0.29962E+02   0.26471E+02   0.44776E+00  -0.19724E+00
   0.15907E+03   0.29963E+02   0.26579E+02   0.45242E+00  -0.18218E+00
   0.15942E+03   0.29963E+02   0.26602E+02   0.44268E+00  -0.17126E+00
   0.15977E+03   0.29961E+02   0.26907E+02   0.42645E+00  -0.15262E+00
   0.16012E+03   0.29957E+02   0.26867E+02   0.42125E+00  -0.13691E+00
   0.16047E+03   0.29955E+02   0.26601E+02   0.41513E+00  -0.12557E+00
   0.16082E+03   0.29950E+02   0.26634E+02   0.39617E+00  -0.11510E+00
   0.16117E+03   0.29941E+02   0.26731E+02   0.37786E+00  -0.10699E+00
   0.16152E+03   0.29932E+02   0.26637E+02   0.36744E+00  -0.95724E-01
   0.16187E+03   0.29924E+02   0.26538E+02   0.36012E+00  -0.97365E-01
   0.16222E+03   0.29916E+02   0.26294E+02   0.35246E+00  -0.11366E+00
   0.16257E+03   0.29908E+02   0.26333E+02   0.34401E+00  -0.11061E+00
   0.16292E+03   0.29900E+02   0.26552E+02   0.33914E+00  -0.99854E-01
   0.16327E+03   0.29894E+02   0.26427E+02   0.33772E+00  -0.10818E+00
   0.16362E+03   0.29891E+02   0.26024E+02   0.33469E+00  -0.12708E+00
   0.16397E+03   0.29888E+02   0.25766E+02   0.32876E+00  -0.13801E+00
   0.16432E+03   0.29884E+02   0.25709E+02   0.32423E+00  -0.13608E+00
   0.16467E+03   0.29881E+02   0.25823E+02   0.32561E+00  -0.13254E+00
   0.16502E+03   0.29877E+02   0.25968E+02   0.32680E+00  -0.13508E+00
   0.16537E+03   0.29875E+02   0.25723E+02   0.32656E+00  -0.15112E+00
   0.16572E+03   0.29875E+02   0.25374E+02   0.32413E+00  -0.17207E+00
   0.16607E+03   0.29874E+02   0.25233E+02   0.32585E+00  -0.17762E+00
   0.16642E+03   0.29877E+02   0.25136E+02   0.33456E+00  -0.18616E+00
   0.16677E+03   0.29885E+02   0.24984E+02   0.33934E+00  -0.19756E+00
   0.16712E+03   0.29888E+02   0.24935E+02   0.33655E+00  -0.20529E+00
   0.16747E+03   0.29888E+02   0.24896E+02   0.33865E+00  -0.21641E+00
   0.16782E+03   0.29893E+02   0.24787E+02   0.34993E+00  -0.22428E+00
   0.16817E+03   0.29901E+02   0.24728E+02   0.36783E+00  -0.23729E+00
   0.16852E+03   0.29911E+02   0.24598E+02   0.38113E+00  -0.25599E+00
   0.16887E+03   0.29919E+02   0.24657E+02   0.38349E+00  -0.26597E+00
   0.16922E+03   0.29924E+02   0.24973E+02   0.39071E+00  -0.26303E+00
   0.16957E+03   0.29929E+02   0.25313E+02   0.40367E+00  -0.25663E+00
   0.16992E+03   0.29937E+02   0.25458E+02   0.42046E+00  -0.25636E+00
   0.17027E+03   0.29944E+02   0.25589E+02   0.43078E+00  -0.26037E+00
   0.17062E+03   0.29950E+02   0.25924E+02   0.43584E+00  -0.25741E+00
   0.17097E+03   0.29954E+02   0.26230E+02   0.44431E+00  -0.24364E+00
   0.17132E+03   0.29958E+02   0.26526E+02   0.44817E+00  -0.22605E+00
   0.17167E+03   0.29960E+02   0.26694E+02   0.44551E+00  -0.21583E+00
   0.17202E+03   0.29960E+02   0.26813E+02   0.44099E+00  -0.20137E+00
   0.17237E+03   0.29959E+02   0.26766E+02   0.43566E+00  -0.18545E+00
   0.17272E+03   0.29958E+02   0.26717E+02   0.43260E+00  -0.17679E+00
   0.17307E+03   0.29957E+02   0.26878E+02   0.43195E+00  -0.16076E+00
   0.17342E+03   0.29955E+02   0.26908E+02   0.42128E+00  -0.14821E+00
   0.17377E+03   0.29950E+02   0.26899E+02   0.40535E+00  -0.13795E+00
   0.17412E+03   0.29944E+02   0.26911E+02   0.39609E+00  -0.12498E+00
   0.17447E+03   0.29939E+02   0.26697E+02   0.38856E+00  -0.12431E+00
   0.17482E+03   0.29934E+02   0.26411E+02   0.38248E+00  -0.12675E+00
   0.17517E+03   0.29930E+02   0.26253E+02   0.37492E+00  -0.12845E+00
   0.17552E+03   0.29925E+02   0.26233E+02   0.36130E+00  -0.12572E+00
   0.17587E+03   0.29916E+02   0.26261E+02   0.35200E+00  -0.11680E+00
   0.17622E+03   0.29909E+02   0.26189E+02   0.34991E+00  -0.11952E+00
   0.17657E+03   0.29906E+02   0.26116E+02   0.34694E+00  -0.12540E+00
   0.17692E+03   0.29902E+02   0.26191E+02   0.34382E+00  -0.12509E+00
   0.17727E+03   0.29898E+02   0.26254E+02   0.34558E+00  -0.12767E+00
   0.17762E+03   0.29897E+02   0.26273E+02   0.34483E+00  -0.12802E+00
   0.17797E+03   0.29895E+02   0.26146E+02   0.33867E+00  -0.13117E+00
   0.17832E+03   0.29894E+02   0.25598E+02   0.32989E+00  -0.15176E+00
   0.17867E+03   0.29889E+02   0.25340E+02   0.32250E+00  -0.16094E+00
   0.17902E+03   0.29883E+02   0.25383E+02   0.32420E+00  -0.15623E+00
   0.17937E+03   0.29883E+02   0.25168E+02   0.33069E+00  -0.17400E+00
   0.17972E+03   0.29883E+02   0.24707E+02   0.33443E+00  -0.20594E+00
   0.18007E+03   0.29883E+02   0.24457E+02   0.33726E+00  -0.22710E+00
   0.18042E+03   0.29886E+02   0.24515E+02   0.34659E+00  -0.23576E+00
   0.18077E+03   0.29894E+02   0.24599E+02   0.36030E+00  -0.24196E+00
   0.18112E+03   0.29904E+02   0.24692E+02   0.37618E+00  -0.25468E+00
   0.18147E+03   0.29916E+02   0.24541E+02   0.38774E+00  -0.27167E+00
   0.18182E+03   0.29924E+02   0.24423E+02   0.39380E+00  -0.28165E+00
   0.18217E+03   0.29932E+02   0.24316E+02   0.40654E+00  -0.29181E+00
   0.18252E+03   0.29939E+02   0.24250E+02   0.42178E+00  -0.30325E+00
   0.18287E+03   0.29946E+02   0.24606E+02   0.43470E+00  -0.30213E+00
   0.18322E+03   0.29952E+02   0.24751E+02   0.44157E+00  -0.30515E+00
   0.18357E+03   0.29956E+02   0.24933E+02   0.44988E+00  -0.30749E+00
   0.18392E+03   0.29961E+02   0.25522E+02   0.46419E+00  -0.29203E+00
   0.18427E+03   0.29965E+02   0.26229E+02   0.48155E+00  -0.27489E+00
   0.18462E+03   0.29970E+02   0.26707E+02   0.49374E+00  -0.26006E+00
   0.18497E+03   0.29973E+02   0.26946E+02   0.48912E+00  -0.24101E+00
   0.18532E+03   0.29973E+02   0.27385E+02   0.48288E+00  -0.21315E+00
   0.18567E+03   0.29972E+02   0.27568E+02   0.48244E+00  -0.18388E+00
   0.18602E+03   0.29972E+02   0.27283E+02   0.47487E+00  -0.16852E+00
   0.18637E+03   0.29971E+02   0.26958E+02   0.45523E+00  -0.16193E+00
   0.18672E+03   0.29966E+02   0.26886E+02   0.43583E+00  -0.14617E+00
   0.18707E+03   0.29961E+02   0.26818E+02   0.42226E+00  -0.12183E+00
   0.18742E+03   0.29955E+02   0.26869E+02   0.40624E+00  -0.10260E+00
   0.18777E+03   0.29947E+02   0.27018E+02   0.39357E+00  -0.96900E-01
   0.18812E+03   0.29939E+02   0.27152E+02   0.38706E+00  -0.90971E-01
   0.18847E+03   0.29932E+02   0.27329E+02   0.37824E+00  -0.74582E-01
   0.18882E+03   0.29924E+02   0.27205E+02   0.36710E+00  -0.76356E-01
   0.18917E+03   0.29918E+02   0.26835E+02   0.35735E+00  -0.90741E-01
   0.18952E+03   0.29911E+02   0.26603E+02   0.34399E+00  -0.88138E-01
   0.18987E+03   0.29900E+02   0.26705E+02   0.32660E+00  -0.79038E-01
   0.19022E+03   0.29886E+02   0.26896E+02   0.31819E+00  -0.73897E-01
   0.19057E+03   0.29875E+02   0.26789E+02   0.31879E+00  -0.85399E-01
   0.19092E+03   0.29869E+02   0.26448E+02   0.31955E+00  -0.10843E+00
   0.19127E+03   0.29868E+02   0.26182E+02   0.31480E+00  -0.12215E+00
   0.19162E+03   0.29869E+02   0.26013E+02   0.30611E+00  -0.12938E+00
   0.19197E+03   0.29867E+02   0.25909E+02   0.30444E+00  -0.13194E+00
   0.19232E+03   0.29865E+02   0.25880E+02   0.30827E+00  -0.13362E+00
   0.19267E+03   0.29862E+02   0.25791E+02   0.30482E+00  -0.14410E+00
   0.19302E+03   0.29855E+02   0.25772E+02   0.30480E+00  -0.15300E+00
   0.19337E+03   0.29854E+02   0.25976E+02   0.31741E+00  -0.15446E+00
   0.19372E+03   0.29863E+02   0.25983E+02   0.32899E+00  -0.16108E+00
   0.19407E+03   0.29871E+02   0.25722E+02   0.33158E+00  -0.17718E+00
   0.19442E+03   0.29874E+02   0.25346E+02   0.32580E+00  -0.19857E+00
   0.19477E+03   0.29873E+02   0.24960E+02   0.32383E+00  -0.21094E+00
   0.19512E+03   0.29875E+02   0.24851E+02   0.33709E+00  -0.21605E+00
   0.19547E+03   0.29884E+02   0.24844E+02   0.35299E+00  -0.23290E+00
   0.19582E+03   0.29895E+02   0.24814E+02   0.35916E+00  -0.25134E+00
   0.19617E+03   0.29903E+02   0.24677E+02   0.36746E+00  -0.26531E+00
   0.19652E+03   0.29912E+02   0.24532E+02   0.38425E+00  -0.27909E+00
   0.19687E+03   0.29923E+02   0.24729E+02   0.40043E+00  -0.28217E+00
   0.19722E+03   0.29933E+02   0.24826E+02   0.41741E+00  -0.28984E+00
   0.19757E+03   0.29942E+02   0.25092E+02   0.43214E+00  -0.30014E+00
   0.19792E+03   0.29950E+02   0.25709E+02   0.44143E+00  -0.28841E+00
   0.19827E+03   0.29956E+02   0.26142E+02   0.45175E+00  -0.27135E+00
   0.19862E+03   0.29961E+02   0.26160E+02   0.46243E+00  -0.26908E+00
   0.19897E+03   0.29965E+02   0.26080E+02   0.47130E+00  -0.26293E+00
   0.19932E+03   0.29967E+02   0.26402E+02   0.47163E+00  -0.24553E+00
   0.19967E+03   0.29968E+02   0.26656E+02   0.46772E+00  -0.22847E+00
   0.20002E+03   0.29968E+02   0.26793E+02   0.46571E+00  -0.20993E+00
   0.20037E+03   0.29968E+02   0.26897E+02   0.46082E+00  -0.19236E+00
   0.20072E+03   0.29967E+02   0.26650E+02   0.45155E+00  -0.18379E+00
   0.20107E+03   0.29965E+02   0.26339E+02   0.43982E+00  -0.17514E+00
   0.20142E+03   0.29963E+02   0.26236E+02   0.42971E+00  -0.16179E+00
   0.20177E+03   0.29959E+02   0.26319E+02   0.42350E+00  -0.14699E+00
   0.20212E+03   0.29955E+02   0.26487E+02   0.41480E+00  -0.12954E+00
   0.20247E+03   0.29949E+02   0.26585E+02   0.39988E+00  -0.12297E+00
   0.20282E+03   0.29942E+02   0.26483E+02   0.38961E+00  -0.12254E+00
   0.20317E+03   0.29937E+02   0.26235E+02   0.38398E+00  -0.12208E+00
   0.20352E+03   0.29934E+02   0.26160E+02   0.37865E+00  -0.12245E+00
   0.20387E+03   0.29929E+02   0.26155E+02   0.36953E+00  -0.11867E+00
   0.20422E+03   0.29921E+02   0.26166E+02   0.35621E+00  -0.11586E+00
   0.20457E+03   0.29913E+02   0.26177E+02   0.34784E+00  -0.11400E+00
   0.20492E+03   0.29906E+02   0.26222E+02   0.34654E+00  -0.11343E+00
   0.20527E+03   0.29902E+02   0.26192E+02   0.34407E+00  -0.12119E+00
   0.20562E+03   0.29896E+02   0.26016E+02   0.34202E+00  -0.13258E+00
   0.20597E+03   0.29892E+02   0.26013E+02   0.34288E+00  -0.13511E+00
   0.20632E+03   0.29889E+02   0.26103E+02   0.33749E+00  -0.13125E+00
   0.20667E+03   0.29885E+02   0.25974E+02   0.33123E+00  -0.13751E+00
   0.20702E+03   0.29885E+02   0.25748E+02   0.32783E+00  -0.15204E+00
   0.20737E+03   0.29882E+02   0.25529E+02   0.32818E+00  -0.16126E+00
   0.20772E+03   0.29879E+02   0.25243E+02   0.33094E+00  -0.16978E+00
   0.20807E+03   0.29880E+02   0.25029E+02   0.33297E+00  -0.18722E+00
   0.20842E+03   0.29884E+02   0.25064E+02   0.33686E+00  -0.19953E+00
   0.20877E+03   0.29886E+02   0.25164E+02   0.34081E+00  -0.20218E+00
   0.20912E+03   0.29889E+02   0.25273E+02   0.34701E+00  -0.20684E+00
   0.20947E+03   0.29895E+02   0.25327E+02   0.36062E+00  -0.21573E+00
   0.20982E+03   0.29904E+02   0.25439E+02   0.37483E+00  -0.22331E+00
   0.21017E+03   0.29913E+02   0.25556E+02   0.38386E+00  -0.22878E+00
   0.21052E+03   0.29921E+02   0.25392E+02   0.38937E+00  -0.23400E+00
   0.21087E+03   0.29927E+02   0.25292E+02   0.38732E+00  -0.23309E+00
   0.21122E+03   0.29930E+02   0.25652E+02   0.38944E+00  -0.22346E+00
   0.21157E+03   0.29933E+02   0.26049E+02   0.39936E+00  -0.21306E+00
   0.21192E+03   0.29936E+02   0.25938E+02   0.40594E+00  -0.21818E+00
   0.21227E+03   0.29940E+02   0.25859E+02   0.40721E+00  -0.22534E+00
   0.21262E+03   0.29943E+02   0.25611E+02   0.40984E+00  -0.22628E+00
   0.21297E+03   0.29945E+02   0.25262E+02   0.41128E+00  -0.22716E+00
   0.21332E+03   0.29946E+02   0.25256E+02   0.40821E+00  -0.22213E+00
   0.21367E+03   0.29945E+02   0.25285E+02   0.40836E+00  -0.22234E+00
   0.21402E+03   0.29945E+02   0.25438E+02   0.41348E+00  -0.22110E+00
   0.21437E+03   0.29947E+02   0.25473E+02   0.41814E+00  -0.21412E+00
   0.21472E+03   0.29948E+02   0.25339E+02   0.41808E+00  -0.21887E+00
   0.21507E+03   0.29949E+02   0.25338E+02   0.42402E+00  -0.21835E+00
   0.21542E+03   0.29951E+02   0.25461E+02   0.42721E+00  -0.20658E+00
   0.21577E+03   0.29952E+02   0.25699E+02   0.42222E+00  -0.19794E+00
   0.21612E+03   0.29951E+02   0.25980E+02   0.41623E+00  -0.18796E+00
   0.21647E+03   0.29949E+02   0.26247E+02   0.41764E+00  -0.17190E+00
   0.21682E+03   0.29950E+02   0.26353E+02   0.41687E+00  -0.16001E+00
   0.21717E+03   0.29948E+02   0.26252E+02   0.40764E+00  -0.16051E+00
   0.21752E+03   0.29944E+02   0.26137E+02   0.40106E+00  -0.15865E+00
   0.21787E+03   0.29940E+02   0.25980E+02   0.39428E+00  -0.15168E+00
   0.21822E+03   0.29938E+02   0.25895E+02   0.38251E+00  -0.14884E+00
   0.21857E+03   0.29933E+02   0.26042E+02   0.36899E+00  -0.14367E+00
   0.21892E+03   0.29926E+02   0.26000E+02   0.36448E+00  -0.14046E+00
   0.21927E+03   0.29920E+02   0.25753E+02   0.36427E+00  -0.14756E+00
   0.21962E+03   0.29919E+02   0.25752E+02   0.36501E+00  -0.15476E+00
   0.21997E+03   0.29918E+02   0.25891E+02   0.36360E+00  -0.15451E+00
   0.22032E+03   0.29915E+02   0.25927E+02   0.36191E+00  -0.14961E+00
   0.22067E+03   0.29914E+02   0.25846E+02   0.35892E+00  -0.15089E+00
   0.22102E+03   0.29912E+02   0.25728E+02   0.35350E+00  -0.15695E+00
   0.22137E+03   0.29906E+02   0.25674E+02   0.35285E+00  -0.15688E+00
   0.22172E+03   0.29905E+02   0.25452E+02   0.35564E+00  -0.16529E+00
   0.22207E+03   0.29907E+02   0.25266E+02   0.35539E+00  -0.17794E+00
   0.22242E+03   0.29906E+02   0.25270E+02   0.35334E+00  -0.18223E+00
   0.22277E+03   0.29905E+02   0.25309E+02   0.35210E+00  -0.18358E+00
   0.22312E+03   0.29904E+02   0.25567E+02   0.35285E+00  -0.17834E+00
   0.22347E+03   0.29905E+02   0.25568E+02   0.36087E+00  -0.18520E+00
   0.22382E+03   0.29910E+02   0.25255E+02   0.36803E+00  -0.20398E+00
   0.22417E+03   0.29915E+02   0.25089E+02   0.37045E+00  -0.21003E+00
   0.22452E+03   0.29918E+02   0.25230E+02   0.37166E+00  -0.20893E+00
   0.22487E+03   0.29920E+02   0.25209E+02   0.37311E+00  -0.21208E+00
   0.22522E+03   0.29920E+02   0.25187E+02   0.37445E+00  -0.21104E+00
   0.22557E+03   0.29922E+02   0.25466E+02   0.38031E+00  -0.20745E+00
   0.22592E+03   0.29925E+02   0.25622E+02   0.38523E+00  -0.20853E+00
   0.22627E+03   0.29928E+02   0.25598E+02   0.39064E+00  -0.21252E+00
   0.22662E+03   0.29931E+02   0.25397E+02   0.40038E+00  -0.22027E+00
   0.22697E+03   0.29936E+02   0.25255E+02   0.40336E+00  -0.22455E+00
   0.22732E+03   0.29938E+02   0.25483E+02   0.39722E+00  -0.21457E+00
   0.22767E+03   0.29939E+02   0.25679E+02   0.39415E+00  -0.20786E+00
   0.22802E+03   0.29941E+02   0.25519E+02   0.39744E+00  -0.20755E+00
   0.22837E+03   0.29942E+02   0.25450E+02   0.40127E+00  -0.20207E+00
   0.22872E+03   0.29942E+02   0.25711E+02   0.40391E+00  -0.19677E+00
   0.22907E+03   0.29942E+02   0.26093E+02   0.40469E+00  -0.18470E+00
   0.22942E+03   0.29944E+02   0.26261E+02   0.40429E+00  -0.17317E+00
   0.22977E+03   0.29943E+02   0.26236E+02   0.40129E+00  -0.17140E+00
   0.23012E+03   0.29940E+02   0.26171E+02   0.39715E+00  -0.16830E+00
   0.23047E+03   0.29937E+02   0.26150E+02   0.39089E+00  -0.16128E+00
   0.23082E+03   0.29936E+02   0.26030E+02   0.38829E+00  -0.16271E+00
   0.23117E+03   0.29933E+02   0.26022E+02   0.38621E+00  -0.16195E+00
   0.23152E+03   0.29928E+02   0.25918E+02   0.38096E+00  -0.15950E+00
   0.23187E+03   0.29926E+02   0.25649E+02   0.37021E+00  -0.16494E+00
   0.23222E+03   0.29921E+02   0.25657E+02   0.36402E+00  -0.16658E+00
   0.23257E+03   0.29917E+02   0.25789E+02   0.37067E+00  -0.15905E+00
   0.23292E+03   0.29918E+02   0.25931E+02   0.37281E+00  -0.15233E+00
   0.23327E+03   0.29917E+02   0.25909E+02   0.37065E+00  -0.16046E+00
   0.23362E+03   0.29917E+02   0.25747E+02   0.36989E+00  -0.17189E+00
   0.23397E+03   0.29917E+02   0.25814E+02   0.36717E+00  -0.16507E+00
   0.23432E+03   0.29917E+02   0.26016E+02   0.36728E+00  -0.15489E+00
   0.23467E+03   0.29917E+02   0.26061E+02   0.36648E+00  -0.15797E+00
   0.23502E+03   0.29915E+02   0.26031E+02   0.36129E+00  -0.15955E+00
   0.23537E+03   0.29912E+02   0.26012E+02   0.35897E+00  -0.15773E+00
   0.23572E+03   0.29911E+02   0.25952E+02   0.35797E+00  -0.16037E+00
   0.23607E+03   0.29912E+02   0.25883E+02   0.35674E+00  -0.16331E+00
   0.23642E+03   0.29912E+02   0.25761E+02   0.35542E+00  -0.16756E+00
   0.23677E+03   0.29910E+02   0.25514E+02   0.35349E+00  -0.17812E+00
   0.23712E+03   0.29905E+02   0.25374E+02   0.34928E+00  -0.18270E+00
   0.23747E+03   0.29903E+02   0.25407E+02   0.35258E+00  -0.18275E+00
   0.23782E+03   0.29905E+02   0.25667E+02   0.36191E+00  -0.18432E+00
   0.23817E+03   0.29910E+02   0.26152E+02   0.36739E+00  -0.17539E+00
   0.23852E+03   0.29914E+02   0.26160E+02   0.36732E+00  -0.17447E+00
   0.23887E+03   0.29914E+02   0.25904E+02   0.36683E+00  -0.18225E+00
   0.23922E+03   0.29916E+02   0.25852E+02   0.37182E+00  -0.17898E+00
   0.23957E+03   0.29918E+02   0.25767E+02   0.37553E+00  -0.18116E+00
   0.23992E+03   0.29919E+02   0.25939E+02   0.37330E+00  -0.18209E+00
   0.24027E+03   0.29919E+02   0.25989E+02   0.36660E+00  -0.18008E+00
   0.24062E+03   0.29916E+02   0.25670E+02   0.36632E+00  -0.18837E+00
   0.24097E+03   0.29916E+02   0.25526E+02   0.36910E+00  -0.19170E+00
   0.24132E+03   0.29917E+02   0.25559E+02   0.37069E+00  -0.19359E+00
   0.24167E+03   0.29918E+02   0.25586E+02   0.37825E+00  -0.19641E+00
   0.24202E+03   0.29921E+02   0.25421E+02   0.38272E+00  -0.20372E+00
   0.24237E+03   0.29924E+02   0.25427E+02   0.37954E+00  -0.20861E+00
   0.24272E+03   0.29924E+02   0.25605E+02   0.37950E+00  -0.19991E+00
   0.24307E+03   0.29925E+02   0.25781E+02   0.38604E+00  -0.19439E+00
   0.24342E+03   0.29929E+02   0.25806E+02   0.39289E+00  -0.19413E+00
   0.24377E+03   0.29932E+02   0.25846E+02   0.39451E+00  -0.19480E+00
   0.24412E+03   0.29934E+02   0.26023E+02   0.39461E+00  -0.19406E+00
   0.24447E+03   0.29935E+02   0.25998E+02   0.39216E+00  -0.18638E+00
   0.24482E+03   0.29935E+02   0.25998E+02   0.39065E+00  -0.18158E+00
   0.24517E+03   0.29935E+02   0.25937E+02   0.38912E+00  -0.18420E+00
   0.24552E+03   0.29934E+02   0.25726E+02   0.38475E+00  -0.18437E+00
   0.24587E+03   0.29933E+02   0.25620E+02   0.38166E+00  -0.18539E+00
   0.24622E+03   0.29931E+02   0.25839E+02   0.38161E+00  -0.18375E+00
   0.24657E+03   0.29929E+02   0.26084E+02   0.38805E+00  -0.17337E+00
   0.24692E+03   0.29931E+02   0.26108E+02   0.38742E+00  -0.17126E+00
   0.24727E+03   0.29931E+02   0.26033E+02   0.38004E+00  -0.17658E+00
   0.24762E+03   0.29928E+02   0.25819E+02   0.37883E+00  -0.17564E+00
   0.24797E+03   0.29927E+02   0.25778E+02   0.38167E+00  -0.17027E+00
   0.24832E+03   0.29928E+02   0.25930E+02   0.38193E+00  -0.16513E+00
   0.24867E+03   0.29928E+02   0.26177E+02   0.37503E+00  -0.15971E+00
   0.24902E+03   0.29923E+02   0.26337E+02   0.36845E+00  -0.15242E+00
   0.24937E+03   0.29919E+02   0.26349E+02   0.36824E+00  -0.14203E+00
   0.24972E+03   0.29919E+02   0.26226E+02   0.36807E+00  -0.14625E+00
   0.25007E+03   0.29919E+02   0.26072E+02   0.36487E+00  -0.15858E+00
   0.25042E+03   0.29918E+02   0.26023E+02   0.36192E+00  -0.15598E+00
   0.25077E+03   0.29914E+02   0.25796E+02   0.35567E+00  -0.15618E+00
   0.25112E+03   0.29911E+02   0.25756E+02   0.34764E+00  -0.15907E+00
   0.25147E+03   0.29905E+02   0.25947E+02   0.34711E+00  -0.15508E+00
   0.25182E+03   0.29903E+02   0.25926E+02   0.35238E+00  -0.15742E+00
   0.25217E+03   0.29906E+02   0.25801E+02   0.35417E+00  -0.16601E+00
   0.25252E+03   0.29905E+02   0.25665E+02   0.35662E+00  -0.17524E+00
   0.25287E+03   0.29904E+02   0.25639E+02   0.36076E+00  -0.17954E+00
   0.25322E+03   0.29906E+02   0.25607E+02   0.36126E+00  -0.17964E+00
   0.25357E+03   0.29911E+02   0.25786E+02   0.35893E+00  -0.18062E+00
   0.25392E+03   0.29913E+02   0.25871E+02   0.35606E+00  -0.18282E+00
   0.25427E+03   0.29912E+02   0.25656E+02   0.35807E+00  -0.18224E+00
   0.25462E+03   0.29914E+02   0.25663E+02   0.36470E+00  -0.18013E+00
   0.25497E+03   0.29916E+02   0.25330E+02   0.36600E+00  -0.19555E+00
   0.25532E+03   0.29917E+02   0.25115E+02   0.36427E+00  -0.20710E+00
   0.25567E+03   0.29916E+02   0.25350E+02   0.36536E+00  -0.19871E+00
   0.25602E+03   0.29916E+02   0.25459E+02   0.36853E+00  -0.19720E+00
   0.25637E+03   0.29917E+02   0.25566E+02   0.37368E+00  -0.20056E+00
   0.25672E+03   0.29922E+02   0.25436E+02   0.37874E+00  -0.21128E+00
   0.25707E+03   0.29927E+02   0.25127E+02   0.38467E+00  -0.22284E+00
   0.25742E+03   0.29930E+02   0.25048E+02   0.38800E+00  -0.21983E+00
   0.25777E+03   0.29931E+02   0.25076E+02   0.39097E+00  -0.22263E+00
   0.25812E+03   0.29932E+02   0.25016E+02   0.39537E+00  -0.22954E+00
   0.25847E+03   0.29934E+02   0.24952E+02   0.39689E+00  -0.23380E+00
   0.25882E+03   0.29935E+02   0.24880E+02   0.39788E+00  -0.24181E+00
   0.25917E+03   0.29938E+02   0.24798E+02   0.40597E+00  -0.24353E+00
   0.25952E+03   0.29942E+02   0.24977E+02   0.41634E+00  -0.24063E+00
   0.25987E+03   0.29946E+02   0.25421E+02   0.42332E+00  -0.23711E+00
   0.26022E+03   0.29949E+02   0.25566E+02   0.42747E+00  -0.23064E+00
   0.26057E+03   0.29951E+02   0.25397E+02   0.42659E+00  -0.23172E+00
   0.26092E+03   0.29952E+02   0.25432E+02   0.42789E+00  -0.22866E+00
   0.26127E+03   0.29954E+02   0.25690E+02   0.43205E+00  -0.21251E+00
   0.26162E+03   0.29955E+02   0.25994E+02   0.43066E+00  -0.19582E+00
   0.26197E+03   0.29955E+02   0.26135E+02   0.42400E+00  -0.18483E+00
   0.26232E+03   0.29953E+02   0.26352E+02   0.41895E+00  -0.17505E+00
   0.26267E+03   0.29950E+02   0.26556E+02   0.41765E+00  -0.15908E+00
   0.26302E+03   0.29949E+02   0.26438E+02   0.41207E+00  -0.15313E+00
   0.26337E+03   0.29948E+02   0.26525E+02   0.40270E+00  -0.14901E+00
   0.26372E+03   0.29944E+02   0.26521E+02   0.39521E+00  -0.13904E+00
   0.26407E+03   0.29938E+02   0.26350E+02   0.38261E+00  -0.13172E+00
   0.26442E+03   0.29930E+02   0.26287E+02   0.37128E+00  -0.12952E+00
   0.26477E+03   0.29923E+02   0.26178E+02   0.36756E+00  -0.13368E+00
   0.26512E+03   0.29918E+02   0.26198E+02   0.36543E+00  -0.13142E+00
   0.26547E+03   0.29916E+02   0.26058E+02   0.35993E+00  -0.13644E+00
   0.26582E+03   0.29913E+02   0.25901E+02   0.35375E+00  -0.14382E+00
   0.26617E+03   0.29912E+02   0.25728E+02   0.34793E+00  -0.14385E+00
   0.26652E+03   0.29907E+02   0.25523E+02   0.34429E+00  -0.15068E+00
   0.26687E+03   0.29902E+02   0.25722E+02   0.34775E+00  -0.14697E+00
   0.26722E+03   0.29902E+02   0.25810E+02   0.34609E+00  -0.14559E+00
   0.26757E+03   0.29900E+02   0.25538E+02   0.34416E+00  -0.16232E+00
   0.26792E+03   0.29899E+02   0.25275E+02   0.34774E+00  -0.17319E+00
   0.26827E+03   0.29901E+02   0.25126E+02   0.34492E+00  -0.17823E+00
   0.26862E+03   0.29900E+02   0.25113E+02   0.34236E+00  -0.18056E+00
   0.26897E+03   0.29899E+02   0.25218E+02   0.34869E+00  -0.18623E+00
   0.26932E+03   0.29900E+02   0.25242E+02   0.35446E+00  -0.19551E+00
   0.26967E+03   0.29902E+02   0.25083E+02   0.35812E+00  -0.20368E+00
   0.27002E+03   0.29907E+02   0.25333E+02   0.36223E+00  -0.20955E+00
   0.27037E+03   0.29914E+02   0.25475E+02   0.36812E+00  -0.20945E+00
   0.27072E+03   0.29919E+02   0.25213E+02   0.37506E+00  -0.21066E+00
   0.27107E+03   0.29920E+02   0.25116E+02   0.37554E+00  -0.21974E+00
   0.27142E+03   0.29921E+02   0.25120E+02   0.37873E+00  -0.22572E+00
   0.27177E+03   0.29925E+02   0.25335E+02   0.38545E+00  -0.22036E+00
   0.27212E+03   0.29930E+02   0.25385E+02   0.39074E+00  -0.22684E+00
   0.27247E+03   0.29933E+02   0.25267E+02   0.39602E+00  -0.23549E+00
   0.27282E+03   0.29935E+02   0.25466E+02   0.40021E+00  -0.22482E+00
   0.27317E+03   0.29938E+02   0.25621E+02   0.40444E+00  -0.22027E+00
   0.27352E+03   0.29941E+02   0.25738E+02   0.40942E+00  -0.21911E+00
   0.27387E+03   0.29945E+02   0.25664E+02   0.41676E+00  -0.21946E+00
   0.27422E+03   0.29947E+02   0.25357E+02   0.41613E+00  -0.22653E+00
   0.27457E+03   0.29947E+02   0.25276E+02   0.41249E+00  -0.22292E+00
   0.27492E+03   0.29949E+02   0.25121E+02   0.41300E+00  -0.22332E+00
   0.27527E+03   0.29948E+02   0.24848E+02   0.41175E+00  -0.22908E+00
   0.27562E+03   0.29947E+02   0.24859E+02   0.41433E+00  -0.22594E+00
   0.27597E+03   0.29948E+02   0.24944E+02   0.41454E+00  -0.22421E+00
   0.27632E+03   0.29948E+02   0.25211E+02   0.41573E+00  -0.21552E+00
   0.27667E+03   0.29949E+02   0.25546E+02   0.42190E+00  -0.20551E+00
   0.27702E+03   0.29950E+02   0.25815E+02   0.42718E+00  -0.19496E+00
   0.27737E+03   0.29952E+02   0.26105E+02   0.42699E+00  -0.17940E+00
   0.27772E+03   0.29953E+02   0.25935E+02   0.41746E+00  -0.17919E+00
   0.27807E+03   0.29951E+02   0.25719E+02   0.41070E+00  -0.17645E+00
   0.27842E+03   0.29948E+02   0.26005E+02   0.40812E+00  -0.15541E+00
   0.27877E+03   0.29945E+02   0.26126E+02   0.40072E+00  -0.14733E+00
   0.27912E+03   0.29939E+02   0.26025E+02   0.38742E+00  -0.15390E+00
   0.27947E+03   0.29935E+02   0.26085E+02   0.38169E+00  -0.14894E+00
   0.27982E+03   0.29932E+02   0.26029E+02   0.37464E+00  -0.14172E+00
   0.28017E+03   0.29926E+02   0.25909E+02   0.36899E+00  -0.14215E+00
   0.28052E+03   0.29922E+02   0.25677E+02   0.36694E+00  -0.15039E+00
   0.28087E+03   0.29920E+02   0.25539E+02   0.36129E+00  -0.15444E+00
   0.28122E+03   0.29919E+02   0.25582E+02   0.35611E+00  -0.15070E+00
   0.28157E+03   0.29915E+02   0.25470E+02   0.35075E+00  -0.15659E+00
   0.28192E+03   0.29911E+02   0.25430E+02   0.35135E+00  -0.16020E+00
   0.28227E+03   0.29909E+02   0.25762E+02   0.35625E+00  -0.15019E+00
   0.28262E+03   0.29910E+02   0.25974E+02   0.36046E+00  -0.15151E+00
   0.28297E+03   0.29910E+02   0.25844E+02   0.35848E+00  -0.16254E+00
   0.28332E+03   0.29907E+02   0.25786E+02   0.35836E+00  -0.16583E+00
   0.28367E+03   0.29906E+02   0.25855E+02   0.36071E+00  -0.16336E+00
   0.28402E+03   0.29908E+02   0.25929E+02   0.35939E+00  -0.15765E+00
   0.28437E+03   0.29907E+02   0.25842E+02   0.35154E+00  -0.16377E+00
   0.28472E+03   0.29904E+02   0.25781E+02   0.34743E+00  -0.17073E+00
   0.28507E+03   0.29904E+02   0.25897E+02   0.35270E+00  -0.16259E+00
   0.28542E+03   0.29904E+02   0.26066E+02   0.35467E+00  -0.15942E+00
   0.28577E+03   0.29904E+02   0.25911E+02   0.35114E+00  -0.17130E+00
   0.28612E+03   0.29904E+02   0.25571E+02   0.35292E+00  -0.18252E+00
   0.28647E+03   0.29905E+02   0.25550E+02   0.35574E+00  -0.18223E+00
   0.28682E+03   0.29906E+02   0.25651E+02   0.35385E+00  -0.17943E+00
   0.28717E+03   0.29906E+02   0.25753E+02   0.35492E+00  -0.18251E+00
   0.28752E+03   0.29907E+02   0.25692E+02   0.36305E+00  -0.18795E+00
   0.28787E+03   0.29911E+02   0.25602E+02   0.37039E+00  -0.19156E+00
   0.28822E+03   0.29913E+02   0.25782E+02   0.36785E+00  -0.19029E+00
   0.28857E+03   0.29913E+02   0.25749E+02   0.37105E+00  -0.19336E+00
   0.28892E+03   0.29918E+02   0.25514E+02   0.38059E+00  -0.19969E+00
   0.28927E+03   0.29922E+02   0.25583E+02   0.38150E+00  -0.19664E+00
   0.28962E+03   0.29923E+02   0.25674E+02   0.37687E+00  -0.19870E+00
   0.28997E+03   0.29923E+02   0.25707E+02   0.37839E+00  -0.19991E+00
   0.29032E+03   0.29926E+02   0.25851E+02   0.38573E+00  -0.19224E+00
   0.29067E+03   0.29929E+02   0.25812E+02   0.39114E+00  -0.19329E+00
   0.29102E+03   0.29931E+02   0.25555E+02   0.38866E+00  -0.20358E+00
   0.29137E+03   0.29931E+02   0.25745E+02   0.38290E+00  -0.19775E+00
   0.29172E+03   0.29931E+02   0.26104E+02   0.38695E+00  -0.18093E+00
   0.29207E+03   0.29933E+02   0.26109E+02   0.39092E+00  -0.17734E+00
   0.29242E+03   0.29933E+02   0.26050E+02   0.38680E+00  -0.18016E+00
   0.29277E+03   0.29932E+02   0.25869E+02   0.38500E+00  -0.18607E+00
   0.29312E+03   0.29931E+02   0.25570E+02   0.38404E+00  -0.19157E+00
   0.29347E+03   0.29930E+02   0.25666E+02   0.38517E+00  -0.18490E+00
   0.29382E+03   0.29930E+02   0.25747E+02   0.38487E+00  -0.18096E+00
   0.29417E+03   0.29930E+02   0.25777E+02   0.37684E+00  -0.17924E+00
   0.29452E+03   0.29927E+02   0.26034E+02   0.37630E+00  -0.16962E+00
   0.29487E+03   0.29926E+02   0.26174E+02   0.38138E+00  -0.16335E+00
   0.29522E+03   0.29928E+02   0.26199E+02   0.38248E+00  -0.16234E+00
   0.29557E+03   0.29928E+02   0.26153E+02   0.38682E+00  -0.16530E+00
   0.29592E+03   0.29928E+02   0.26079E+02   0.38277E+00  -0.16630E+00
   0.29627E+03   0.29926E+02   0.25940E+02   0.36897E+00  -0.16242E+00
   0.29662E+03   0.29922E+02   0.25970E+02   0.36255E+00  -0.15655E+00
   0.29697E+03   0.29918E+02   0.26168E+02   0.36363E+00  -0.15108E+00
   0.29732E+03   0.29916E+02   0.26267E+02   0.36489E+00  -0.14724E+00
   0.29767E+03   0.29915E+02   0.26051E+02   0.36200E+00  -0.15540E+00
   0.29802E+03   0.29913E+02   0.25937E+02   0.35826E+00  -0.16541E+00
   0.29837E+03   0.29913E+02   0.25930E+02   0.35870E+00  -0.16072E+00
   0.29872E+03   0.29911E+02   0.25726E+02   0.35759E+00  -0.16130E+00
   0.29907E+03   0.29905E+02   0.25569E+02   0.35370E+00  -0.17462E+00
   0.29942E+03   0.29904E+02   0.25304E+02   0.35488E+00  -0.18473E+00
   0.29977E+03   0.29905E+02   0.25136E+02   0.35655E+00  -0.19227E+00
   0.30012E+03   0.29907E+02   0.25195E+02   0.35872E+00  -0.20031E+00
   0.30047E+03   0.29911E+02   0.25240E+02   0.36607E+00  -0.19864E+00
   0.30082E+03   0.29915E+02   0.25011E+02   0.36962E+00  -0.20679E+00
   0.30118E+03   0.29917E+02   0.24816E+02   0.37047E+00  -0.22355E+00
   0.30153E+03   0.29920E+02   0.24836E+02   0.37746E+00  -0.22796E+00
   0.30188E+03   0.29924E+02   0.24590E+02   0.38446E+00  -0.23719E+00
   0.30223E+03   0.29927E+02   0.24641E+02   0.39142E+00  -0.24569E+00
   0.30258E+03   0.29932E+02   0.24588E+02   0.39842E+00  -0.25152E+00
   0.30293E+03   0.29936E+02   0.24127E+02   0.39872E+00  -0.26651E+00
   0.30328E+03   0.29938E+02   0.24100E+02   0.40167E+00  -0.27481E+00
   0.30363E+03   0.29941E+02   0.24474E+02   0.41865E+00  -0.27097E+00
   0.30398E+03   0.29947E+02   0.24681E+02   0.43643E+00  -0.27201E+00
   0.30433E+03   0.29953E+02   0.24524E+02   0.44044E+00  -0.28702E+00
   0.30468E+03   0.29957E+02   0.24747E+02   0.44258E+00  -0.29209E+00
   0.30503E+03   0.29959E+02   0.25341E+02   0.45163E+00  -0.26792E+00
   0.30538E+03   0.29962E+02   0.25584E+02   0.46195E+00  -0.25078E+00
   0.30573E+03   0.29965E+02   0.25570E+02   0.46804E+00  -0.25350E+00
   0.30608E+03   0.29967E+02   0.25568E+02   0.46874E+00  -0.25117E+00
   0.30643E+03   0.29968E+02   0.25872E+02   0.46407E+00  -0.23214E+00
   0.30678E+03   0.29968E+02   0.26235E+02   0.45957E+00  -0.20747E+00
   0.30713E+03   0.29966E+02   0.26318E+02   0.45745E+00  -0.19351E+00
   0.30748E+03   0.29966E+02   0.26447E+02   0.45259E+00  -0.17966E+00
   0.30783E+03   0.29964E+02   0.26410E+02   0.44165E+00  -0.16882E+00
   0.30818E+03   0.29960E+02   0.26458E+02   0.42987E+00  -0.15877E+00
   0.30853E+03   0.29957E+02   0.26713E+02   0.42420E+00  -0.13971E+00
   0.30888E+03   0.29955E+02   0.26990E+02   0.41892E+00  -0.11640E+00
   0.30923E+03   0.29950E+02   0.27126E+02   0.40434E+00  -0.10438E+00
   0.30958E+03   0.29942E+02   0.26982E+02   0.38512E+00  -0.10241E+00
   0.30993E+03   0.29936E+02   0.26819E+02   0.36970E+00  -0.95554E-01
   0.31028E+03   0.29927E+02   0.26772E+02   0.36105E+00  -0.88411E-01
   0.31063E+03   0.29918E+02   0.26892E+02   0.35814E+00  -0.78957E-01
   0.31098E+03   0.29909E+02   0.27019E+02   0.34123E+00  -0.71561E-01
   0.31133E+03   0.29897E+02   0.26946E+02   0.32445E+00  -0.81693E-01
   0.31168E+03   0.29887E+02   0.26876E+02   0.32223E+00  -0.87256E-01
   0.31203E+03   0.29879E+02   0.26982E+02   0.32221E+00  -0.79281E-01
   0.31238E+03   0.29873E+02   0.26936E+02   0.32011E+00  -0.85560E-01
   0.31273E+03   0.29869E+02   0.26493E+02   0.31577E+00  -0.11282E+00
   0.31308E+03   0.29864E+02   0.26118E+02   0.30982E+00  -0.12896E+00
   0.31343E+03   0.29855E+02   0.25976E+02   0.30120E+00  -0.12651E+00
   0.31378E+03   0.29847E+02   0.25754E+02   0.30151E+00  -0.13607E+00
   0.31413E+03   0.29847E+02   0.25477E+02   0.30714E+00  -0.15681E+00
   0.31448E+03   0.29851E+02   0.25230E+02   0.31067E+00  -0.17243E+00
   0.31483E+03   0.29855E+02   0.25240E+02   0.31386E+00  -0.18111E+00
   0.31518E+03   0.29857E+02   0.25160E+02   0.32193E+00  -0.19421E+00
   0.31553E+03   0.29864E+02   0.24924E+02   0.33703E+00  -0.21227E+00
   0.31588E+03   0.29877E+02   0.24828E+02   0.34926E+00  -0.22929E+00
   0.31623E+03   0.29888E+02   0.24901E+02   0.35412E+00  -0.24107E+00
   0.31658E+03   0.29895E+02   0.25100E+02   0.35955E+00  -0.24456E+00
   0.31693E+03   0.29903E+02   0.25394E+02   0.37501E+00  -0.24179E+00
   0.31728E+03   0.29915E+02   0.25925E+02   0.39358E+00  -0.23771E+00
   0.31763E+03   0.29927E+02   0.26251E+02   0.40356E+00  -0.23745E+00
   0.31798E+03   0.29934E+02   0.25892E+02   0.40348E+00  -0.24905E+00
   0.31833E+03   0.29937E+02   0.25736E+02   0.40766E+00  -0.25005E+00
   0.31868E+03   0.29941E+02   0.26109E+02   0.42229E+00  -0.23172E+00
   0.31903E+03   0.29946E+02   0.26355E+02   0.42609E+00  -0.22277E+00
   0.31938E+03   0.29948E+02   0.26429E+02   0.41813E+00  -0.22339E+00
   0.31973E+03   0.29948E+02   0.26577E+02   0.41882E+00  -0.21401E+00
   0.32008E+03   0.29949E+02   0.26858E+02   0.42817E+00  -0.19345E+00
   0.32043E+03   0.29951E+02   0.27072E+02   0.43171E+00  -0.17994E+00
   0.32078E+03   0.29953E+02   0.27030E+02   0.42739E+00  -0.17745E+00
   0.32113E+03   0.29953E+02   0.26820E+02   0.42077E+00  -0.17229E+00
   0.32148E+03   0.29951E+02   0.26683E+02   0.40965E+00  -0.15552E+00
   0.32183E+03   0.29947E+02   0.26704E+02   0.39461E+00  -0.13910E+00
   0.32218E+03   0.29941E+02   0.26882E+02   0.38892E+00  -0.12479E+00
   0.32253E+03   0.29937E+02   0.26992E+02   0.38849E+00  -0.11328E+00
   0.32288E+03   0.29932E+02   0.26983E+02   0.37895E+00  -0.11225E+00
   0.32323E+03   0.29926E+02   0.26948E+02   0.36714E+00  -0.11101E+00
   0.32358E+03   0.29920E+02   0.27053E+02   0.35958E+00  -0.10176E+00
   0.32393E+03   0.29915E+02   0.27227E+02   0.35690E+00  -0.89642E-01
   0.32428E+03   0.29909E+02   0.27033E+02   0.34648E+00  -0.93493E-01
   0.32463E+03   0.29899E+02   0.26614E+02   0.32983E+00  -0.10938E+00
   0.32498E+03   0.29889E+02   0.26421E+02   0.32028E+00  -0.10964E+00
   0.32533E+03   0.29881E+02   0.26513E+02   0.32081E+00  -0.10105E+00
   0.32568E+03   0.29875E+02   0.26413E+02   0.32279E+00  -0.11206E+00
   0.32603E+03   0.29872E+02   0.26025E+02   0.31554E+00  -0.13682E+00
   0.32638E+03   0.29863E+02   0.25897E+02   0.31080E+00  -0.14553E+00
   0.32673E+03   0.29859E+02   0.26123E+02   0.31803E+00  -0.13759E+00
   0.32708E+03   0.29864E+02   0.25929E+02   0.32543E+00  -0.14986E+00
   0.32743E+03   0.29870E+02   0.25561E+02   0.32884E+00  -0.17646E+00
   0.32778E+03   0.29873E+02   0.25561E+02   0.33185E+00  -0.18510E+00
   0.32813E+03   0.29879E+02   0.25433E+02   0.33399E+00  -0.18540E+00
   0.32848E+03   0.29882E+02   0.25193E+02   0.33221E+00  -0.19454E+00
   0.32883E+03   0.29884E+02   0.24819E+02   0.33982E+00  -0.21860E+00
   0.32918E+03   0.29890E+02   0.24609E+02   0.35191E+00  -0.23431E+00
   0.32953E+03   0.29895E+02   0.24514E+02   0.35768E+00  -0.24379E+00
   0.32988E+03   0.29901E+02   0.24393E+02   0.36461E+00  -0.27166E+00
   0.33023E+03   0.29909E+02   0.24679E+02   0.38096E+00  -0.28351E+00
   0.33058E+03   0.29921E+02   0.25058E+02   0.40480E+00  -0.27547E+00
   0.33093E+03   0.29932E+02   0.25081E+02   0.41535E+00  -0.28658E+00
   0.33128E+03   0.29940E+02   0.25289E+02   0.42215E+00  -0.29539E+00
   0.33163E+03   0.29947E+02   0.25741E+02   0.43919E+00  -0.28469E+00
   0.33198E+03   0.29954E+02   0.25884E+02   0.46027E+00  -0.27481E+00
   0.33233E+03   0.29961E+02   0.25979E+02   0.46360E+00  -0.27075E+00
   0.33268E+03   0.29963E+02   0.26482E+02   0.45817E+00  -0.25713E+00
   0.33303E+03   0.29965E+02   0.26992E+02   0.46273E+00  -0.22933E+00
   0.33338E+03   0.29966E+02   0.27046E+02   0.46810E+00  -0.20923E+00
   0.33373E+03   0.29967E+02   0.27168E+02   0.46458E+00  -0.20081E+00
   0.33408E+03   0.29967E+02   0.27306E+02   0.45582E+00  -0.18503E+00
   0.33443E+03   0.29966E+02   0.27565E+02   0.44838E+00  -0.15540E+00
   0.33478E+03   0.29963E+02   0.27590E+02   0.43751E+00  -0.13385E+00
   0.33513E+03   0.29959E+02   0.27338E+02   0.42046E+00  -0.12641E+00
   0.33548E+03   0.29952E+02   0.27592E+02   0.40503E+00  -0.10400E+00
   0.33583E+03   0.29947E+02   0.27873E+02   0.39584E+00  -0.77693E-01
   0.33618E+03   0.29940E+02   0.27785E+02   0.38219E+00  -0.72139E-01
   0.33653E+03   0.29930E+02   0.27470E+02   0.36649E+00  -0.76650E-01
   0.33688E+03   0.29918E+02   0.27128E+02   0.35366E+00  -0.83861E-01
   0.33723E+03   0.29907E+02   0.26979E+02   0.34149E+00  -0.80109E-01
   0.33758E+03   0.29897E+02   0.27009E+02   0.32589E+00  -0.74404E-01
   0.33793E+03   0.29883E+02   0.26923E+02   0.31572E+00  -0.81631E-01
   0.33828E+03   0.29875E+02   0.26492E+02   0.31689E+00  -0.98304E-01
   0.33863E+03   0.29873E+02   0.25981E+02   0.31214E+00  -0.12102E+00
   0.33898E+03   0.29861E+02   0.25730E+02   0.30577E+00  -0.13439E+00
   0.33933E+03   0.29855E+02   0.25642E+02   0.31223E+00  -0.13754E+00
   0.33968E+03   0.29859E+02   0.25619E+02   0.32114E+00  -0.14414E+00
   0.34003E+03   0.29863E+02   0.25594E+02   0.32095E+00  -0.15825E+00
   0.34038E+03   0.29865E+02   0.25544E+02   0.31618E+00  -0.17326E+00
   0.34073E+03   0.29868E+02   0.25301E+02   0.32412E+00  -0.18299E+00
   0.34108E+03   0.29876E+02   0.24853E+02   0.33971E+00  -0.19984E+00
   0.34143E+03   0.29885E+02   0.24719E+02   0.34494E+00  -0.22107E+00
   0.34178E+03   0.29889E+02   0.24611E+02   0.34283E+00  -0.23524E+00
   0.34213E+03   0.29891E+02   0.24442E+02   0.34349E+00  -0.24831E+00
   0.34248E+03   0.29896E+02   0.24502E+02   0.35495E+00  -0.25668E+00
   0.34283E+03   0.29904E+02   0.24407E+02   0.37550E+00  -0.27308E+00
   0.34318E+03   0.29916E+02   0.24404E+02   0.39226E+00  -0.29588E+00
   0.34353E+03   0.29927E+02   0.24768E+02   0.40632E+00  -0.30537E+00
   0.34388E+03   0.29937E+02   0.25387E+02   0.42562E+00  -0.29705E+00
   0.34423E+03   0.29946E+02   0.25825E+02   0.44010E+00  -0.28674E+00
   0.34458E+03   0.29953E+02   0.25693E+02   0.45039E+00  -0.29147E+00
   0.34493E+03   0.29959E+02   0.25704E+02   0.46010E+00  -0.28824E+00
   0.34528E+03   0.29963E+02   0.25965E+02   0.46859E+00  -0.27429E+00
   0.34563E+03   0.29967E+02   0.26429E+02   0.47565E+00  -0.25253E+00
   0.34598E+03   0.29969E+02   0.26914E+02   0.48044E+00  -0.22796E+00
   0.34633E+03   0.29970E+02   0.27102E+02   0.47594E+00  -0.21328E+00
   0.34668E+03   0.29969E+02   0.27360E+02   0.46779E+00  -0.18844E+00
   0.34703E+03   0.29968E+02   0.27267E+02   0.46114E+00  -0.17075E+00
   0.34738E+03   0.29967E+02   0.27217E+02   0.45220E+00  -0.15555E+00
   0.34773E+03   0.29965E+02   0.27304E+02   0.44424E+00  -0.12975E+00
   0.34808E+03   0.29961E+02   0.27101E+02   0.42401E+00  -0.12086E+00
   0.34843E+03   0.29954E+02   0.27020E+02   0.39948E+00  -0.10882E+00
   0.34878E+03   0.29944E+02   0.27202E+02   0.38485E+00  -0.86276E-01
   0.34913E+03   0.29934E+02   0.27500E+02   0.37990E+00  -0.69336E-01
   0.34948E+03   0.29929E+02   0.27461E+02   0.37445E+00  -0.69656E-01
   0.34983E+03   0.29922E+02   0.27114E+02   0.35743E+00  -0.84822E-01
   0.35018E+03   0.29913E+02   0.26836E+02   0.33867E+00  -0.88014E-01
   0.35053E+03   0.29900E+02   0.26750E+02   0.32819E+00  -0.79195E-01
   0.35088E+03   0.29887E+02   0.26844E+02   0.32440E+00  -0.73636E-01
   0.35123E+03   0.29876E+02   0.26971E+02   0.31769E+00  -0.77229E-01
   0.35158E+03   0.29865E+02   0.26959E+02   0.31278E+00  -0.85540E-01
   0.35193E+03   0.29860E+02   0.26874E+02   0.31316E+00  -0.90849E-01
   0.35228E+03   0.29857E+02   0.26686E+02   0.31314E+00  -0.10253E+00
   0.35263E+03   0.29856E+02   0.26424E+02   0.31445E+00  -0.11841E+00
   0.35298E+03   0.29857E+02   0.26240E+02   0.30998E+00  -0.12752E+00
   0.35333E+03   0.29850E+02   0.25964E+02   0.29954E+00  -0.13720E+00
   0.35368E+03   0.29842E+02   0.25703E+02   0.29469E+00  -0.14548E+00
   0.35403E+03   0.29842E+02   0.25354E+02   0.29955E+00  -0.16355E+00
   0.35438E+03   0.29849E+02   0.24973E+02   0.30951E+00  -0.18826E+00
   0.35473E+03   0.29856E+02   0.24836E+02   0.31610E+00  -0.20313E+00
   0.35508E+03   0.29858E+02   0.24859E+02   0.32053E+00  -0.21349E+00
   0.35543E+03   0.29865E+02   0.24798E+02   0.33303E+00  -0.22566E+00
   0.35578E+03   0.29880E+02   0.24490E+02   0.34644E+00  -0.24807E+00
   0.35613E+03   0.29892E+02   0.24084E+02   0.35627E+00  -0.27711E+00
   0.35648E+03   0.29903E+02   0.24192E+02   0.36999E+00  -0.28826E+00
   0.35683E+03   0.29914E+02   0.24666E+02   0.38987E+00  -0.28638E+00
   0.35718E+03   0.29926E+02   0.24872E+02   0.41016E+00  -0.29454E+00
   0.35753E+03   0.29937E+02   0.25130E+02   0.42056E+00  -0.30279E+00
   0.35788E+03   0.29945E+02   0.25325E+02   0.42987E+00  -0.30331E+00
   0.35823E+03   0.29951E+02   0.25179E+02   0.44645E+00  -0.30275E+00
   0.35858E+03   0.29957E+02   0.25300E+02   0.46488E+00  -0.30115E+00
   0.35893E+03   0.29964E+02   0.25721E+02   0.47741E+00  -0.29682E+00
   0.35928E+03   0.29968E+02   0.25965E+02   0.48046E+00  -0.28793E+00
   0.35963E+03   0.29970E+02   0.26325E+02   0.47912E+00  -0.26790E+00
   0.35998E+03   0.29971E+02   0.26957E+02   0.48163E+00  -0.23923E+00
   0.36033E+03   0.29972E+02   0.27271E+02   0.48932E+00  -0.21755E+00
   0.36068E+03   0.29973E+02   0.26946E+02   0.48966E+00  -0.21159E+00
   0.36103E+03   0.29973E+02   0.26827E+02   0.47938E+00  -0.19670E+00
   0.36138E+03   0.29972E+02   0.27168E+02   0.46591E+00  -0.16610E+00
   0.36173E+03   0.29970E+02   0.27303E+02   0.44941E+00  -0.13859E+00
   0.36208E+03   0.29966E+02   0.27121E+02   0.43259E+00  -0.11924E+00
   0.36243E+03   0.29959E+02   0.26983E+02   0.41615E+00  -0.10898E+00
   0.36278E+03   0.29954E+02   0.26998E+02   0.40084E+00  -0.93866E-01
   0.36313E+03   0.29947E+02   0.26992E+02   0.38733E+00  -0.81439E-01
   0.36348E+03   0.29938E+02   0.26812E+02   0.37583E+00  -0.87750E-01
   0.36383E+03   0.29929E+02   0.26649E+02   0.36327E+00  -0.87378E-01
   0.36418E+03   0.29919E+02   0.26521E+02   0.34476E+00  -0.86253E-01
   0.36453E+03   0.29907E+02   0.26387E+02   0.33049E+00  -0.95726E-01
   0.36488E+03   0.29899E+02   0.26256E+02   0.32806E+00  -0.10016E+00
   0.36523E+03   0.29894E+02   0.26159E+02   0.33036E+00  -0.10272E+00
   0.36558E+03   0.29889E+02   0.26041E+02   0.32885E+00  -0.11399E+00
   0.36593E+03   0.29883E+02   0.25965E+02   0.32273E+00  -0.12280E+00
   0.36628E+03   0.29876E+02   0.25955E+02   0.31905E+00  -0.12141E+00
   0.36663E+03   0.29873E+02   0.25760E+02   0.32274E+00  -0.13267E+00
   0.36698E+03   0.29873E+02   0.25629E+02   0.32514E+00  -0.14797E+00
   0.36733E+03   0.29870E+02   0.25756E+02   0.32061E+00  -0.14637E+00
   0.36768E+03   0.29869E+02   0.25755E+02   0.31975E+00  -0.15048E+00
   0.36803E+03   0.29870E+02   0.25819E+02   0.32497E+00  -0.15520E+00
   0.36838E+03   0.29870E+02   0.25976E+02   0.32910E+00  -0.15676E+00
   0.36873E+03   0.29871E+02   0.25719E+02   0.33013E+00  -0.17106E+00
   0.36908E+03   0.29874E+02   0.25369E+02   0.33180E+00  -0.18830E+00
   0.36943E+03   0.29879E+02   0.25036E+02   0.33571E+00  -0.20447E+00
   0.36978E+03   0.29882E+02   0.24798E+02   0.33606E+00  -0.21479E+00
   0.37013E+03   0.29885E+02   0.24764E+02   0.34057E+00  -0.22133E+00
   0.37048E+03   0.29889E+02   0.24891E+02   0.35077E+00  -0.22849E+00
   0.37083E+03   0.29898E+02   0.25000E+02   0.36387E+00  -0.23818E+00
   0.37118E+03   0.29909E+02   0.25173E+02   0.37473E+00  -0.24679E+00
   0.37153E+03   0.29917E+02   0.25340E+02   0.38934E+00  -0.25012E+00
   0.37188E+03   0.29927E+02   0.25612E+02   0.40448E+00  -0.24186E+00
   0.37223E+03   0.29935E+02   0.25979E+02   0.41204E+00  -0.23344E+00
   0.37258E+03   0.29940E+02   0.26045E+02   0.41798E+00  -0.23654E+00
   0.37293E+03   0.29944E+02   0.25910E+02   0.42202E+00  -0.24022E+00
   0.37328E+03   0.29948E+02   0.25876E+02   0.42583E+00  -0.23253E+00
   0.37363E+03   0.29951E+02   0.26055E+02   0.42544E+00  -0.22216E+00
   0.37398E+03   0.29952E+02   0.26229E+02   0.42618E+00  -0.21393E+00
   0.37433E+03   0.29953E+02   0.26253E+02   0.42399E+00  -0.20329E+00
   0.37468E+03   0.29952E+02   0.26244E+02   0.41938E+00  -0.19648E+00
   0.37503E+03   0.29949E+02   0.26400E+02   0.42228E+00  -0.18940E+00
   0.37538E+03   0.29950E+02   0.26544E+02   0.42640E+00  -0.18119E+00
   0.37573E+03   0.29951E+02   0.26383E+02   0.41990E+00  -0.17822E+00
   0.37608E+03   0.29949E+02   0.26282E+02   0.41114E+00  -0.17492E+00
   0.37643E+03   0.29946E+02   0.26552E+02   0.40483E+00  -0.15460E+00
   0.37678E+03   0.29943E+02   0.26727E+02   0.39664E+00  -0.13472E+00
   0.37713E+03   0.29939E+02   0.26709E+02   0.39092E+00  -0.13185E+00
   0.37748E+03   0.29936E+02   0.26673E+02   0.38996E+00  -0.13148E+00
   0.37783E+03   0.29933E+02   0.26714E+02   0.38038E+00  -0.12233E+00
   0.37818E+03   0.29926E+02   0.26659E+02   0.36719E+00  -0.11715E+00
   0.37853E+03   0.29919E+02   0.26468E+02   0.36249E+00  -0.12374E+00
   0.37888E+03   0.29915E+02   0.26425E+02   0.35491E+00  -0.12014E+00
   0.37923E+03   0.29908E+02   0.26451E+02   0.34395E+00  -0.11504E+00
   0.37958E+03   0.29901E+02   0.26435E+02   0.33883E+00  -0.12054E+00
   0.37993E+03   0.29896E+02   0.26470E+02   0.33854E+00  -0.11931E+00
   0.38028E+03   0.29891E+02   0.26362E+02   0.33984E+00  -0.12360E+00
   0.38063E+03   0.29889E+02   0.26081E+02   0.33939E+00  -0.14052E+00
   0.38098E+03   0.29890E+02   0.25806E+02   0.32999E+00  -0.14923E+00
   0.38133E+03   0.29883E+02   0.25589E+02   0.32327E+00  -0.15318E+00
   0.38168E+03   0.29878E+02   0.25407E+02   0.32797E+00  -0.16187E+00
   0.38203E+03   0.29880E+02   0.25222E+02   0.33285E+00  -0.17546E+00
   0.38238E+03   0.29882E+02   0.25144E+02   0.33421E+00  -0.19183E+00
   0.38273E+03   0.29885E+02   0.25321E+02   0.33953E+00  -0.19807E+00
   0.38308E+03   0.29890E+02   0.25389E+02   0.34895E+00  -0.19885E+00
   0.38343E+03   0.29898E+02   0.25538E+02   0.35998E+00  -0.19864E+00
   0.38378E+03   0.29906E+02   0.25881E+02   0.36355E+00  -0.20202E+00
   0.38413E+03   0.29911E+02   0.25815E+02   0.36619E+00  -0.20942E+00
   0.38448E+03   0.29915E+02   0.25410E+02   0.37363E+00  -0.21361E+00
   0.38483E+03   0.29918E+02   0.25345E+02   0.37750E+00  -0.22000E+00
   0.38518E+03   0.29921E+02   0.25529E+02   0.38074E+00  -0.21978E+00
   0.38553E+03   0.29925E+02   0.25205E+02   0.38420E+00  -0.22971E+00
   0.38588E+03   0.29928E+02   0.24791E+02   0.38429E+00  -0.25287E+00
   0.38623E+03   0.29929E+02   0.25015E+02   0.38807E+00  -0.25044E+00
   0.38658E+03   0.29932E+02   0.25301E+02   0.40198E+00  -0.24106E+00
   0.38693E+03   0.29938E+02   0.25158E+02   0.41584E+00  -0.25194E+00
   0.38728E+03   0.29943E+02   0.25144E+02   0.42063E+00  -0.26159E+00
   0.38763E+03   0.29947E+02   0.25225E+02   0.42638E+00  -0.25805E+00
   0.38798E+03   0.29952E+02   0.25209E+02   0.43283E+00  -0.24981E+00
   0.38833E+03   0.29955E+02   0.25491E+02   0.43631E+00  -0.24043E+00
   0.38868E+03   0.29957E+02   0.25924E+02   0.44193E+00  -0.22687E+00
   0.38903E+03   0.29960E+02   0.26147E+02   0.44349E+00  -0.21379E+00
   0.38938E+03   0.29961E+02   0.26584E+02   0.43988E+00  -0.19836E+00
   0.38973E+03   0.29960E+02   0.27044E+02   0.43691E+00  -0.17919E+00
   0.39008E+03   0.29959E+02   0.27164E+02   0.43721E+00  -0.16092E+00
   0.39043E+03   0.29959E+02   0.27042E+02   0.43072E+00  -0.14922E+00
   0.39078E+03   0.29955E+02   0.27004E+02   0.41416E+00  -0.14021E+00
   0.39113E+03   0.29948E+02   0.26881E+02   0.39748E+00  -0.12911E+00
   0.39148E+03   0.29941E+02   0.26757E+02   0.38766E+00  -0.11988E+00
   0.39183E+03   0.29934E+02   0.26878E+02   0.38189E+00  -0.11244E+00
   0.39218E+03   0.29928E+02   0.26835E+02   0.37169E+00  -0.11028E+00
   0.39253E+03   0.29921E+02   0.26573E+02   0.35624E+00  -0.11543E+00
   0.39288E+03   0.29912E+02   0.26370E+02   0.34975E+00  -0.12024E+00
   0.39323E+03   0.29907E+02   0.26284E+02   0.35043E+00  -0.11904E+00
   0.39358E+03   0.29904E+02   0.26345E+02   0.34389E+00  -0.11302E+00
   0.39393E+03   0.29898E+02   0.26436E+02   0.33822E+00  -0.11726E+00
   0.39428E+03   0.29893E+02   0.26457E+02   0.33739E+00  -0.11731E+00
   0.39463E+03   0.29889E+02   0.26585E+02   0.33493E+00  -0.10855E+00
   0.39498E+03   0.29886E+02   0.26639E+02   0.33471E+00  -0.11403E+00
   0.39533E+03   0.29885E+02   0.26543E+02   0.33561E+00  -0.12383E+00
   0.39568E+03   0.29884E+02   0.26391E+02   0.33128E+00  -0.12815E+00
   0.39603E+03   0.29878E+02   0.26081E+02   0.32220E+00  -0.13831E+00
   0.39638E+03   0.29873E+02   0.25647E+02   0.31793E+00  -0.15547E+00
   0.39673E+03   0.29871E+02   0.25250E+02   0.31481E+00  -0.17123E+00
   0.39708E+03   0.29866E+02   0.24998E+02   0.31620E+00  -0.18534E+00
   0.39743E+03   0.29866E+02   0.25125E+02   0.32483E+00  -0.19179E+00
   0.39778E+03   0.29872E+02   0.25176E+02   0.33299E+00  -0.19863E+00
   0.39813E+03   0.29879E+02   0.24877E+02   0.34159E+00  -0.21915E+00
   0.39848E+03   0.29888E+02   0.24599E+02   0.35360E+00  -0.24097E+00
   0.39883E+03   0.29898E+02   0.24534E+02   0.36889E+00  -0.25084E+00
   0.39918E+03   0.29909E+02   0.24792E+02   0.37749E+00  -0.25535E+00
   0.39953E+03   0.29917E+02   0.25145E+02   0.38684E+00  -0.25756E+00
   0.39988E+03   0.29925E+02   0.25296E+02   0.40039E+00  -0.25880E+00
   0.40023E+03   0.29932E+02   0.25599E+02   0.40942E+00  -0.25414E+00
   0.40058E+03   0.29940E+02   0.25861E+02   0.41690E+00  -0.25029E+00
   0.40093E+03   0.29946E+02   0.25950E+02   0.42673E+00  -0.25072E+00
   0.40128E+03   0.29950E+02   0.26220E+02   0.43848E+00  -0.24074E+00
   0.40163E+03   0.29954E+02   0.26444E+02   0.44076E+00  -0.22852E+00
   0.40198E+03   0.29955E+02   0.26566E+02   0.43402E+00  -0.22071E+00
   0.40233E+03   0.29955E+02   0.26524E+02   0.43315E+00  -0.21158E+00
   0.40268E+03   0.29955E+02   0.26599E+02   0.43461E+00  -0.19800E+00
   0.40303E+03   0.29956E+02   0.26773E+02   0.43490E+00  -0.18399E+00
   0.40338E+03   0.29956E+02   0.26820E+02   0.42953E+00  -0.17708E+00
   0.40373E+03   0.29954E+02   0.26853E+02   0.42254E+00  -0.16661E+00
   0.40408E+03   0.29952E+02   0.26767E+02   0.41334E+00  -0.15193E+00
   0.40443E+03   0.29947E+02   0.26654E+02   0.40492E+00  -0.14264E+00
   0.40478E+03   0.29944E+02   0.26580E+02   0.39801E+00  -0.13546E+00
   0.40513E+03   0.29940E+02   0.26578E+02   0.38701E+00  -0.12891E+00
   0.40548E+03   0.29936E+02   0.26645E+02   0.37938E+00  -0.11966E+00
   0.40583E+03   0.29930E+02   0.26644E+02   0.37166E+00  -0.11093E+00
   0.40618E+03   0.29924E+02   0.26509E+02   0.36152E+00  -0.11039E+00
   0.40653E+03   0.29917E+02   0.26374E+02   0.35241E+00  -0.11580E+00
   0.40688E+03   0.29909E+02   0.26360E+02   0.34995E+00  -0.11706E+00
   0.40723E+03   0.29903E+02   0.26415E+02   0.34713E+00  -0.11522E+00
   0.40758E+03   0.29897E+02   0.26512E+02   0.34048E+00  -0.11511E+00
   0.40793E+03   0.29893E+02   0.26595E+02   0.33841E+00  -0.11686E+00
   0.40828E+03   0.29890E+02   0.26558E+02   0.33654E+00  -0.11849E+00
   0.40863E+03   0.29886E+02   0.26473E+02   0.33190E+00  -0.12014E+00
   0.40898E+03   0.29886E+02   0.26494E+02   0.32906E+00  -0.12341E+00
   0.40933E+03   0.29886E+02   0.26426E+02   0.32786E+00  -0.12709E+00
   0.40968E+03   0.29882E+02   0.26333E+02   0.32336E+00  -0.12806E+00
   0.41003E+03   0.29873E+02   0.26112E+02   0.31608E+00  -0.13823E+00
   0.41038E+03   0.29866E+02   0.25806E+02   0.31489E+00  -0.15424E+00
   0.41073E+03   0.29864E+02   0.25842E+02   0.31889E+00  -0.15644E+00
   0.41108E+03   0.29867E+02   0.25734E+02   0.32466E+00  -0.16771E+00
   0.41143E+03   0.29871E+02   0.25504E+02   0.32689E+00  -0.18404E+00
   0.41178E+03   0.29873E+02   0.25688E+02   0.33292E+00  -0.18455E+00
   0.41213E+03   0.29881E+02   0.25861E+02   0.34217E+00  -0.18557E+00
   0.41248E+03   0.29889E+02   0.25800E+02   0.34905E+00  -0.19328E+00
   0.41283E+03   0.29898E+02   0.25696E+02   0.35648E+00  -0.20447E+00
   0.41318E+03   0.29904E+02   0.25816E+02   0.35995E+00  -0.20427E+00
   0.41353E+03   0.29907E+02   0.25977E+02   0.36427E+00  -0.19590E+00
   0.41388E+03   0.29911E+02   0.26016E+02   0.37059E+00  -0.19840E+00
   0.41423E+03   0.29914E+02   0.25951E+02   0.37277E+00  -0.20596E+00
   0.41458E+03   0.29917E+02   0.25751E+02   0.37635E+00  -0.21264E+00
   0.41493E+03   0.29921E+02   0.25703E+02   0.38047E+00  -0.21460E+00
   0.41528E+03   0.29924E+02   0.25852E+02   0.38251E+00  -0.21147E+00
   0.41563E+03   0.29927E+02   0.25918E+02   0.38784E+00  -0.21025E+00
   0.41598E+03   0.29929E+02   0.25835E+02   0.39359E+00  -0.21348E+00
   0.41633E+03   0.29933E+02   0.25765E+02   0.39592E+00  -0.21660E+00
   0.41668E+03   0.29935E+02   0.25823E+02   0.39518E+00  -0.21245E+00
   0.41703E+03   0.29936E+02   0.25974E+02   0.40252E+00  -0.20679E+00
   0.41738E+03   0.29940E+02   0.25811E+02   0.40921E+00  -0.20697E+00
   0.41773E+03   0.29943E+02   0.25512E+02   0.40495E+00  -0.21433E+00
   0.41808E+03   0.29942E+02   0.25292E+02   0.39905E+00  -0.22153E+00
   0.41843E+03   0.29941E+02   0.25519E+02   0.40098E+00  -0.20898E+00
   0.41878E+03   0.29943E+02   0.26064E+02   0.40972E+00  -0.18975E+00
   0.41913E+03   0.29945E+02   0.26232E+02   0.41191E+00  -0.19066E+00
   0.41948E+03   0.29944E+02   0.26357E+02   0.40885E+00  -0.19003E+00
   0.41983E+03   0.29944E+02   0.26499E+02   0.40920E+00  -0.17541E+00
