       time        TW        TE         hW        hE
   0.17500E+00   0.29477E+02   0.29251E+02   0.32979E-02  -0.28738E-01
   0.52500E+00   0.28699E+02   0.27774E+02   0.27246E-01  -0.95523E-01
   0.87500E+00   0.28439E+02   0.26456E+02   0.67856E-01  -0.17102E+00
   0.12250E+01   0.28587E+02   0.25096E+02   0.11742E+00  -0.25737E+00
   0.15750E+01   0.28921E+02   0.24026E+02   0.17527E+00  -0.34309E+00
   0.19250E+01   0.29255E+02   0.23655E+02   0.23811E+00  -0.40583E+00
   0.22750E+01   0.29520E+02   0.23397E+02   0.30677E+00  -0.46584E+00
   0.26250E+01   0.29703E+02   0.23150E+02   0.37548E+00  -0.53127E+00
   0.29750E+01   0.29821E+02   0.23463E+02   0.44520E+00  -0.57765E+00
   0.33250E+01   0.29896E+02   0.24186E+02   0.51323E+00  -0.59594E+00
   0.36750E+01   0.29942E+02   0.24946E+02   0.57515E+00  -0.59885E+00
   0.40250E+01   0.29967E+02   0.25739E+02   0.62840E+00  -0.58016E+00
   0.43750E+01   0.29980E+02   0.26480E+02   0.67528E+00  -0.53474E+00
   0.47250E+01   0.29988E+02   0.27140E+02   0.71395E+00  -0.47831E+00
   0.50750E+01   0.29992E+02   0.27682E+02   0.73825E+00  -0.41375E+00
   0.54250E+01   0.29996E+02   0.28129E+02   0.73972E+00  -0.34490E+00
   0.57750E+01   0.29997E+02   0.28500E+02   0.71752E+00  -0.27407E+00
   0.61250E+01   0.29997E+02   0.28808E+02   0.67810E+00  -0.20592E+00
   0.64750E+01   0.29996E+02   0.29064E+02   0.63000E+00  -0.14642E+00
   0.68250E+01   0.29994E+02   0.29185E+02   0.57928E+00  -0.93153E-01
   0.71750E+01   0.29990E+02   0.29281E+02   0.52888E+00  -0.48150E-01
   0.75250E+01   0.29984E+02   0.29062E+02   0.48552E+00  -0.21964E-01
   0.78750E+01   0.29975E+02   0.28722E+02   0.44345E+00  -0.48015E-02
   0.82250E+01   0.29961E+02   0.28679E+02   0.40437E+00   0.15422E-01
   0.85750E+01   0.29948E+02   0.28545E+02   0.37481E+00   0.20241E-01
   0.89250E+01   0.29933E+02   0.28310E+02   0.35055E+00   0.99240E-02
   0.92750E+01   0.29911E+02   0.28134E+02   0.33319E+00   0.99667E-03
   0.96250E+01   0.29893E+02   0.28050E+02   0.32670E+00  -0.31932E-02
   0.99750E+01   0.29886E+02   0.27862E+02   0.32450E+00  -0.16196E-01
   0.10325E+02   0.29881E+02   0.27469E+02   0.31665E+00  -0.44614E-01
   0.10675E+02   0.29871E+02   0.27148E+02   0.30742E+00  -0.58058E-01
   0.11025E+02   0.29863E+02   0.27075E+02   0.30504E+00  -0.51816E-01
   0.11375E+02   0.29856E+02   0.27117E+02   0.30144E+00  -0.55135E-01
   0.11725E+02   0.29848E+02   0.26978E+02   0.29493E+00  -0.75459E-01
   0.12075E+02   0.29837E+02   0.26665E+02   0.29124E+00  -0.97655E-01
   0.12425E+02   0.29824E+02   0.26542E+02   0.28983E+00  -0.10383E+00
   0.12775E+02   0.29816E+02   0.26419E+02   0.28346E+00  -0.11523E+00
   0.13125E+02   0.29812E+02   0.26009E+02   0.27874E+00  -0.14063E+00
   0.13475E+02   0.29808E+02   0.25775E+02   0.28031E+00  -0.15598E+00
   0.13825E+02   0.29805E+02   0.25746E+02   0.28192E+00  -0.16107E+00
   0.14175E+02   0.29804E+02   0.25525E+02   0.28405E+00  -0.17420E+00
   0.14525E+02   0.29810E+02   0.25020E+02   0.29643E+00  -0.20861E+00
   0.14875E+02   0.29826E+02   0.24698E+02   0.31336E+00  -0.23837E+00
   0.15225E+02   0.29844E+02   0.24961E+02   0.32614E+00  -0.24198E+00
   0.15575E+02   0.29861E+02   0.25003E+02   0.33530E+00  -0.25519E+00
   0.15925E+02   0.29876E+02   0.24721E+02   0.34905E+00  -0.28100E+00
   0.16275E+02   0.29893E+02   0.24521E+02   0.37619E+00  -0.29685E+00
   0.16625E+02   0.29912E+02   0.24474E+02   0.39539E+00  -0.31198E+00
   0.16975E+02   0.29926E+02   0.24856E+02   0.41042E+00  -0.31995E+00
   0.17325E+02   0.29938E+02   0.25325E+02   0.43323E+00  -0.31877E+00
   0.17675E+02   0.29949E+02   0.25853E+02   0.45581E+00  -0.31300E+00
   0.18025E+02   0.29958E+02   0.26509E+02   0.47039E+00  -0.30023E+00
   0.18375E+02   0.29964E+02   0.27146E+02   0.47899E+00  -0.28485E+00
   0.18725E+02   0.29969E+02   0.27751E+02   0.49094E+00  -0.25943E+00
   0.19075E+02   0.29973E+02   0.28159E+02   0.50513E+00  -0.23016E+00
   0.19425E+02   0.29975E+02   0.28290E+02   0.50387E+00  -0.21119E+00
   0.19775E+02   0.29975E+02   0.28456E+02   0.48484E+00  -0.18295E+00
   0.20125E+02   0.29972E+02   0.28535E+02   0.46826E+00  -0.14662E+00
   0.20475E+02   0.29969E+02   0.28210E+02   0.45792E+00  -0.12683E+00
   0.20825E+02   0.29966E+02   0.27908E+02   0.43841E+00  -0.11392E+00
   0.21175E+02   0.29959E+02   0.27639E+02   0.41047E+00  -0.10175E+00
   0.21525E+02   0.29949E+02   0.27462E+02   0.39113E+00  -0.87777E-01
   0.21875E+02   0.29939E+02   0.27422E+02   0.37877E+00  -0.72000E-01
   0.22225E+02   0.29930E+02   0.27269E+02   0.36369E+00  -0.75021E-01
   0.22575E+02   0.29920E+02   0.27024E+02   0.34723E+00  -0.85726E-01
   0.22925E+02   0.29907E+02   0.26748E+02   0.33706E+00  -0.85670E-01
   0.23275E+02   0.29896E+02   0.26776E+02   0.33321E+00  -0.75700E-01
   0.23625E+02   0.29890E+02   0.26901E+02   0.33104E+00  -0.72343E-01
   0.23975E+02   0.29886E+02   0.26748E+02   0.32736E+00  -0.90213E-01
   0.24325E+02   0.29881E+02   0.26396E+02   0.32386E+00  -0.10977E+00
   0.24675E+02   0.29873E+02   0.26056E+02   0.31743E+00  -0.12060E+00
   0.25025E+02   0.29870E+02   0.25788E+02   0.31492E+00  -0.13140E+00
   0.25375E+02   0.29869E+02   0.25673E+02   0.31626E+00  -0.14023E+00
   0.25725E+02   0.29865E+02   0.25660E+02   0.31557E+00  -0.14938E+00
   0.26075E+02   0.29863E+02   0.25447E+02   0.31397E+00  -0.16257E+00
   0.26425E+02   0.29866E+02   0.25017E+02   0.31424E+00  -0.18321E+00
   0.26775E+02   0.29870E+02   0.24554E+02   0.32236E+00  -0.20956E+00
   0.27125E+02   0.29873E+02   0.24418E+02   0.33308E+00  -0.22279E+00
   0.27475E+02   0.29879E+02   0.24410E+02   0.34145E+00  -0.23284E+00
   0.27825E+02   0.29884E+02   0.24129E+02   0.34638E+00  -0.26061E+00
   0.28175E+02   0.29892E+02   0.24086E+02   0.35703E+00  -0.28208E+00
   0.28525E+02   0.29902E+02   0.24525E+02   0.37472E+00  -0.28430E+00
   0.28875E+02   0.29916E+02   0.24769E+02   0.39574E+00  -0.28858E+00
   0.29225E+02   0.29929E+02   0.24753E+02   0.41084E+00  -0.30070E+00
   0.29575E+02   0.29939E+02   0.24909E+02   0.42253E+00  -0.30678E+00
   0.29925E+02   0.29947E+02   0.24948E+02   0.43876E+00  -0.30536E+00
   0.30275E+02   0.29954E+02   0.25125E+02   0.45122E+00  -0.30482E+00
   0.30625E+02   0.29959E+02   0.25637E+02   0.46207E+00  -0.29817E+00
   0.30975E+02   0.29964E+02   0.25772E+02   0.47164E+00  -0.29064E+00
   0.31325E+02   0.29967E+02   0.25845E+02   0.47823E+00  -0.28064E+00
   0.31675E+02   0.29970E+02   0.26023E+02   0.48084E+00  -0.26345E+00
   0.32025E+02   0.29971E+02   0.26109E+02   0.48101E+00  -0.25046E+00
   0.32375E+02   0.29972E+02   0.26136E+02   0.48880E+00  -0.23697E+00
   0.32725E+02   0.29973E+02   0.26347E+02   0.48700E+00  -0.21783E+00
   0.33075E+02   0.29973E+02   0.26950E+02   0.47566E+00  -0.19171E+00
   0.33425E+02   0.29971E+02   0.27377E+02   0.46666E+00  -0.16448E+00
   0.33775E+02   0.29969E+02   0.27525E+02   0.46023E+00  -0.14307E+00
   0.34125E+02   0.29967E+02   0.27715E+02   0.45186E+00  -0.11879E+00
   0.34475E+02   0.29964E+02   0.27922E+02   0.43492E+00  -0.94406E-01
   0.34825E+02   0.29959E+02   0.27905E+02   0.41446E+00  -0.79785E-01
   0.35175E+02   0.29952E+02   0.27685E+02   0.39518E+00  -0.71786E-01
   0.35525E+02   0.29943E+02   0.27453E+02   0.37372E+00  -0.64279E-01
   0.35875E+02   0.29929E+02   0.27265E+02   0.34913E+00  -0.61271E-01
   0.36225E+02   0.29915E+02   0.27109E+02   0.33342E+00  -0.65556E-01
   0.36575E+02   0.29900E+02   0.26976E+02   0.32312E+00  -0.70746E-01
   0.36925E+02   0.29890E+02   0.26882E+02   0.31820E+00  -0.75926E-01
   0.37275E+02   0.29879E+02   0.26820E+02   0.31342E+00  -0.82383E-01
   0.37625E+02   0.29868E+02   0.26629E+02   0.31302E+00  -0.93991E-01
   0.37975E+02   0.29864E+02   0.26314E+02   0.31214E+00  -0.10715E+00
   0.38325E+02   0.29862E+02   0.26121E+02   0.31089E+00  -0.11645E+00
   0.38675E+02   0.29860E+02   0.26206E+02   0.31272E+00  -0.11785E+00
   0.39025E+02   0.29858E+02   0.26230E+02   0.31103E+00  -0.12023E+00
   0.39375E+02   0.29856E+02   0.26228E+02   0.31119E+00  -0.12907E+00
   0.39725E+02   0.29855E+02   0.26135E+02   0.31449E+00  -0.14089E+00
   0.40075E+02   0.29856E+02   0.25925E+02   0.31600E+00  -0.15166E+00
   0.40425E+02   0.29858E+02   0.25697E+02   0.31322E+00  -0.16149E+00
   0.40775E+02   0.29857E+02   0.25251E+02   0.31526E+00  -0.18296E+00
   0.41125E+02   0.29859E+02   0.24725E+02   0.31981E+00  -0.20749E+00
   0.41475E+02   0.29865E+02   0.24390E+02   0.31932E+00  -0.22476E+00
   0.41825E+02   0.29869E+02   0.24204E+02   0.32469E+00  -0.24591E+00
   0.42175E+02   0.29875E+02   0.24150E+02   0.34286E+00  -0.26481E+00
   0.42525E+02   0.29888E+02   0.24167E+02   0.36233E+00  -0.27703E+00
   0.42875E+02   0.29904E+02   0.24008E+02   0.37844E+00  -0.30028E+00
   0.43225E+02   0.29917E+02   0.23958E+02   0.39303E+00  -0.32335E+00
   0.43575E+02   0.29929E+02   0.23971E+02   0.41495E+00  -0.33131E+00
   0.43925E+02   0.29941E+02   0.24144E+02   0.43544E+00  -0.33443E+00
   0.44275E+02   0.29950E+02   0.24913E+02   0.45486E+00  -0.33252E+00
   0.44625E+02   0.29959E+02   0.25813E+02   0.47226E+00  -0.32213E+00
   0.44975E+02   0.29966E+02   0.26431E+02   0.48568E+00  -0.30310E+00
   0.45325E+02   0.29970E+02   0.27056E+02   0.50052E+00  -0.28339E+00
   0.45675E+02   0.29974E+02   0.27368E+02   0.51271E+00  -0.26749E+00
   0.46025E+02   0.29977E+02   0.27497E+02   0.51279E+00  -0.24275E+00
   0.46375E+02   0.29978E+02   0.27542E+02   0.50378E+00  -0.22413E+00
   0.46725E+02   0.29977E+02   0.27453E+02   0.49171E+00  -0.20140E+00
   0.47075E+02   0.29976E+02   0.27246E+02   0.47343E+00  -0.17278E+00
   0.47425E+02   0.29973E+02   0.26836E+02   0.45567E+00  -0.16163E+00
   0.47775E+02   0.29968E+02   0.26694E+02   0.44390E+00  -0.14765E+00
   0.48125E+02   0.29964E+02   0.26731E+02   0.43517E+00  -0.12910E+00
   0.48475E+02   0.29961E+02   0.26603E+02   0.41881E+00  -0.12374E+00
   0.48825E+02   0.29953E+02   0.26557E+02   0.40472E+00  -0.11778E+00
   0.49175E+02   0.29944E+02   0.26843E+02   0.39614E+00  -0.95006E-01
   0.49525E+02   0.29938E+02   0.27038E+02   0.38657E+00  -0.77033E-01
   0.49875E+02   0.29933E+02   0.26911E+02   0.37448E+00  -0.85631E-01
   0.50225E+02   0.29927E+02   0.26772E+02   0.36319E+00  -0.90272E-01
   0.50575E+02   0.29920E+02   0.26843E+02   0.35342E+00  -0.71542E-01
   0.50925E+02   0.29909E+02   0.26896E+02   0.34115E+00  -0.67163E-01
   0.51275E+02   0.29895E+02   0.26762E+02   0.33036E+00  -0.84300E-01
   0.51625E+02   0.29885E+02   0.26513E+02   0.32327E+00  -0.98059E-01
   0.51975E+02   0.29878E+02   0.26211E+02   0.31448E+00  -0.10894E+00
   0.52325E+02   0.29868E+02   0.26101E+02   0.30831E+00  -0.11762E+00
   0.52675E+02   0.29861E+02   0.26114E+02   0.31075E+00  -0.11868E+00
   0.53025E+02   0.29860E+02   0.26027E+02   0.31373E+00  -0.12518E+00
   0.53375E+02   0.29858E+02   0.25878E+02   0.31410E+00  -0.14260E+00
   0.53725E+02   0.29856E+02   0.25791E+02   0.31539E+00  -0.15282E+00
   0.54075E+02   0.29860E+02   0.25388E+02   0.31695E+00  -0.16587E+00
   0.54425E+02   0.29864E+02   0.24946E+02   0.31922E+00  -0.18658E+00
   0.54775E+02   0.29868E+02   0.24816E+02   0.32639E+00  -0.19861E+00
   0.55125E+02   0.29873E+02   0.24600E+02   0.32373E+00  -0.21141E+00
   0.55475E+02   0.29873E+02   0.24607E+02   0.32458E+00  -0.22526E+00
   0.55825E+02   0.29879E+02   0.24876E+02   0.34635E+00  -0.23443E+00
   0.56175E+02   0.29893E+02   0.24979E+02   0.36623E+00  -0.24341E+00
   0.56525E+02   0.29905E+02   0.24893E+02   0.37257E+00  -0.25591E+00
   0.56875E+02   0.29914E+02   0.25021E+02   0.38291E+00  -0.26820E+00
   0.57225E+02   0.29924E+02   0.25518E+02   0.40212E+00  -0.25744E+00
   0.57575E+02   0.29933E+02   0.25753E+02   0.41210E+00  -0.24782E+00
   0.57925E+02   0.29940E+02   0.25454E+02   0.41700E+00  -0.26708E+00
   0.58275E+02   0.29946E+02   0.25478E+02   0.42200E+00  -0.26853E+00
   0.58625E+02   0.29949E+02   0.26099E+02   0.42898E+00  -0.24055E+00
   0.58975E+02   0.29952E+02   0.26618E+02   0.43619E+00  -0.22416E+00
   0.59325E+02   0.29956E+02   0.26741E+02   0.44028E+00  -0.22160E+00
   0.59675E+02   0.29957E+02   0.26884E+02   0.44194E+00  -0.20839E+00
   0.60025E+02   0.29957E+02   0.27075E+02   0.43827E+00  -0.19197E+00
   0.60375E+02   0.29956E+02   0.27037E+02   0.43536E+00  -0.18047E+00
   0.60725E+02   0.29956E+02   0.26987E+02   0.43338E+00  -0.16867E+00
   0.61075E+02   0.29956E+02   0.27208E+02   0.42320E+00  -0.15354E+00
   0.61425E+02   0.29952E+02   0.27380E+02   0.40938E+00  -0.13040E+00
   0.61775E+02   0.29946E+02   0.27439E+02   0.39661E+00  -0.10863E+00
   0.62125E+02   0.29942E+02   0.27354E+02   0.38423E+00  -0.10340E+00
   0.62475E+02   0.29935E+02   0.27217E+02   0.37849E+00  -0.99118E-01
   0.62825E+02   0.29929E+02   0.27048E+02   0.37247E+00  -0.95410E-01
   0.63175E+02   0.29921E+02   0.26578E+02   0.35244E+00  -0.10900E+00
   0.63525E+02   0.29907E+02   0.26126E+02   0.33494E+00  -0.12107E+00
   0.63875E+02   0.29897E+02   0.25940E+02   0.33357E+00  -0.12511E+00
   0.64225E+02   0.29892E+02   0.25819E+02   0.33212E+00  -0.13032E+00
   0.64575E+02   0.29887E+02   0.25591E+02   0.32634E+00  -0.14193E+00
   0.64925E+02   0.29881E+02   0.25365E+02   0.32858E+00  -0.16213E+00
   0.65275E+02   0.29882E+02   0.25369E+02   0.34470E+00  -0.16619E+00
   0.65625E+02   0.29890E+02   0.25542E+02   0.35052E+00  -0.16112E+00
   0.65975E+02   0.29895E+02   0.25433E+02   0.34631E+00  -0.18079E+00
   0.66325E+02   0.29897E+02   0.24967E+02   0.34917E+00  -0.20064E+00
   0.66675E+02   0.29899E+02   0.24750E+02   0.35210E+00  -0.20000E+00
   0.67025E+02   0.29899E+02   0.24760E+02   0.35299E+00  -0.20732E+00
   0.67375E+02   0.29901E+02   0.24539E+02   0.35600E+00  -0.22740E+00
   0.67725E+02   0.29906E+02   0.24344E+02   0.36483E+00  -0.24517E+00
   0.68075E+02   0.29911E+02   0.24500E+02   0.37178E+00  -0.25180E+00
   0.68425E+02   0.29916E+02   0.24869E+02   0.37683E+00  -0.25062E+00
   0.68775E+02   0.29922E+02   0.24680E+02   0.38963E+00  -0.26598E+00
   0.69125E+02   0.29929E+02   0.24519E+02   0.40536E+00  -0.28167E+00
   0.69475E+02   0.29937E+02   0.25001E+02   0.42055E+00  -0.27768E+00
   0.69825E+02   0.29944E+02   0.25355E+02   0.43116E+00  -0.27285E+00
   0.70175E+02   0.29950E+02   0.25594E+02   0.43714E+00  -0.27054E+00
   0.70525E+02   0.29955E+02   0.25817E+02   0.44551E+00  -0.26760E+00
   0.70875E+02   0.29959E+02   0.26109E+02   0.45393E+00  -0.25326E+00
   0.71225E+02   0.29961E+02   0.26500E+02   0.45285E+00  -0.22766E+00
   0.71575E+02   0.29963E+02   0.26508E+02   0.44929E+00  -0.21719E+00
   0.71925E+02   0.29963E+02   0.26497E+02   0.45406E+00  -0.20634E+00
   0.72275E+02   0.29964E+02   0.26558E+02   0.45341E+00  -0.19054E+00
   0.72625E+02   0.29962E+02   0.26659E+02   0.44098E+00  -0.17825E+00
   0.72975E+02   0.29959E+02   0.27038E+02   0.42893E+00  -0.15574E+00
   0.73325E+02   0.29957E+02   0.26984E+02   0.42627E+00  -0.14438E+00
   0.73675E+02   0.29956E+02   0.26643E+02   0.41760E+00  -0.14182E+00
   0.74025E+02   0.29951E+02   0.26586E+02   0.39962E+00  -0.13035E+00
   0.74375E+02   0.29942E+02   0.26608E+02   0.38595E+00  -0.11947E+00
   0.74725E+02   0.29935E+02   0.26698E+02   0.38485E+00  -0.10455E+00
   0.75075E+02   0.29932E+02   0.26705E+02   0.37904E+00  -0.10279E+00
   0.75425E+02   0.29926E+02   0.26495E+02   0.35947E+00  -0.11694E+00
   0.75775E+02   0.29916E+02   0.26452E+02   0.34742E+00  -0.11062E+00
   0.76125E+02   0.29907E+02   0.26564E+02   0.34662E+00  -0.95705E-01
   0.76475E+02   0.29902E+02   0.26554E+02   0.34629E+00  -0.98757E-01
   0.76825E+02   0.29897E+02   0.26426E+02   0.33961E+00  -0.11328E+00
   0.77175E+02   0.29891E+02   0.26252E+02   0.33049E+00  -0.12327E+00
   0.77525E+02   0.29882E+02   0.26102E+02   0.32366E+00  -0.12315E+00
   0.77875E+02   0.29876E+02   0.25986E+02   0.32573E+00  -0.12574E+00
   0.78225E+02   0.29877E+02   0.25871E+02   0.32646E+00  -0.13774E+00
   0.78575E+02   0.29875E+02   0.25659E+02   0.32173E+00  -0.15254E+00
   0.78925E+02   0.29870E+02   0.25423E+02   0.32045E+00  -0.16311E+00
   0.79275E+02   0.29871E+02   0.25169E+02   0.32257E+00  -0.17399E+00
   0.79625E+02   0.29876E+02   0.24978E+02   0.32647E+00  -0.18591E+00
   0.79975E+02   0.29880E+02   0.24597E+02   0.33455E+00  -0.20683E+00
   0.80325E+02   0.29884E+02   0.24350E+02   0.33701E+00  -0.22766E+00
   0.80675E+02   0.29886E+02   0.24669E+02   0.34137E+00  -0.22572E+00
   0.81025E+02   0.29892E+02   0.24727E+02   0.35769E+00  -0.23501E+00
   0.81375E+02   0.29902E+02   0.24456E+02   0.37435E+00  -0.26072E+00
   0.81725E+02   0.29914E+02   0.24528E+02   0.38748E+00  -0.27238E+00
   0.82075E+02   0.29923E+02   0.24658E+02   0.39487E+00  -0.27968E+00
   0.82425E+02   0.29931E+02   0.24652E+02   0.40647E+00  -0.28652E+00
   0.82775E+02   0.29939E+02   0.24883E+02   0.42127E+00  -0.28467E+00
   0.83125E+02   0.29946E+02   0.25482E+02   0.43357E+00  -0.27643E+00
   0.83475E+02   0.29952E+02   0.25702E+02   0.43823E+00  -0.27231E+00
   0.83825E+02   0.29956E+02   0.25854E+02   0.44503E+00  -0.26537E+00
   0.84175E+02   0.29960E+02   0.26069E+02   0.45695E+00  -0.25495E+00
   0.84525E+02   0.29964E+02   0.26168E+02   0.46214E+00  -0.24305E+00
   0.84875E+02   0.29965E+02   0.26605E+02   0.46076E+00  -0.22461E+00
   0.85225E+02   0.29965E+02   0.26847E+02   0.45574E+00  -0.20765E+00
   0.85575E+02   0.29965E+02   0.26831E+02   0.45057E+00  -0.19174E+00
   0.85925E+02   0.29964E+02   0.26661E+02   0.44565E+00  -0.18081E+00
   0.86275E+02   0.29962E+02   0.26405E+02   0.44067E+00  -0.17841E+00
   0.86625E+02   0.29961E+02   0.26140E+02   0.42790E+00  -0.16931E+00
   0.86975E+02   0.29956E+02   0.26104E+02   0.41347E+00  -0.15500E+00
   0.87325E+02   0.29949E+02   0.26194E+02   0.40919E+00  -0.14455E+00
   0.87675E+02   0.29946E+02   0.26163E+02   0.40135E+00  -0.13624E+00
   0.88025E+02   0.29941E+02   0.26301E+02   0.38993E+00  -0.13148E+00
   0.88375E+02   0.29937E+02   0.26338E+02   0.38990E+00  -0.13258E+00
   0.88725E+02   0.29936E+02   0.26399E+02   0.38670E+00  -0.12307E+00
   0.89075E+02   0.29934E+02   0.26721E+02   0.37584E+00  -0.10280E+00
   0.89425E+02   0.29927E+02   0.27005E+02   0.36727E+00  -0.95144E-01
   0.89775E+02   0.29919E+02   0.27079E+02   0.36102E+00  -0.89960E-01
   0.90125E+02   0.29913E+02   0.26907E+02   0.34967E+00  -0.90970E-01
   0.90475E+02   0.29905E+02   0.26827E+02   0.33717E+00  -0.98714E-01
   0.90825E+02   0.29897E+02   0.26723E+02   0.33019E+00  -0.97668E-01
   0.91175E+02   0.29886E+02   0.26475E+02   0.32145E+00  -0.10122E+00
   0.91525E+02   0.29870E+02   0.26386E+02   0.31117E+00  -0.11150E+00
   0.91875E+02   0.29860E+02   0.26082E+02   0.30725E+00  -0.12749E+00
   0.92225E+02   0.29856E+02   0.25680E+02   0.30973E+00  -0.14510E+00
   0.92575E+02   0.29855E+02   0.25602E+02   0.31272E+00  -0.15442E+00
   0.92925E+02   0.29858E+02   0.25485E+02   0.32106E+00  -0.16740E+00
   0.93275E+02   0.29863E+02   0.25387E+02   0.32839E+00  -0.17512E+00
   0.93625E+02   0.29870E+02   0.25235E+02   0.32866E+00  -0.18568E+00
   0.93975E+02   0.29875E+02   0.24874E+02   0.33154E+00  -0.20623E+00
   0.94325E+02   0.29881E+02   0.24767E+02   0.34140E+00  -0.21085E+00
   0.94675E+02   0.29889E+02   0.24636E+02   0.34936E+00  -0.22299E+00
   0.95025E+02   0.29897E+02   0.24301E+02   0.35640E+00  -0.24750E+00
   0.95375E+02   0.29904E+02   0.24115E+02   0.36317E+00  -0.26521E+00
   0.95725E+02   0.29909E+02   0.24319E+02   0.37356E+00  -0.27521E+00
   0.96075E+02   0.29917E+02   0.24736E+02   0.39073E+00  -0.27398E+00
   0.96425E+02   0.29927E+02   0.24606E+02   0.40590E+00  -0.29030E+00
   0.96775E+02   0.29936E+02   0.24665E+02   0.42120E+00  -0.30760E+00
   0.97125E+02   0.29945E+02   0.24946E+02   0.43683E+00  -0.30296E+00
   0.97475E+02   0.29952E+02   0.24963E+02   0.44825E+00  -0.30437E+00
   0.97825E+02   0.29958E+02   0.25215E+02   0.46053E+00  -0.30381E+00
   0.98175E+02   0.29963E+02   0.25606E+02   0.47103E+00  -0.29177E+00
   0.98525E+02   0.29967E+02   0.25778E+02   0.47364E+00  -0.28078E+00
   0.98875E+02   0.29969E+02   0.26078E+02   0.47580E+00  -0.26537E+00
   0.99225E+02   0.29970E+02   0.26809E+02   0.48358E+00  -0.23987E+00
   0.99575E+02   0.29972E+02   0.27127E+02   0.49014E+00  -0.21835E+00
   0.99925E+02   0.29973E+02   0.26890E+02   0.48588E+00  -0.20939E+00
   0.10027E+03   0.29973E+02   0.26663E+02   0.47327E+00  -0.19982E+00
   0.10062E+03   0.29971E+02   0.26671E+02   0.45697E+00  -0.17614E+00
   0.10097E+03   0.29968E+02   0.26916E+02   0.44773E+00  -0.14497E+00
   0.10132E+03   0.29964E+02   0.26896E+02   0.44107E+00  -0.13421E+00
   0.10167E+03   0.29961E+02   0.26702E+02   0.42434E+00  -0.13224E+00
   0.10202E+03   0.29954E+02   0.26838E+02   0.40579E+00  -0.11380E+00
   0.10237E+03   0.29947E+02   0.27013E+02   0.39724E+00  -0.95801E-01
   0.10272E+03   0.29943E+02   0.26969E+02   0.39002E+00  -0.86016E-01
   0.10307E+03   0.29936E+02   0.26796E+02   0.37215E+00  -0.89649E-01
   0.10342E+03   0.29926E+02   0.26595E+02   0.35714E+00  -0.96522E-01
   0.10377E+03   0.29917E+02   0.26403E+02   0.34311E+00  -0.92434E-01
   0.10412E+03   0.29907E+02   0.26443E+02   0.33342E+00  -0.86951E-01
   0.10447E+03   0.29898E+02   0.26466E+02   0.33144E+00  -0.93519E-01
   0.10482E+03   0.29890E+02   0.26490E+02   0.33040E+00  -0.10036E+00
   0.10517E+03   0.29882E+02   0.26391E+02   0.32561E+00  -0.10573E+00
   0.10552E+03   0.29875E+02   0.26080E+02   0.31845E+00  -0.12542E+00
   0.10587E+03   0.29874E+02   0.25977E+02   0.32339E+00  -0.13281E+00
   0.10622E+03   0.29875E+02   0.25924E+02   0.32677E+00  -0.12986E+00
   0.10657E+03   0.29872E+02   0.25759E+02   0.31999E+00  -0.14380E+00
   0.10692E+03   0.29866E+02   0.25675E+02   0.31400E+00  -0.15366E+00
   0.10727E+03   0.29863E+02   0.25733E+02   0.31933E+00  -0.15450E+00
   0.10762E+03   0.29865E+02   0.25657E+02   0.32919E+00  -0.16437E+00
   0.10797E+03   0.29871E+02   0.25434E+02   0.33279E+00  -0.18155E+00
   0.10832E+03   0.29876E+02   0.25369E+02   0.33244E+00  -0.19288E+00
   0.10867E+03   0.29878E+02   0.25217E+02   0.33448E+00  -0.20011E+00
   0.10902E+03   0.29881E+02   0.25016E+02   0.34109E+00  -0.20925E+00
   0.10937E+03   0.29887E+02   0.25258E+02   0.34882E+00  -0.21346E+00
   0.10972E+03   0.29895E+02   0.25315E+02   0.35937E+00  -0.22129E+00
   0.11007E+03   0.29905E+02   0.24699E+02   0.36637E+00  -0.24510E+00
   0.11042E+03   0.29913E+02   0.24261E+02   0.37065E+00  -0.26694E+00
   0.11077E+03   0.29919E+02   0.24199E+02   0.38130E+00  -0.27429E+00
   0.11112E+03   0.29925E+02   0.24323E+02   0.39362E+00  -0.27837E+00
   0.11147E+03   0.29932E+02   0.24682E+02   0.40847E+00  -0.28269E+00
   0.11182E+03   0.29940E+02   0.24724E+02   0.41891E+00  -0.29355E+00
   0.11217E+03   0.29946E+02   0.24625E+02   0.42840E+00  -0.30174E+00
   0.11252E+03   0.29952E+02   0.24978E+02   0.44656E+00  -0.29298E+00
   0.11287E+03   0.29959E+02   0.25674E+02   0.46348E+00  -0.27736E+00
   0.11322E+03   0.29964E+02   0.25988E+02   0.47394E+00  -0.26774E+00
   0.11357E+03   0.29968E+02   0.26138E+02   0.47406E+00  -0.25905E+00
   0.11392E+03   0.29969E+02   0.26536E+02   0.47053E+00  -0.23966E+00
   0.11427E+03   0.29970E+02   0.26665E+02   0.47099E+00  -0.21728E+00
   0.11462E+03   0.29970E+02   0.26760E+02   0.46935E+00  -0.19884E+00
   0.11497E+03   0.29970E+02   0.27261E+02   0.46336E+00  -0.17472E+00
   0.11532E+03   0.29968E+02   0.27558E+02   0.45458E+00  -0.14767E+00
   0.11567E+03   0.29965E+02   0.27363E+02   0.43566E+00  -0.13345E+00
   0.11602E+03   0.29960E+02   0.27194E+02   0.41767E+00  -0.12365E+00
   0.11637E+03   0.29955E+02   0.27167E+02   0.41117E+00  -0.10409E+00
   0.11672E+03   0.29948E+02   0.27167E+02   0.39443E+00  -0.87981E-01
   0.11707E+03   0.29937E+02   0.27076E+02   0.37371E+00  -0.83850E-01
   0.11742E+03   0.29927E+02   0.26847E+02   0.36085E+00  -0.88525E-01
   0.11777E+03   0.29917E+02   0.26870E+02   0.34798E+00  -0.80055E-01
   0.11812E+03   0.29908E+02   0.26940E+02   0.34020E+00  -0.72810E-01
   0.11847E+03   0.29903E+02   0.26809E+02   0.33400E+00  -0.84164E-01
   0.11882E+03   0.29895E+02   0.26788E+02   0.32577E+00  -0.86009E-01
   0.11917E+03   0.29884E+02   0.26778E+02   0.32225E+00  -0.82789E-01
   0.11952E+03   0.29875E+02   0.26573E+02   0.32048E+00  -0.95842E-01
   0.11987E+03   0.29869E+02   0.26321E+02   0.31530E+00  -0.11257E+00
   0.12022E+03   0.29864E+02   0.26079E+02   0.31183E+00  -0.12245E+00
   0.12057E+03   0.29860E+02   0.25846E+02   0.31165E+00  -0.13333E+00
   0.12092E+03   0.29861E+02   0.25681E+02   0.30881E+00  -0.14225E+00
   0.12127E+03   0.29859E+02   0.25591E+02   0.30461E+00  -0.15147E+00
   0.12162E+03   0.29852E+02   0.25312E+02   0.31148E+00  -0.16965E+00
   0.12197E+03   0.29855E+02   0.24944E+02   0.32392E+00  -0.18874E+00
   0.12232E+03   0.29863E+02   0.24779E+02   0.32651E+00  -0.20505E+00
   0.12267E+03   0.29870E+02   0.24529E+02   0.32974E+00  -0.23052E+00
   0.12302E+03   0.29879E+02   0.24582E+02   0.34317E+00  -0.24214E+00
   0.12337E+03   0.29890E+02   0.24758E+02   0.35541E+00  -0.24273E+00
   0.12372E+03   0.29899E+02   0.24611E+02   0.36383E+00  -0.26132E+00
   0.12407E+03   0.29909E+02   0.24544E+02   0.37640E+00  -0.28094E+00
   0.12442E+03   0.29920E+02   0.24823E+02   0.39501E+00  -0.28151E+00
   0.12477E+03   0.29930E+02   0.25272E+02   0.41235E+00  -0.27602E+00
   0.12512E+03   0.29939E+02   0.25600E+02   0.42344E+00  -0.27807E+00
   0.12547E+03   0.29946E+02   0.25822E+02   0.43384E+00  -0.27920E+00
   0.12582E+03   0.29952E+02   0.26130E+02   0.44256E+00  -0.26661E+00
   0.12617E+03   0.29957E+02   0.26565E+02   0.44818E+00  -0.24914E+00
   0.12652E+03   0.29960E+02   0.27117E+02   0.45465E+00  -0.22714E+00
   0.12687E+03   0.29963E+02   0.27597E+02   0.46293E+00  -0.20252E+00
   0.12722E+03   0.29965E+02   0.27862E+02   0.46167E+00  -0.18832E+00
   0.12757E+03   0.29965E+02   0.28212E+02   0.44983E+00  -0.16227E+00
   0.12792E+03   0.29962E+02   0.28137E+02   0.43828E+00  -0.13963E+00
   0.12827E+03   0.29959E+02   0.27624E+02   0.42909E+00  -0.13068E+00
   0.12862E+03   0.29954E+02   0.27263E+02   0.41536E+00  -0.12327E+00
   0.12897E+03   0.29947E+02   0.27048E+02   0.39681E+00  -0.12135E+00
   0.12932E+03   0.29939E+02   0.26950E+02   0.37915E+00  -0.11100E+00
   0.12967E+03   0.29929E+02   0.26877E+02   0.36541E+00  -0.10155E+00
   0.13002E+03   0.29921E+02   0.26971E+02   0.36139E+00  -0.95966E-01
   0.13037E+03   0.29916E+02   0.26953E+02   0.35612E+00  -0.93115E-01
   0.13072E+03   0.29911E+02   0.26638E+02   0.34451E+00  -0.10390E+00
   0.13107E+03   0.29904E+02   0.26574E+02   0.34051E+00  -0.10552E+00
   0.13142E+03   0.29898E+02   0.26707E+02   0.34255E+00  -0.94103E-01
   0.13177E+03   0.29891E+02   0.26709E+02   0.33458E+00  -0.93597E-01
   0.13212E+03   0.29882E+02   0.26584E+02   0.32282E+00  -0.10485E+00
   0.13247E+03   0.29875E+02   0.26286E+02   0.31960E+00  -0.11969E+00
   0.13282E+03   0.29873E+02   0.26056E+02   0.31644E+00  -0.12492E+00
   0.13317E+03   0.29871E+02   0.25872E+02   0.31431E+00  -0.13466E+00
   0.13352E+03   0.29866E+02   0.25834E+02   0.31723E+00  -0.14769E+00
   0.13387E+03   0.29863E+02   0.25912E+02   0.31758E+00  -0.14860E+00
   0.13422E+03   0.29865E+02   0.25786E+02   0.31606E+00  -0.15843E+00
   0.13457E+03   0.29865E+02   0.25529E+02   0.31904E+00  -0.17604E+00
   0.13492E+03   0.29868E+02   0.25261E+02   0.32838E+00  -0.18811E+00
   0.13527E+03   0.29875E+02   0.25176E+02   0.33683E+00  -0.19585E+00
   0.13562E+03   0.29881E+02   0.25123E+02   0.34334E+00  -0.20715E+00
   0.13597E+03   0.29886E+02   0.24902E+02   0.34432E+00  -0.22543E+00
   0.13632E+03   0.29892E+02   0.24656E+02   0.34644E+00  -0.23659E+00
   0.13667E+03   0.29900E+02   0.24671E+02   0.35844E+00  -0.24267E+00
   0.13702E+03   0.29908E+02   0.24915E+02   0.37262E+00  -0.25039E+00
   0.13737E+03   0.29916E+02   0.25036E+02   0.38514E+00  -0.25504E+00
   0.13772E+03   0.29925E+02   0.25029E+02   0.39840E+00  -0.26638E+00
   0.13807E+03   0.29933E+02   0.24920E+02   0.41137E+00  -0.28040E+00
   0.13842E+03   0.29940E+02   0.25231E+02   0.41958E+00  -0.27436E+00
   0.13877E+03   0.29945E+02   0.25807E+02   0.42834E+00  -0.26004E+00
   0.13912E+03   0.29951E+02   0.25768E+02   0.44067E+00  -0.26037E+00
   0.13947E+03   0.29956E+02   0.25958E+02   0.44872E+00  -0.25567E+00
   0.13982E+03   0.29959E+02   0.26458E+02   0.45036E+00  -0.24222E+00
   0.14017E+03   0.29961E+02   0.26469E+02   0.45286E+00  -0.23136E+00
   0.14052E+03   0.29962E+02   0.26342E+02   0.45392E+00  -0.21815E+00
   0.14087E+03   0.29962E+02   0.26390E+02   0.45071E+00  -0.20501E+00
   0.14122E+03   0.29961E+02   0.26524E+02   0.44175E+00  -0.18891E+00
   0.14157E+03   0.29961E+02   0.26447E+02   0.43276E+00  -0.17652E+00
   0.14192E+03   0.29959E+02   0.26212E+02   0.42682E+00  -0.17610E+00
   0.14227E+03   0.29956E+02   0.26144E+02   0.42112E+00  -0.16761E+00
   0.14262E+03   0.29953E+02   0.26070E+02   0.41410E+00  -0.15492E+00
   0.14297E+03   0.29950E+02   0.26047E+02   0.40291E+00  -0.15075E+00
   0.14332E+03   0.29945E+02   0.26088E+02   0.39348E+00  -0.14827E+00
   0.14367E+03   0.29941E+02   0.26144E+02   0.38973E+00  -0.13908E+00
   0.14402E+03   0.29938E+02   0.26403E+02   0.38600E+00  -0.12133E+00
   0.14437E+03   0.29933E+02   0.26610E+02   0.37818E+00  -0.11360E+00
   0.14472E+03   0.29928E+02   0.26686E+02   0.37132E+00  -0.11071E+00
   0.14507E+03   0.29924E+02   0.26727E+02   0.36688E+00  -0.10415E+00
   0.14542E+03   0.29921E+02   0.26695E+02   0.35827E+00  -0.10455E+00
   0.14577E+03   0.29913E+02   0.26632E+02   0.34432E+00  -0.10617E+00
   0.14612E+03   0.29903E+02   0.26527E+02   0.33554E+00  -0.10767E+00
   0.14647E+03   0.29895E+02   0.26171E+02   0.33069E+00  -0.12005E+00
   0.14682E+03   0.29885E+02   0.25880E+02   0.32139E+00  -0.13316E+00
   0.14717E+03   0.29875E+02   0.25703E+02   0.31698E+00  -0.14311E+00
   0.14752E+03   0.29870E+02   0.25639E+02   0.32203E+00  -0.14932E+00
   0.14787E+03   0.29872E+02   0.25576E+02   0.33062E+00  -0.15972E+00
   0.14822E+03   0.29875E+02   0.25192E+02   0.33152E+00  -0.18422E+00
   0.14857E+03   0.29878E+02   0.25054E+02   0.33320E+00  -0.19525E+00
   0.14892E+03   0.29883E+02   0.25136E+02   0.34193E+00  -0.19230E+00
   0.14927E+03   0.29889E+02   0.25048E+02   0.34839E+00  -0.20016E+00
   0.14962E+03   0.29895E+02   0.24775E+02   0.35408E+00  -0.21745E+00
   0.14997E+03   0.29902E+02   0.24735E+02   0.35756E+00  -0.22879E+00
   0.15032E+03   0.29906E+02   0.24946E+02   0.36259E+00  -0.22961E+00
   0.15067E+03   0.29911E+02   0.25080E+02   0.37218E+00  -0.23192E+00
   0.15102E+03   0.29918E+02   0.25013E+02   0.38347E+00  -0.24213E+00
   0.15137E+03   0.29925E+02   0.24922E+02   0.39044E+00  -0.25308E+00
   0.15172E+03   0.29929E+02   0.24862E+02   0.39641E+00  -0.26167E+00
   0.15207E+03   0.29934E+02   0.24752E+02   0.40614E+00  -0.26815E+00
   0.15242E+03   0.29940E+02   0.24836E+02   0.41555E+00  -0.27178E+00
   0.15277E+03   0.29945E+02   0.24947E+02   0.42711E+00  -0.27284E+00
   0.15312E+03   0.29950E+02   0.25307E+02   0.43298E+00  -0.26809E+00
   0.15347E+03   0.29954E+02   0.25709E+02   0.43383E+00  -0.25266E+00
   0.15382E+03   0.29956E+02   0.25845E+02   0.44403E+00  -0.24334E+00
   0.15417E+03   0.29960E+02   0.26150E+02   0.45673E+00  -0.23476E+00
   0.15452E+03   0.29963E+02   0.26597E+02   0.45880E+00  -0.21399E+00
   0.15487E+03   0.29964E+02   0.26747E+02   0.45209E+00  -0.19944E+00
   0.15522E+03   0.29963E+02   0.26848E+02   0.44526E+00  -0.18298E+00
   0.15557E+03   0.29962E+02   0.26698E+02   0.43837E+00  -0.16602E+00
   0.15592E+03   0.29960E+02   0.26332E+02   0.42701E+00  -0.16029E+00
   0.15627E+03   0.29956E+02   0.26208E+02   0.41217E+00  -0.15323E+00
   0.15662E+03   0.29951E+02   0.26216E+02   0.40071E+00  -0.13651E+00
   0.15697E+03   0.29944E+02   0.26328E+02   0.39387E+00  -0.12389E+00
   0.15732E+03   0.29937E+02   0.26331E+02   0.38643E+00  -0.12408E+00
   0.15767E+03   0.29932E+02   0.26316E+02   0.37852E+00  -0.12660E+00
   0.15802E+03   0.29929E+02   0.26277E+02   0.37110E+00  -0.12383E+00
   0.15837E+03   0.29923E+02   0.26263E+02   0.36681E+00  -0.12248E+00
   0.15872E+03   0.29918E+02   0.26351E+02   0.36411E+00  -0.11552E+00
   0.15907E+03   0.29915E+02   0.26268E+02   0.35559E+00  -0.11470E+00
   0.15942E+03   0.29909E+02   0.26045E+02   0.34534E+00  -0.12865E+00
   0.15977E+03   0.29901E+02   0.25983E+02   0.34004E+00  -0.12861E+00
   0.16012E+03   0.29895E+02   0.26023E+02   0.33914E+00  -0.12486E+00
   0.16047E+03   0.29893E+02   0.26058E+02   0.33983E+00  -0.13213E+00
   0.16082E+03   0.29891E+02   0.26046E+02   0.33632E+00  -0.14148E+00
   0.16117E+03   0.29890E+02   0.25854E+02   0.33241E+00  -0.14918E+00
   0.16152E+03   0.29887E+02   0.25618E+02   0.32953E+00  -0.15563E+00
   0.16187E+03   0.29881E+02   0.25473E+02   0.33280E+00  -0.16467E+00
   0.16222E+03   0.29883E+02   0.25388E+02   0.34144E+00  -0.17710E+00
   0.16257E+03   0.29889E+02   0.25314E+02   0.34105E+00  -0.18703E+00
   0.16292E+03   0.29890E+02   0.24981E+02   0.33794E+00  -0.20396E+00
   0.16327E+03   0.29890E+02   0.24763E+02   0.34199E+00  -0.21571E+00
   0.16362E+03   0.29893E+02   0.25014E+02   0.35279E+00  -0.21065E+00
   0.16397E+03   0.29899E+02   0.25129E+02   0.36547E+00  -0.21795E+00
   0.16432E+03   0.29908E+02   0.24962E+02   0.37363E+00  -0.23856E+00
   0.16467E+03   0.29916E+02   0.24817E+02   0.37872E+00  -0.24964E+00
   0.16502E+03   0.29922E+02   0.24738E+02   0.38707E+00  -0.25417E+00
   0.16537E+03   0.29927E+02   0.24937E+02   0.39696E+00  -0.25335E+00
   0.16572E+03   0.29933E+02   0.25274E+02   0.40928E+00  -0.24985E+00
   0.16607E+03   0.29939E+02   0.25384E+02   0.41595E+00  -0.25301E+00
   0.16642E+03   0.29944E+02   0.25550E+02   0.41816E+00  -0.25186E+00
   0.16677E+03   0.29947E+02   0.25808E+02   0.42827E+00  -0.24254E+00
   0.16712E+03   0.29951E+02   0.25947E+02   0.43709E+00  -0.23145E+00
   0.16747E+03   0.29955E+02   0.26140E+02   0.43901E+00  -0.22469E+00
   0.16782E+03   0.29957E+02   0.26142E+02   0.43968E+00  -0.22136E+00
   0.16817E+03   0.29957E+02   0.26450E+02   0.43448E+00  -0.20134E+00
   0.16852E+03   0.29955E+02   0.26809E+02   0.42854E+00  -0.17722E+00
   0.16887E+03   0.29954E+02   0.26653E+02   0.43192E+00  -0.17343E+00
   0.16922E+03   0.29954E+02   0.26665E+02   0.42909E+00  -0.16779E+00
   0.16957E+03   0.29952E+02   0.26802E+02   0.41577E+00  -0.15028E+00
   0.16992E+03   0.29949E+02   0.26895E+02   0.40353E+00  -0.13496E+00
   0.17027E+03   0.29945E+02   0.26917E+02   0.39612E+00  -0.12277E+00
   0.17062E+03   0.29938E+02   0.26935E+02   0.38710E+00  -0.11057E+00
   0.17097E+03   0.29931E+02   0.26850E+02   0.37592E+00  -0.10780E+00
   0.17132E+03   0.29925E+02   0.26702E+02   0.36429E+00  -0.11038E+00
   0.17167E+03   0.29920E+02   0.26675E+02   0.35569E+00  -0.10528E+00
   0.17202E+03   0.29913E+02   0.26633E+02   0.34923E+00  -0.10287E+00
   0.17237E+03   0.29906E+02   0.26524E+02   0.34098E+00  -0.10585E+00
   0.17272E+03   0.29898E+02   0.26387E+02   0.33141E+00  -0.10973E+00
   0.17307E+03   0.29890E+02   0.26327E+02   0.32514E+00  -0.11456E+00
   0.17342E+03   0.29886E+02   0.26366E+02   0.32670E+00  -0.11617E+00
   0.17377E+03   0.29884E+02   0.26190E+02   0.32927E+00  -0.12373E+00
   0.17412E+03   0.29881E+02   0.26004E+02   0.32601E+00  -0.13649E+00
   0.17447E+03   0.29876E+02   0.25921E+02   0.32051E+00  -0.14203E+00
   0.17482E+03   0.29874E+02   0.25703E+02   0.32119E+00  -0.14905E+00
   0.17517E+03   0.29872E+02   0.25649E+02   0.32427E+00  -0.15810E+00
   0.17552E+03   0.29873E+02   0.25531E+02   0.32738E+00  -0.16778E+00
   0.17587E+03   0.29875E+02   0.25550E+02   0.32936E+00  -0.17500E+00
   0.17622E+03   0.29878E+02   0.25513E+02   0.33616E+00  -0.18370E+00
   0.17657E+03   0.29882E+02   0.25272E+02   0.34027E+00  -0.19857E+00
   0.17692E+03   0.29887E+02   0.25045E+02   0.34440E+00  -0.21230E+00
   0.17727E+03   0.29894E+02   0.25062E+02   0.35419E+00  -0.22167E+00
   0.17762E+03   0.29902E+02   0.25106E+02   0.35963E+00  -0.22780E+00
   0.17797E+03   0.29907E+02   0.24894E+02   0.36292E+00  -0.23859E+00
   0.17832E+03   0.29911E+02   0.24786E+02   0.37399E+00  -0.25238E+00
   0.17867E+03   0.29919E+02   0.24779E+02   0.38829E+00  -0.26073E+00
   0.17902E+03   0.29927E+02   0.24885E+02   0.39826E+00  -0.26645E+00
   0.17937E+03   0.29934E+02   0.24910E+02   0.40622E+00  -0.27587E+00
   0.17972E+03   0.29939E+02   0.24989E+02   0.41803E+00  -0.28042E+00
   0.18007E+03   0.29945E+02   0.25450E+02   0.43198E+00  -0.26687E+00
   0.18042E+03   0.29951E+02   0.26139E+02   0.43952E+00  -0.25322E+00
   0.18077E+03   0.29956E+02   0.26321E+02   0.45017E+00  -0.25256E+00
   0.18112E+03   0.29960E+02   0.26365E+02   0.45636E+00  -0.24262E+00
   0.18147E+03   0.29963E+02   0.26744E+02   0.45679E+00  -0.22034E+00
   0.18182E+03   0.29964E+02   0.27079E+02   0.45491E+00  -0.19601E+00
   0.18217E+03   0.29964E+02   0.27230E+02   0.44771E+00  -0.17775E+00
   0.18252E+03   0.29962E+02   0.27548E+02   0.44128E+00  -0.15833E+00
   0.18287E+03   0.29960E+02   0.27774E+02   0.43460E+00  -0.13529E+00
   0.18322E+03   0.29957E+02   0.27658E+02   0.41919E+00  -0.12391E+00
   0.18357E+03   0.29952E+02   0.27573E+02   0.40365E+00  -0.11347E+00
   0.18392E+03   0.29947E+02   0.27435E+02   0.39165E+00  -0.95959E-01
   0.18427E+03   0.29939E+02   0.27264E+02   0.37380E+00  -0.86209E-01
   0.18462E+03   0.29927E+02   0.27329E+02   0.35793E+00  -0.75466E-01
   0.18497E+03   0.29914E+02   0.27432E+02   0.34692E+00  -0.69402E-01
   0.18532E+03   0.29902E+02   0.27263E+02   0.34115E+00  -0.77878E-01
   0.18567E+03   0.29893E+02   0.26999E+02   0.33820E+00  -0.89195E-01
   0.18602E+03   0.29886E+02   0.26568E+02   0.32884E+00  -0.10702E+00
   0.18637E+03   0.29880E+02   0.26146E+02   0.31781E+00  -0.11914E+00
   0.18672E+03   0.29873E+02   0.25973E+02   0.31502E+00  -0.12192E+00
   0.18707E+03   0.29868E+02   0.25921E+02   0.31473E+00  -0.12747E+00
   0.18742E+03   0.29865E+02   0.25967E+02   0.31397E+00  -0.12838E+00
   0.18777E+03   0.29862E+02   0.25905E+02   0.31853E+00  -0.13925E+00
   0.18812E+03   0.29865E+02   0.25837E+02   0.32775E+00  -0.15493E+00
   0.18847E+03   0.29873E+02   0.25837E+02   0.33115E+00  -0.15502E+00
   0.18882E+03   0.29877E+02   0.25696E+02   0.32823E+00  -0.16392E+00
   0.18917E+03   0.29876E+02   0.25433E+02   0.32758E+00  -0.17921E+00
   0.18952E+03   0.29877E+02   0.25314E+02   0.32916E+00  -0.18254E+00
   0.18987E+03   0.29879E+02   0.25272E+02   0.32909E+00  -0.19127E+00
   0.19022E+03   0.29879E+02   0.25275E+02   0.33630E+00  -0.20472E+00
   0.19057E+03   0.29887E+02   0.25571E+02   0.34939E+00  -0.20654E+00
   0.19092E+03   0.29896E+02   0.25630E+02   0.35605E+00  -0.21037E+00
   0.19127E+03   0.29902E+02   0.25551E+02   0.35892E+00  -0.22142E+00
   0.19162E+03   0.29905E+02   0.25820E+02   0.36892E+00  -0.21776E+00
   0.19197E+03   0.29913E+02   0.26071E+02   0.38020E+00  -0.20646E+00
   0.19232E+03   0.29920E+02   0.25854E+02   0.38530E+00  -0.21586E+00
   0.19267E+03   0.29926E+02   0.25392E+02   0.38956E+00  -0.23573E+00
   0.19302E+03   0.29929E+02   0.25355E+02   0.38969E+00  -0.23377E+00
   0.19337E+03   0.29931E+02   0.25220E+02   0.39280E+00  -0.22880E+00
   0.19372E+03   0.29934E+02   0.24984E+02   0.40042E+00  -0.24462E+00
   0.19407E+03   0.29937E+02   0.25275E+02   0.40725E+00  -0.24734E+00
   0.19442E+03   0.29941E+02   0.25348E+02   0.41303E+00  -0.24420E+00
   0.19477E+03   0.29945E+02   0.25144E+02   0.41788E+00  -0.25235E+00
   0.19512E+03   0.29948E+02   0.25170E+02   0.42792E+00  -0.25117E+00
   0.19547E+03   0.29952E+02   0.25722E+02   0.43613E+00  -0.23295E+00
   0.19582E+03   0.29955E+02   0.26458E+02   0.43935E+00  -0.20842E+00
   0.19617E+03   0.29957E+02   0.26479E+02   0.44074E+00  -0.20308E+00
   0.19652E+03   0.29958E+02   0.26222E+02   0.43543E+00  -0.20211E+00
   0.19687E+03   0.29958E+02   0.26367E+02   0.43076E+00  -0.18339E+00
   0.19722E+03   0.29956E+02   0.26563E+02   0.42698E+00  -0.16513E+00
   0.19757E+03   0.29953E+02   0.26866E+02   0.41989E+00  -0.14730E+00
   0.19792E+03   0.29950E+02   0.27131E+02   0.40702E+00  -0.13132E+00
   0.19827E+03   0.29945E+02   0.27278E+02   0.39236E+00  -0.12033E+00
   0.19862E+03   0.29938E+02   0.27316E+02   0.38706E+00  -0.10820E+00
   0.19897E+03   0.29934E+02   0.27334E+02   0.37792E+00  -0.95743E-01
   0.19932E+03   0.29929E+02   0.27457E+02   0.36489E+00  -0.84571E-01
   0.19967E+03   0.29919E+02   0.27399E+02   0.35592E+00  -0.79600E-01
   0.20002E+03   0.29906E+02   0.27283E+02   0.34133E+00  -0.75016E-01
   0.20037E+03   0.29892E+02   0.27311E+02   0.32343E+00  -0.68156E-01
   0.20072E+03   0.29882E+02   0.27310E+02   0.31855E+00  -0.74213E-01
   0.20107E+03   0.29880E+02   0.26920E+02   0.32168E+00  -0.93005E-01
   0.20142E+03   0.29872E+02   0.26533E+02   0.30853E+00  -0.10619E+00
   0.20177E+03   0.29858E+02   0.26319E+02   0.29771E+00  -0.11156E+00
   0.20212E+03   0.29848E+02   0.26352E+02   0.30240E+00  -0.11092E+00
   0.20247E+03   0.29845E+02   0.26519E+02   0.30845E+00  -0.10791E+00
   0.20282E+03   0.29848E+02   0.26478E+02   0.30921E+00  -0.12233E+00
   0.20317E+03   0.29848E+02   0.26257E+02   0.31178E+00  -0.14380E+00
   0.20352E+03   0.29853E+02   0.26028E+02   0.31881E+00  -0.14754E+00
   0.20387E+03   0.29860E+02   0.25734E+02   0.31848E+00  -0.15619E+00
   0.20422E+03   0.29862E+02   0.25665E+02   0.31505E+00  -0.16713E+00
   0.20457E+03   0.29859E+02   0.25640E+02   0.31588E+00  -0.17143E+00
   0.20492E+03   0.29859E+02   0.25375E+02   0.31735E+00  -0.18116E+00
   0.20527E+03   0.29862E+02   0.25224E+02   0.32091E+00  -0.19812E+00
   0.20562E+03   0.29870E+02   0.25252E+02   0.33497E+00  -0.21676E+00
   0.20597E+03   0.29881E+02   0.25157E+02   0.34951E+00  -0.22517E+00
   0.20632E+03   0.29890E+02   0.25019E+02   0.35407E+00  -0.23382E+00
   0.20667E+03   0.29896E+02   0.24760E+02   0.36169E+00  -0.25578E+00
   0.20702E+03   0.29905E+02   0.24738E+02   0.37528E+00  -0.26435E+00
   0.20737E+03   0.29916E+02   0.25109E+02   0.38827E+00  -0.26267E+00
   0.20772E+03   0.29926E+02   0.25023E+02   0.40313E+00  -0.27712E+00
   0.20807E+03   0.29935E+02   0.24694E+02   0.41510E+00  -0.29309E+00
   0.20842E+03   0.29942E+02   0.24930E+02   0.42397E+00  -0.29129E+00
   0.20877E+03   0.29949E+02   0.25131E+02   0.43453E+00  -0.28722E+00
   0.20912E+03   0.29955E+02   0.25160E+02   0.44382E+00  -0.29013E+00
   0.20947E+03   0.29959E+02   0.25652E+02   0.45485E+00  -0.27993E+00
   0.20982E+03   0.29962E+02   0.26295E+02   0.46643E+00  -0.26022E+00
   0.21017E+03   0.29966E+02   0.26521E+02   0.47261E+00  -0.24847E+00
   0.21052E+03   0.29968E+02   0.26510E+02   0.47524E+00  -0.24157E+00
   0.21087E+03   0.29970E+02   0.26856E+02   0.47455E+00  -0.22321E+00
   0.21122E+03   0.29971E+02   0.27382E+02   0.47098E+00  -0.18606E+00
   0.21157E+03   0.29970E+02   0.27641E+02   0.46341E+00  -0.15764E+00
   0.21192E+03   0.29967E+02   0.27320E+02   0.44756E+00  -0.15508E+00
   0.21227E+03   0.29963E+02   0.26821E+02   0.43373E+00  -0.14941E+00
   0.21262E+03   0.29958E+02   0.26877E+02   0.42403E+00  -0.12614E+00
   0.21297E+03   0.29954E+02   0.27090E+02   0.41007E+00  -0.11063E+00
   0.21332E+03   0.29946E+02   0.26862E+02   0.39135E+00  -0.11283E+00
   0.21367E+03   0.29938E+02   0.26765E+02   0.37875E+00  -0.10803E+00
   0.21402E+03   0.29931E+02   0.26771E+02   0.36999E+00  -0.10164E+00
   0.21437E+03   0.29923E+02   0.26696E+02   0.35751E+00  -0.98182E-01
   0.21472E+03   0.29913E+02   0.26718E+02   0.35155E+00  -0.96814E-01
   0.21507E+03   0.29908E+02   0.26584E+02   0.35443E+00  -0.10306E+00
   0.21542E+03   0.29907E+02   0.26260E+02   0.34521E+00  -0.10885E+00
   0.21577E+03   0.29895E+02   0.26168E+02   0.32602E+00  -0.11719E+00
   0.21612E+03   0.29881E+02   0.26292E+02   0.32381E+00  -0.11423E+00
   0.21647E+03   0.29881E+02   0.26270E+02   0.33233E+00  -0.10794E+00
   0.21682E+03   0.29884E+02   0.26064E+02   0.33008E+00  -0.12759E+00
   0.21717E+03   0.29877E+02   0.25972E+02   0.31841E+00  -0.14413E+00
   0.21752E+03   0.29870E+02   0.25851E+02   0.31899E+00  -0.14299E+00
   0.21787E+03   0.29872E+02   0.25747E+02   0.32675E+00  -0.14375E+00
   0.21822E+03   0.29874E+02   0.25725E+02   0.32807E+00  -0.15729E+00
   0.21857E+03   0.29873E+02   0.25732E+02   0.32531E+00  -0.16962E+00
   0.21892E+03   0.29871E+02   0.25750E+02   0.32666E+00  -0.16798E+00
   0.21927E+03   0.29874E+02   0.25626E+02   0.33288E+00  -0.17702E+00
   0.21962E+03   0.29881E+02   0.25103E+02   0.34094E+00  -0.20391E+00
   0.21997E+03   0.29888E+02   0.24600E+02   0.34206E+00  -0.22240E+00
   0.22032E+03   0.29892E+02   0.24349E+02   0.34086E+00  -0.23406E+00
   0.22067E+03   0.29896E+02   0.24528E+02   0.34742E+00  -0.23780E+00
   0.22102E+03   0.29900E+02   0.25053E+02   0.36017E+00  -0.23368E+00
   0.22137E+03   0.29908E+02   0.25308E+02   0.37739E+00  -0.24209E+00
   0.22172E+03   0.29918E+02   0.25179E+02   0.39415E+00  -0.25745E+00
   0.22207E+03   0.29928E+02   0.25083E+02   0.40395E+00  -0.26564E+00
   0.22242E+03   0.29936E+02   0.25233E+02   0.41131E+00  -0.26472E+00
   0.22277E+03   0.29942E+02   0.25480E+02   0.42497E+00  -0.25490E+00
   0.22312E+03   0.29948E+02   0.25719E+02   0.43070E+00  -0.24885E+00
   0.22347E+03   0.29951E+02   0.26004E+02   0.42683E+00  -0.24134E+00
   0.22382E+03   0.29952E+02   0.26187E+02   0.42747E+00  -0.22881E+00
   0.22417E+03   0.29954E+02   0.26142E+02   0.43589E+00  -0.22179E+00
   0.22452E+03   0.29956E+02   0.26262E+02   0.44379E+00  -0.21275E+00
   0.22487E+03   0.29958E+02   0.26133E+02   0.44300E+00  -0.21158E+00
   0.22522E+03   0.29958E+02   0.25819E+02   0.43112E+00  -0.21558E+00
   0.22557E+03   0.29954E+02   0.25780E+02   0.42258E+00  -0.20439E+00
   0.22592E+03   0.29952E+02   0.25886E+02   0.42306E+00  -0.18878E+00
   0.22627E+03   0.29952E+02   0.26004E+02   0.42205E+00  -0.18234E+00
   0.22662E+03   0.29951E+02   0.26115E+02   0.42013E+00  -0.17834E+00
   0.22697E+03   0.29950E+02   0.26177E+02   0.41689E+00  -0.17176E+00
   0.22732E+03   0.29948E+02   0.26267E+02   0.41146E+00  -0.15619E+00
   0.22767E+03   0.29947E+02   0.26322E+02   0.40731E+00  -0.14565E+00
   0.22802E+03   0.29946E+02   0.26011E+02   0.39906E+00  -0.15323E+00
   0.22837E+03   0.29942E+02   0.25851E+02   0.38469E+00  -0.14876E+00
   0.22872E+03   0.29935E+02   0.26206E+02   0.37518E+00  -0.12653E+00
   0.22907E+03   0.29930E+02   0.26528E+02   0.37297E+00  -0.11454E+00
   0.22942E+03   0.29925E+02   0.26564E+02   0.36882E+00  -0.11520E+00
   0.22977E+03   0.29920E+02   0.26429E+02   0.36291E+00  -0.12418E+00
   0.23012E+03   0.29915E+02   0.26357E+02   0.35523E+00  -0.12510E+00
   0.23047E+03   0.29911E+02   0.26344E+02   0.34629E+00  -0.11553E+00
   0.23082E+03   0.29906E+02   0.26295E+02   0.34036E+00  -0.11983E+00
   0.23117E+03   0.29898E+02   0.26303E+02   0.33831E+00  -0.12430E+00
   0.23152E+03   0.29890E+02   0.26409E+02   0.33527E+00  -0.11923E+00
   0.23187E+03   0.29882E+02   0.26249E+02   0.32636E+00  -0.12862E+00
   0.23222E+03   0.29878E+02   0.25931E+02   0.32740E+00  -0.14364E+00
   0.23257E+03   0.29881E+02   0.25827E+02   0.33328E+00  -0.14639E+00
   0.23292E+03   0.29882E+02   0.25832E+02   0.33165E+00  -0.14800E+00
   0.23327E+03   0.29879E+02   0.25710E+02   0.32468E+00  -0.15761E+00
   0.23362E+03   0.29875E+02   0.25539E+02   0.32357E+00  -0.16925E+00
   0.23397E+03   0.29874E+02   0.25579E+02   0.33413E+00  -0.17029E+00
   0.23432E+03   0.29880E+02   0.25653E+02   0.34373E+00  -0.17316E+00
   0.23467E+03   0.29887E+02   0.25608E+02   0.34583E+00  -0.18970E+00
   0.23502E+03   0.29892E+02   0.25338E+02   0.34856E+00  -0.20453E+00
   0.23537E+03   0.29897E+02   0.25287E+02   0.35441E+00  -0.20598E+00
   0.23572E+03   0.29903E+02   0.25529E+02   0.35984E+00  -0.20186E+00
   0.23607E+03   0.29909E+02   0.25652E+02   0.36181E+00  -0.20501E+00
   0.23642E+03   0.29911E+02   0.25637E+02   0.36611E+00  -0.21340E+00
   0.23677E+03   0.29915E+02   0.25508E+02   0.37794E+00  -0.21733E+00
   0.23712E+03   0.29921E+02   0.25533E+02   0.38255E+00  -0.21745E+00
   0.23747E+03   0.29925E+02   0.25641E+02   0.38292E+00  -0.22056E+00
   0.23782E+03   0.29928E+02   0.25530E+02   0.38756E+00  -0.22359E+00
   0.23817E+03   0.29931E+02   0.25493E+02   0.39529E+00  -0.22041E+00
   0.23852E+03   0.29933E+02   0.25678E+02   0.39668E+00  -0.21714E+00
   0.23887E+03   0.29936E+02   0.25577E+02   0.39765E+00  -0.22470E+00
   0.23922E+03   0.29939E+02   0.25380E+02   0.40493E+00  -0.23066E+00
   0.23957E+03   0.29942E+02   0.25404E+02   0.41222E+00  -0.22316E+00
   0.23992E+03   0.29944E+02   0.25454E+02   0.41154E+00  -0.21722E+00
   0.24027E+03   0.29945E+02   0.25558E+02   0.40846E+00  -0.21590E+00
   0.24062E+03   0.29945E+02   0.25916E+02   0.41299E+00  -0.20343E+00
   0.24097E+03   0.29946E+02   0.26458E+02   0.42007E+00  -0.18605E+00
   0.24132E+03   0.29948E+02   0.26784E+02   0.42126E+00  -0.17271E+00
   0.24167E+03   0.29948E+02   0.26737E+02   0.41693E+00  -0.16839E+00
   0.24202E+03   0.29947E+02   0.26768E+02   0.41432E+00  -0.16180E+00
   0.24237E+03   0.29945E+02   0.26934E+02   0.40605E+00  -0.14216E+00
   0.24272E+03   0.29943E+02   0.26829E+02   0.39375E+00  -0.13301E+00
   0.24307E+03   0.29939E+02   0.26504E+02   0.37864E+00  -0.13619E+00
   0.24342E+03   0.29931E+02   0.26396E+02   0.36601E+00  -0.12980E+00
   0.24377E+03   0.29925E+02   0.26616E+02   0.36225E+00  -0.11488E+00
   0.24412E+03   0.29920E+02   0.26617E+02   0.35588E+00  -0.11529E+00
   0.24447E+03   0.29914E+02   0.26392E+02   0.34974E+00  -0.13112E+00
   0.24482E+03   0.29908E+02   0.26097E+02   0.34914E+00  -0.14076E+00
   0.24517E+03   0.29904E+02   0.25999E+02   0.34507E+00  -0.13623E+00
   0.24552E+03   0.29899E+02   0.26077E+02   0.33861E+00  -0.13521E+00
   0.24587E+03   0.29895E+02   0.26043E+02   0.33975E+00  -0.14148E+00
   0.24622E+03   0.29895E+02   0.25879E+02   0.34467E+00  -0.14984E+00
   0.24657E+03   0.29896E+02   0.25902E+02   0.34288E+00  -0.15316E+00
   0.24692E+03   0.29893E+02   0.26163E+02   0.34024E+00  -0.14884E+00
   0.24727E+03   0.29894E+02   0.25994E+02   0.34400E+00  -0.15601E+00
   0.24762E+03   0.29896E+02   0.25751E+02   0.34790E+00  -0.16602E+00
   0.24797E+03   0.29896E+02   0.25753E+02   0.34439E+00  -0.16840E+00
   0.24832E+03   0.29891E+02   0.25803E+02   0.33681E+00  -0.16830E+00
   0.24867E+03   0.29887E+02   0.25786E+02   0.34194E+00  -0.16803E+00
   0.24902E+03   0.29891E+02   0.25719E+02   0.35292E+00  -0.17887E+00
   0.24937E+03   0.29897E+02   0.25535E+02   0.35508E+00  -0.19483E+00
   0.24972E+03   0.29901E+02   0.25276E+02   0.35009E+00  -0.20392E+00
   0.25007E+03   0.29901E+02   0.25208E+02   0.35153E+00  -0.21063E+00
   0.25042E+03   0.29904E+02   0.25421E+02   0.36496E+00  -0.20600E+00
   0.25077E+03   0.29910E+02   0.25684E+02   0.37364E+00  -0.20284E+00
   0.25112E+03   0.29915E+02   0.25515E+02   0.37544E+00  -0.21978E+00
   0.25147E+03   0.29920E+02   0.25175E+02   0.37791E+00  -0.23557E+00
   0.25182E+03   0.29924E+02   0.25028E+02   0.38806E+00  -0.23526E+00
   0.25217E+03   0.29929E+02   0.25047E+02   0.39681E+00  -0.23456E+00
   0.25252E+03   0.29934E+02   0.24857E+02   0.39902E+00  -0.24501E+00
   0.25287E+03   0.29937E+02   0.24661E+02   0.39972E+00  -0.25672E+00
   0.25322E+03   0.29940E+02   0.25027E+02   0.40455E+00  -0.25128E+00
   0.25357E+03   0.29944E+02   0.25354E+02   0.41541E+00  -0.24124E+00
   0.25392E+03   0.29949E+02   0.25455E+02   0.42565E+00  -0.24257E+00
   0.25427E+03   0.29953E+02   0.25372E+02   0.43226E+00  -0.24607E+00
   0.25462E+03   0.29955E+02   0.25292E+02   0.43490E+00  -0.24251E+00
   0.25497E+03   0.29956E+02   0.25564E+02   0.43498E+00  -0.22807E+00
   0.25532E+03   0.29957E+02   0.25959E+02   0.43393E+00  -0.21420E+00
   0.25567E+03   0.29957E+02   0.26322E+02   0.43683E+00  -0.20014E+00
   0.25602E+03   0.29957E+02   0.26729E+02   0.43928E+00  -0.18066E+00
   0.25637E+03   0.29957E+02   0.27111E+02   0.43001E+00  -0.16246E+00
   0.25672E+03   0.29954E+02   0.27183E+02   0.42104E+00  -0.15016E+00
   0.25707E+03   0.29952E+02   0.27085E+02   0.42044E+00  -0.14069E+00
   0.25742E+03   0.29951E+02   0.26999E+02   0.41007E+00  -0.12809E+00
   0.25777E+03   0.29946E+02   0.26815E+02   0.38850E+00  -0.12102E+00
   0.25812E+03   0.29935E+02   0.26661E+02   0.36915E+00  -0.11821E+00
   0.25847E+03   0.29924E+02   0.26662E+02   0.36262E+00  -0.10958E+00
   0.25882E+03   0.29918E+02   0.26716E+02   0.36011E+00  -0.10346E+00
   0.25917E+03   0.29913E+02   0.26611E+02   0.35132E+00  -0.11211E+00
   0.25952E+03   0.29905E+02   0.26552E+02   0.34160E+00  -0.11303E+00
   0.25987E+03   0.29897E+02   0.26690E+02   0.34046E+00  -0.99045E-01
   0.26022E+03   0.29894E+02   0.26679E+02   0.34258E+00  -0.10112E+00
   0.26057E+03   0.29892E+02   0.26554E+02   0.33562E+00  -0.11434E+00
   0.26092E+03   0.29887E+02   0.26492E+02   0.32992E+00  -0.11971E+00
   0.26127E+03   0.29884E+02   0.26378E+02   0.32755E+00  -0.12042E+00
   0.26162E+03   0.29880E+02   0.26198E+02   0.32287E+00  -0.12387E+00
   0.26197E+03   0.29876E+02   0.25935E+02   0.31881E+00  -0.13950E+00
   0.26232E+03   0.29873E+02   0.25461E+02   0.31681E+00  -0.16078E+00
   0.26267E+03   0.29869E+02   0.25378E+02   0.31675E+00  -0.16570E+00
   0.26302E+03   0.29869E+02   0.25447E+02   0.32136E+00  -0.17162E+00
   0.26337E+03   0.29875E+02   0.25177E+02   0.32706E+00  -0.19296E+00
   0.26372E+03   0.29880E+02   0.25152E+02   0.33395E+00  -0.20375E+00
   0.26407E+03   0.29887E+02   0.25053E+02   0.34190E+00  -0.21189E+00
   0.26442E+03   0.29894E+02   0.24872E+02   0.34527E+00  -0.22217E+00
   0.26477E+03   0.29899E+02   0.24752E+02   0.35325E+00  -0.22876E+00
   0.26512E+03   0.29906E+02   0.24697E+02   0.36670E+00  -0.24231E+00
   0.26547E+03   0.29912E+02   0.24732E+02   0.37750E+00  -0.25061E+00
   0.26582E+03   0.29918E+02   0.24850E+02   0.38135E+00  -0.25747E+00
   0.26617E+03   0.29923E+02   0.25048E+02   0.39191E+00  -0.26550E+00
   0.26652E+03   0.29931E+02   0.25381E+02   0.41140E+00  -0.26135E+00
   0.26687E+03   0.29940E+02   0.25450E+02   0.42375E+00  -0.26586E+00
   0.26722E+03   0.29946E+02   0.25292E+02   0.42677E+00  -0.27585E+00
   0.26757E+03   0.29950E+02   0.25486E+02   0.43292E+00  -0.26875E+00
   0.26792E+03   0.29954E+02   0.25992E+02   0.44650E+00  -0.24701E+00
   0.26827E+03   0.29958E+02   0.26638E+02   0.45197E+00  -0.22796E+00
   0.26862E+03   0.29961E+02   0.27063E+02   0.45148E+00  -0.21757E+00
   0.26897E+03   0.29963E+02   0.27257E+02   0.44886E+00  -0.20370E+00
   0.26932E+03   0.29963E+02   0.27183E+02   0.44726E+00  -0.18383E+00
   0.26967E+03   0.29962E+02   0.27171E+02   0.44283E+00  -0.16607E+00
   0.27002E+03   0.29960E+02   0.27275E+02   0.43359E+00  -0.15150E+00
   0.27037E+03   0.29957E+02   0.27304E+02   0.41915E+00  -0.13196E+00
   0.27072E+03   0.29951E+02   0.27236E+02   0.40152E+00  -0.11804E+00
   0.27107E+03   0.29942E+02   0.27203E+02   0.38867E+00  -0.10734E+00
   0.27142E+03   0.29935E+02   0.27319E+02   0.38047E+00  -0.93313E-01
   0.27177E+03   0.29930E+02   0.27322E+02   0.37587E+00  -0.90592E-01
   0.27212E+03   0.29923E+02   0.27314E+02   0.36609E+00  -0.89936E-01
   0.27247E+03   0.29915E+02   0.27301E+02   0.35003E+00  -0.81728E-01
   0.27282E+03   0.29905E+02   0.27087E+02   0.33504E+00  -0.80420E-01
   0.27317E+03   0.29895E+02   0.26817E+02   0.32980E+00  -0.88323E-01
   0.27352E+03   0.29885E+02   0.26533E+02   0.32385E+00  -0.10084E+00
   0.27387E+03   0.29875E+02   0.26233E+02   0.31519E+00  -0.11258E+00
   0.27422E+03   0.29872E+02   0.25840E+02   0.31193E+00  -0.12932E+00
   0.27457E+03   0.29869E+02   0.25554E+02   0.30860E+00  -0.14559E+00
   0.27492E+03   0.29863E+02   0.25508E+02   0.31103E+00  -0.14864E+00
   0.27527E+03   0.29864E+02   0.25126E+02   0.31617E+00  -0.16775E+00
   0.27562E+03   0.29865E+02   0.24854E+02   0.31974E+00  -0.19132E+00
   0.27597E+03   0.29869E+02   0.24841E+02   0.33310E+00  -0.20002E+00
   0.27632E+03   0.29880E+02   0.24572E+02   0.34233E+00  -0.21900E+00
   0.27667E+03   0.29887E+02   0.24364E+02   0.34648E+00  -0.23908E+00
   0.27702E+03   0.29894E+02   0.24320E+02   0.35713E+00  -0.25343E+00
   0.27737E+03   0.29903E+02   0.24214E+02   0.36529E+00  -0.26742E+00
   0.27772E+03   0.29910E+02   0.24275E+02   0.37491E+00  -0.27698E+00
   0.27807E+03   0.29918E+02   0.24375E+02   0.39154E+00  -0.29177E+00
   0.27842E+03   0.29928E+02   0.24370E+02   0.40691E+00  -0.30358E+00
   0.27877E+03   0.29937E+02   0.24699E+02   0.41943E+00  -0.30190E+00
   0.27912E+03   0.29945E+02   0.24913E+02   0.43565E+00  -0.30922E+00
   0.27947E+03   0.29952E+02   0.25193E+02   0.44943E+00  -0.30938E+00
   0.27982E+03   0.29958E+02   0.25642E+02   0.46116E+00  -0.29337E+00
   0.28017E+03   0.29964E+02   0.25953E+02   0.47045E+00  -0.28534E+00
   0.28052E+03   0.29967E+02   0.26219E+02   0.47653E+00  -0.26842E+00
   0.28087E+03   0.29970E+02   0.26412E+02   0.47997E+00  -0.24404E+00
   0.28122E+03   0.29971E+02   0.26273E+02   0.48124E+00  -0.23699E+00
   0.28157E+03   0.29972E+02   0.26304E+02   0.48052E+00  -0.22593E+00
   0.28192E+03   0.29972E+02   0.26568E+02   0.47202E+00  -0.20099E+00
   0.28227E+03   0.29970E+02   0.26603E+02   0.46104E+00  -0.18210E+00
   0.28262E+03   0.29967E+02   0.26641E+02   0.45427E+00  -0.16720E+00
   0.28297E+03   0.29965E+02   0.26731E+02   0.44704E+00  -0.15119E+00
   0.28332E+03   0.29962E+02   0.26790E+02   0.43311E+00  -0.13728E+00
   0.28367E+03   0.29958E+02   0.26729E+02   0.42142E+00  -0.12554E+00
   0.28402E+03   0.29953E+02   0.26847E+02   0.41206E+00  -0.10876E+00
   0.28437E+03   0.29948E+02   0.26999E+02   0.39622E+00  -0.89340E-01
   0.28472E+03   0.29939E+02   0.27100E+02   0.37929E+00  -0.79115E-01
   0.28507E+03   0.29933E+02   0.27022E+02   0.36730E+00  -0.79822E-01
   0.28542E+03   0.29926E+02   0.26942E+02   0.35361E+00  -0.78722E-01
   0.28577E+03   0.29915E+02   0.26981E+02   0.34193E+00  -0.73292E-01
   0.28612E+03   0.29902E+02   0.26950E+02   0.33349E+00  -0.73892E-01
   0.28647E+03   0.29889E+02   0.27038E+02   0.32446E+00  -0.72801E-01
   0.28682E+03   0.29877E+02   0.27137E+02   0.31675E+00  -0.70649E-01
   0.28717E+03   0.29866E+02   0.27027E+02   0.31392E+00  -0.82902E-01
   0.28752E+03   0.29860E+02   0.26783E+02   0.31465E+00  -0.98254E-01
   0.28787E+03   0.29854E+02   0.26550E+02   0.31018E+00  -0.10774E+00
   0.28822E+03   0.29849E+02   0.26379E+02   0.30668E+00  -0.11571E+00
   0.28857E+03   0.29848E+02   0.26215E+02   0.30360E+00  -0.12183E+00
   0.28892E+03   0.29843E+02   0.25997E+02   0.29903E+00  -0.13181E+00
   0.28927E+03   0.29837E+02   0.25593E+02   0.29945E+00  -0.15433E+00
   0.28962E+03   0.29839E+02   0.25340E+02   0.30607E+00  -0.17054E+00
   0.28997E+03   0.29845E+02   0.25157E+02   0.31479E+00  -0.18277E+00
   0.29032E+03   0.29853E+02   0.24979E+02   0.32033E+00  -0.20234E+00
   0.29067E+03   0.29861E+02   0.24911E+02   0.32522E+00  -0.21640E+00
   0.29102E+03   0.29869E+02   0.24612E+02   0.33659E+00  -0.23273E+00
   0.29137E+03   0.29880E+02   0.24638E+02   0.34919E+00  -0.24623E+00
   0.29172E+03   0.29892E+02   0.24730E+02   0.35935E+00  -0.25839E+00
   0.29207E+03   0.29903E+02   0.24553E+02   0.38040E+00  -0.27678E+00
   0.29242E+03   0.29917E+02   0.24457E+02   0.39539E+00  -0.29134E+00
   0.29277E+03   0.29927E+02   0.24350E+02   0.40060E+00  -0.30480E+00
   0.29312E+03   0.29935E+02   0.24273E+02   0.41258E+00  -0.31474E+00
   0.29347E+03   0.29942E+02   0.24305E+02   0.42775E+00  -0.31877E+00
   0.29382E+03   0.29950E+02   0.24591E+02   0.44672E+00  -0.32040E+00
   0.29417E+03   0.29957E+02   0.25251E+02   0.46516E+00  -0.31331E+00
   0.29452E+03   0.29963E+02   0.25748E+02   0.48049E+00  -0.31146E+00
   0.29487E+03   0.29968E+02   0.26108E+02   0.49097E+00  -0.30076E+00
   0.29522E+03   0.29972E+02   0.26761E+02   0.50027E+00  -0.26743E+00
   0.29557E+03   0.29975E+02   0.27378E+02   0.50561E+00  -0.23916E+00
   0.29592E+03   0.29977E+02   0.27864E+02   0.50298E+00  -0.20884E+00
   0.29627E+03   0.29978E+02   0.28193E+02   0.49518E+00  -0.17721E+00
   0.29662E+03   0.29977E+02   0.28111E+02   0.48299E+00  -0.15411E+00
   0.29697E+03   0.29974E+02   0.28114E+02   0.46652E+00  -0.12092E+00
   0.29732E+03   0.29969E+02   0.28114E+02   0.44396E+00  -0.95888E-01
   0.29767E+03   0.29963E+02   0.28065E+02   0.42046E+00  -0.78824E-01
   0.29802E+03   0.29955E+02   0.28194E+02   0.40009E+00  -0.53724E-01
   0.29837E+03   0.29944E+02   0.28177E+02   0.37802E+00  -0.43134E-01
   0.29872E+03   0.29930E+02   0.28112E+02   0.36103E+00  -0.41595E-01
   0.29907E+03   0.29917E+02   0.27886E+02   0.35066E+00  -0.44080E-01
   0.29942E+03   0.29904E+02   0.27532E+02   0.33587E+00  -0.57590E-01
   0.29977E+03   0.29894E+02   0.27221E+02   0.32072E+00  -0.65796E-01
   0.30012E+03   0.29882E+02   0.27075E+02   0.30610E+00  -0.63325E-01
   0.30047E+03   0.29863E+02   0.27024E+02   0.30025E+00  -0.63077E-01
   0.30082E+03   0.29855E+02   0.26866E+02   0.30086E+00  -0.72964E-01
   0.30118E+03   0.29850E+02   0.26626E+02   0.29792E+00  -0.90190E-01
   0.30153E+03   0.29842E+02   0.26360E+02   0.29868E+00  -0.10741E+00
   0.30188E+03   0.29842E+02   0.25968E+02   0.30284E+00  -0.12569E+00
   0.30223E+03   0.29842E+02   0.25646E+02   0.30174E+00  -0.14236E+00
   0.30258E+03   0.29842E+02   0.25381E+02   0.29918E+00  -0.16097E+00
   0.30293E+03   0.29838E+02   0.25071E+02   0.30012E+00  -0.17782E+00
   0.30328E+03   0.29835E+02   0.24997E+02   0.30868E+00  -0.18807E+00
   0.30363E+03   0.29844E+02   0.24860E+02   0.32322E+00  -0.20879E+00
   0.30398E+03   0.29858E+02   0.24653E+02   0.33734E+00  -0.23515E+00
   0.30433E+03   0.29873E+02   0.24555E+02   0.35004E+00  -0.25493E+00
   0.30468E+03   0.29887E+02   0.24512E+02   0.35678E+00  -0.26913E+00
   0.30503E+03   0.29897E+02   0.24537E+02   0.36654E+00  -0.27814E+00
   0.30538E+03   0.29908E+02   0.24633E+02   0.38273E+00  -0.28576E+00
   0.30573E+03   0.29920E+02   0.24811E+02   0.39901E+00  -0.29340E+00
   0.30608E+03   0.29932E+02   0.25053E+02   0.41440E+00  -0.29770E+00
   0.30643E+03   0.29941E+02   0.25086E+02   0.42726E+00  -0.30345E+00
   0.30678E+03   0.29949E+02   0.25099E+02   0.44194E+00  -0.30478E+00
   0.30713E+03   0.29955E+02   0.25488E+02   0.45721E+00  -0.29364E+00
   0.30748E+03   0.29961E+02   0.26185E+02   0.46658E+00  -0.27918E+00
   0.30783E+03   0.29966E+02   0.26632E+02   0.47256E+00  -0.26817E+00
   0.30818E+03   0.29969E+02   0.26407E+02   0.47779E+00  -0.25748E+00
   0.30853E+03   0.29971E+02   0.26324E+02   0.48228E+00  -0.24354E+00
   0.30888E+03   0.29972E+02   0.26660E+02   0.48273E+00  -0.22019E+00
   0.30923E+03   0.29972E+02   0.26625E+02   0.47695E+00  -0.20317E+00
   0.30958E+03   0.29971E+02   0.26571E+02   0.46780E+00  -0.19396E+00
   0.30993E+03   0.29970E+02   0.26991E+02   0.45667E+00  -0.16450E+00
   0.31028E+03   0.29967E+02   0.27351E+02   0.44493E+00  -0.13582E+00
   0.31063E+03   0.29964E+02   0.27325E+02   0.43524E+00  -0.12390E+00
   0.31098E+03   0.29961E+02   0.27047E+02   0.42174E+00  -0.11677E+00
   0.31133E+03   0.29956E+02   0.26860E+02   0.40613E+00  -0.10836E+00
   0.31168E+03   0.29947E+02   0.26932E+02   0.39083E+00  -0.88209E-01
   0.31203E+03   0.29938E+02   0.27030E+02   0.37216E+00  -0.77389E-01
   0.31238E+03   0.29927E+02   0.27000E+02   0.35903E+00  -0.79477E-01
   0.31273E+03   0.29917E+02   0.26986E+02   0.35062E+00  -0.78870E-01
   0.31308E+03   0.29906E+02   0.26962E+02   0.33807E+00  -0.77627E-01
   0.31343E+03   0.29896E+02   0.26854E+02   0.33021E+00  -0.79655E-01
   0.31378E+03   0.29889E+02   0.26725E+02   0.32736E+00  -0.89372E-01
   0.31413E+03   0.29884E+02   0.26637E+02   0.32317E+00  -0.94422E-01
   0.31448E+03   0.29874E+02   0.26605E+02   0.31472E+00  -0.93361E-01
   0.31483E+03   0.29862E+02   0.26551E+02   0.30702E+00  -0.10255E+00
   0.31518E+03   0.29855E+02   0.26382E+02   0.30908E+00  -0.11320E+00
   0.31553E+03   0.29855E+02   0.26098E+02   0.31283E+00  -0.12187E+00
   0.31588E+03   0.29853E+02   0.25769E+02   0.30818E+00  -0.14266E+00
   0.31623E+03   0.29848E+02   0.25602E+02   0.30420E+00  -0.15172E+00
   0.31658E+03   0.29851E+02   0.25521E+02   0.30629E+00  -0.15503E+00
   0.31693E+03   0.29853E+02   0.25167E+02   0.31133E+00  -0.17800E+00
   0.31728E+03   0.29856E+02   0.24816E+02   0.31717E+00  -0.19995E+00
   0.31763E+03   0.29862E+02   0.24650E+02   0.32127E+00  -0.21510E+00
   0.31798E+03   0.29870E+02   0.24194E+02   0.33200E+00  -0.24132E+00
   0.31833E+03   0.29880E+02   0.24021E+02   0.34521E+00  -0.26179E+00
   0.31868E+03   0.29891E+02   0.24140E+02   0.35907E+00  -0.27270E+00
   0.31903E+03   0.29903E+02   0.24218E+02   0.37009E+00  -0.28587E+00
   0.31938E+03   0.29913E+02   0.24348E+02   0.38646E+00  -0.29987E+00
   0.31973E+03   0.29925E+02   0.24156E+02   0.41029E+00  -0.32035E+00
   0.32008E+03   0.29937E+02   0.23989E+02   0.42706E+00  -0.33573E+00
   0.32043E+03   0.29947E+02   0.24229E+02   0.44154E+00  -0.34480E+00
   0.32078E+03   0.29955E+02   0.24467E+02   0.45606E+00  -0.34658E+00
   0.32113E+03   0.29961E+02   0.24770E+02   0.47073E+00  -0.33101E+00
   0.32148E+03   0.29966E+02   0.25557E+02   0.48528E+00  -0.31584E+00
   0.32183E+03   0.29971E+02   0.26466E+02   0.50336E+00  -0.30127E+00
   0.32218E+03   0.29975E+02   0.27220E+02   0.51699E+00  -0.27139E+00
   0.32253E+03   0.29979E+02   0.27818E+02   0.52115E+00  -0.24179E+00
   0.32288E+03   0.29980E+02   0.28288E+02   0.51937E+00  -0.20551E+00
   0.32323E+03   0.29979E+02   0.28582E+02   0.51049E+00  -0.15920E+00
   0.32358E+03   0.29978E+02   0.28590E+02   0.49128E+00  -0.13011E+00
   0.32393E+03   0.29975E+02   0.28352E+02   0.46569E+00  -0.11402E+00
   0.32428E+03   0.29969E+02   0.28116E+02   0.44606E+00  -0.90769E-01
   0.32463E+03   0.29962E+02   0.27938E+02   0.42113E+00  -0.68619E-01
   0.32498E+03   0.29951E+02   0.27681E+02   0.39087E+00  -0.62589E-01
   0.32533E+03   0.29938E+02   0.27332E+02   0.36781E+00  -0.67583E-01
   0.32568E+03   0.29925E+02   0.27103E+02   0.35053E+00  -0.66726E-01
   0.32603E+03   0.29910E+02   0.27036E+02   0.33853E+00  -0.63781E-01
   0.32638E+03   0.29901E+02   0.26982E+02   0.33556E+00  -0.70633E-01
   0.32673E+03   0.29894E+02   0.26983E+02   0.33360E+00  -0.75260E-01
   0.32708E+03   0.29887E+02   0.26868E+02   0.33012E+00  -0.78336E-01
   0.32743E+03   0.29883E+02   0.26580E+02   0.32398E+00  -0.89984E-01
   0.32778E+03   0.29879E+02   0.26311E+02   0.31708E+00  -0.10403E+00
   0.32813E+03   0.29876E+02   0.26166E+02   0.31553E+00  -0.10789E+00
   0.32848E+03   0.29871E+02   0.26117E+02   0.31105E+00  -0.11064E+00
   0.32883E+03   0.29863E+02   0.26126E+02   0.30849E+00  -0.11907E+00
   0.32918E+03   0.29852E+02   0.26010E+02   0.30596E+00  -0.13243E+00
   0.32953E+03   0.29846E+02   0.25718E+02   0.30907E+00  -0.15154E+00
   0.32988E+03   0.29849E+02   0.25542E+02   0.31744E+00  -0.16707E+00
   0.33023E+03   0.29855E+02   0.25505E+02   0.32049E+00  -0.17794E+00
   0.33058E+03   0.29860E+02   0.25601E+02   0.32014E+00  -0.18138E+00
   0.33093E+03   0.29864E+02   0.25664E+02   0.32531E+00  -0.18250E+00
   0.33128E+03   0.29870E+02   0.25492E+02   0.33311E+00  -0.19370E+00
   0.33163E+03   0.29877E+02   0.25328E+02   0.33918E+00  -0.20852E+00
   0.33198E+03   0.29885E+02   0.25237E+02   0.34647E+00  -0.21777E+00
   0.33233E+03   0.29892E+02   0.25131E+02   0.35577E+00  -0.22783E+00
   0.33268E+03   0.29900E+02   0.24913E+02   0.36398E+00  -0.23909E+00
   0.33303E+03   0.29907E+02   0.24984E+02   0.36599E+00  -0.24542E+00
   0.33338E+03   0.29913E+02   0.24970E+02   0.37452E+00  -0.25678E+00
   0.33373E+03   0.29920E+02   0.24521E+02   0.39188E+00  -0.27520E+00
   0.33408E+03   0.29930E+02   0.24252E+02   0.40658E+00  -0.29314E+00
   0.33443E+03   0.29938E+02   0.24397E+02   0.41721E+00  -0.30291E+00
   0.33478E+03   0.29945E+02   0.24544E+02   0.43255E+00  -0.30348E+00
   0.33513E+03   0.29951E+02   0.24552E+02   0.44190E+00  -0.30495E+00
   0.33548E+03   0.29957E+02   0.24785E+02   0.45292E+00  -0.30477E+00
   0.33583E+03   0.29962E+02   0.25328E+02   0.46657E+00  -0.29346E+00
   0.33618E+03   0.29966E+02   0.26170E+02   0.48036E+00  -0.27273E+00
   0.33653E+03   0.29970E+02   0.26757E+02   0.49302E+00  -0.24977E+00
   0.33688E+03   0.29973E+02   0.26814E+02   0.49485E+00  -0.23934E+00
   0.33723E+03   0.29974E+02   0.26812E+02   0.48784E+00  -0.22603E+00
   0.33758E+03   0.29974E+02   0.27075E+02   0.47690E+00  -0.19365E+00
   0.33793E+03   0.29972E+02   0.27261E+02   0.46522E+00  -0.16406E+00
   0.33828E+03   0.29969E+02   0.27198E+02   0.45329E+00  -0.14664E+00
   0.33863E+03   0.29965E+02   0.27059E+02   0.44237E+00  -0.13712E+00
   0.33898E+03   0.29961E+02   0.26950E+02   0.42116E+00  -0.12430E+00
   0.33933E+03   0.29954E+02   0.26864E+02   0.40285E+00  -0.11080E+00
   0.33968E+03   0.29946E+02   0.26915E+02   0.39297E+00  -0.96576E-01
   0.34003E+03   0.29938E+02   0.26883E+02   0.38427E+00  -0.89090E-01
   0.34038E+03   0.29930E+02   0.26769E+02   0.36851E+00  -0.90651E-01
   0.34073E+03   0.29920E+02   0.26920E+02   0.35344E+00  -0.86003E-01
   0.34108E+03   0.29914E+02   0.26940E+02   0.34985E+00  -0.80250E-01
   0.34143E+03   0.29909E+02   0.26875E+02   0.34604E+00  -0.78017E-01
   0.34178E+03   0.29900E+02   0.26922E+02   0.33750E+00  -0.82003E-01
   0.34213E+03   0.29890E+02   0.26837E+02   0.32931E+00  -0.87624E-01
   0.34248E+03   0.29885E+02   0.26729E+02   0.31985E+00  -0.87476E-01
   0.34283E+03   0.29876E+02   0.26571E+02   0.31370E+00  -0.99982E-01
   0.34318E+03   0.29871E+02   0.26246E+02   0.31481E+00  -0.11759E+00
   0.34353E+03   0.29866E+02   0.26130E+02   0.30759E+00  -0.11695E+00
   0.34388E+03   0.29856E+02   0.26069E+02   0.30122E+00  -0.12640E+00
   0.34423E+03   0.29850E+02   0.25896E+02   0.30623E+00  -0.14243E+00
   0.34458E+03   0.29848E+02   0.25874E+02   0.31319E+00  -0.14771E+00
   0.34493E+03   0.29851E+02   0.25751E+02   0.31845E+00  -0.16224E+00
   0.34528E+03   0.29859E+02   0.25438E+02   0.32079E+00  -0.18299E+00
   0.34563E+03   0.29865E+02   0.25081E+02   0.32188E+00  -0.19661E+00
   0.34598E+03   0.29869E+02   0.25040E+02   0.32597E+00  -0.20012E+00
   0.34633E+03   0.29874E+02   0.25151E+02   0.33424E+00  -0.20376E+00
   0.34668E+03   0.29881E+02   0.24930E+02   0.34354E+00  -0.22267E+00
   0.34703E+03   0.29888E+02   0.24906E+02   0.35240E+00  -0.24105E+00
   0.34738E+03   0.29897E+02   0.24961E+02   0.36416E+00  -0.24996E+00
   0.34773E+03   0.29907E+02   0.25048E+02   0.37826E+00  -0.25430E+00
   0.34808E+03   0.29917E+02   0.25259E+02   0.39027E+00  -0.25731E+00
   0.34843E+03   0.29926E+02   0.25174E+02   0.40010E+00  -0.26917E+00
   0.34878E+03   0.29934E+02   0.25271E+02   0.40957E+00  -0.27030E+00
   0.34913E+03   0.29941E+02   0.25469E+02   0.41938E+00  -0.26419E+00
   0.34948E+03   0.29946E+02   0.25629E+02   0.43055E+00  -0.26208E+00
   0.34983E+03   0.29952E+02   0.25608E+02   0.43952E+00  -0.26011E+00
   0.35018E+03   0.29956E+02   0.25226E+02   0.44547E+00  -0.27015E+00
   0.35053E+03   0.29959E+02   0.24941E+02   0.44472E+00  -0.27549E+00
   0.35088E+03   0.29960E+02   0.24916E+02   0.44326E+00  -0.26843E+00
   0.35123E+03   0.29961E+02   0.25060E+02   0.45408E+00  -0.26344E+00
   0.35158E+03   0.29963E+02   0.25313E+02   0.46153E+00  -0.25430E+00
   0.35193E+03   0.29965E+02   0.25645E+02   0.46044E+00  -0.24258E+00
   0.35228E+03   0.29966E+02   0.25854E+02   0.45958E+00  -0.23013E+00
   0.35263E+03   0.29967E+02   0.25938E+02   0.46280E+00  -0.21395E+00
   0.35298E+03   0.29968E+02   0.26104E+02   0.46609E+00  -0.19586E+00
   0.35333E+03   0.29968E+02   0.26440E+02   0.45805E+00  -0.17609E+00
   0.35368E+03   0.29966E+02   0.26473E+02   0.44542E+00  -0.16272E+00
   0.35403E+03   0.29962E+02   0.26290E+02   0.43172E+00  -0.15100E+00
   0.35438E+03   0.29958E+02   0.26564E+02   0.41862E+00  -0.12913E+00
   0.35473E+03   0.29953E+02   0.26929E+02   0.40893E+00  -0.10757E+00
   0.35508E+03   0.29947E+02   0.26964E+02   0.39999E+00  -0.10075E+00
   0.35543E+03   0.29940E+02   0.26857E+02   0.38475E+00  -0.10229E+00
   0.35578E+03   0.29931E+02   0.26913E+02   0.37054E+00  -0.93973E-01
   0.35613E+03   0.29923E+02   0.26889E+02   0.36238E+00  -0.85494E-01
   0.35648E+03   0.29916E+02   0.26573E+02   0.34840E+00  -0.97386E-01
   0.35683E+03   0.29907E+02   0.26349E+02   0.33623E+00  -0.10677E+00
   0.35718E+03   0.29894E+02   0.26376E+02   0.32876E+00  -0.99285E-01
   0.35753E+03   0.29882E+02   0.26407E+02   0.32522E+00  -0.97114E-01
   0.35788E+03   0.29880E+02   0.26338E+02   0.32420E+00  -0.10745E+00
   0.35823E+03   0.29879E+02   0.26050E+02   0.32232E+00  -0.12920E+00
   0.35858E+03   0.29876E+02   0.25789E+02   0.32186E+00  -0.13769E+00
   0.35893E+03   0.29873E+02   0.25750E+02   0.31857E+00  -0.13226E+00
   0.35928E+03   0.29868E+02   0.25591E+02   0.31571E+00  -0.14503E+00
   0.35963E+03   0.29866E+02   0.25439E+02   0.32189E+00  -0.16194E+00
   0.35998E+03   0.29872E+02   0.25309E+02   0.32650E+00  -0.17266E+00
   0.36033E+03   0.29874E+02   0.25043E+02   0.32412E+00  -0.18928E+00
   0.36068E+03   0.29876E+02   0.24715E+02   0.32661E+00  -0.20805E+00
   0.36103E+03   0.29881E+02   0.24484E+02   0.33912E+00  -0.22236E+00
   0.36138E+03   0.29889E+02   0.24416E+02   0.34910E+00  -0.23360E+00
   0.36173E+03   0.29894E+02   0.24379E+02   0.35190E+00  -0.24959E+00
   0.36208E+03   0.29900E+02   0.24486E+02   0.36066E+00  -0.26374E+00
   0.36243E+03   0.29910E+02   0.24535E+02   0.38038E+00  -0.26929E+00
   0.36278E+03   0.29922E+02   0.24339E+02   0.39730E+00  -0.28632E+00
   0.36313E+03   0.29931E+02   0.24278E+02   0.40649E+00  -0.30451E+00
   0.36348E+03   0.29939E+02   0.24859E+02   0.41902E+00  -0.29820E+00
   0.36383E+03   0.29946E+02   0.25261E+02   0.43354E+00  -0.29076E+00
   0.36418E+03   0.29953E+02   0.25325E+02   0.44662E+00  -0.29280E+00
   0.36453E+03   0.29958E+02   0.25532E+02   0.45694E+00  -0.28912E+00
   0.36488E+03   0.29962E+02   0.25765E+02   0.46419E+00  -0.27886E+00
   0.36523E+03   0.29965E+02   0.26251E+02   0.47451E+00  -0.26309E+00
   0.36558E+03   0.29969E+02   0.26456E+02   0.48201E+00  -0.24764E+00
   0.36593E+03   0.29971E+02   0.26448E+02   0.47386E+00  -0.23228E+00
   0.36628E+03   0.29972E+02   0.26386E+02   0.46516E+00  -0.21336E+00
   0.36663E+03   0.29970E+02   0.26548E+02   0.45889E+00  -0.19086E+00
   0.36698E+03   0.29968E+02   0.26980E+02   0.45405E+00  -0.16003E+00
   0.36733E+03   0.29966E+02   0.26885E+02   0.45047E+00  -0.14916E+00
   0.36768E+03   0.29964E+02   0.26498E+02   0.43854E+00  -0.15699E+00
   0.36803E+03   0.29959E+02   0.26369E+02   0.42232E+00  -0.14427E+00
   0.36838E+03   0.29953E+02   0.26351E+02   0.40557E+00  -0.12917E+00
   0.36873E+03   0.29947E+02   0.26405E+02   0.39491E+00  -0.11858E+00
   0.36908E+03   0.29942E+02   0.26465E+02   0.38839E+00  -0.10923E+00
   0.36943E+03   0.29935E+02   0.26379E+02   0.37568E+00  -0.10934E+00
   0.36978E+03   0.29928E+02   0.26247E+02   0.36159E+00  -0.10902E+00
   0.37013E+03   0.29923E+02   0.26239E+02   0.35438E+00  -0.10240E+00
   0.37048E+03   0.29917E+02   0.26218E+02   0.35354E+00  -0.10122E+00
   0.37083E+03   0.29912E+02   0.26045E+02   0.34587E+00  -0.11246E+00
   0.37118E+03   0.29902E+02   0.25828E+02   0.33253E+00  -0.12547E+00
   0.37153E+03   0.29894E+02   0.25734E+02   0.32790E+00  -0.13201E+00
   0.37188E+03   0.29888E+02   0.25907E+02   0.32850E+00  -0.12655E+00
   0.37223E+03   0.29884E+02   0.25967E+02   0.33525E+00  -0.12773E+00
   0.37258E+03   0.29883E+02   0.25831E+02   0.33770E+00  -0.14673E+00
   0.37293E+03   0.29882E+02   0.25794E+02   0.33411E+00  -0.15460E+00
   0.37328E+03   0.29881E+02   0.25710E+02   0.33315E+00  -0.15579E+00
   0.37363E+03   0.29884E+02   0.25462E+02   0.33691E+00  -0.16792E+00
   0.37398E+03   0.29886E+02   0.25141E+02   0.33681E+00  -0.18079E+00
   0.37433E+03   0.29885E+02   0.25129E+02   0.33324E+00  -0.18845E+00
   0.37468E+03   0.29885E+02   0.25314E+02   0.33598E+00  -0.19136E+00
   0.37503E+03   0.29887E+02   0.25103E+02   0.34414E+00  -0.20631E+00
   0.37538E+03   0.29892E+02   0.24712E+02   0.35378E+00  -0.22951E+00
   0.37573E+03   0.29899E+02   0.24660E+02   0.36374E+00  -0.24285E+00
   0.37608E+03   0.29908E+02   0.24732E+02   0.37100E+00  -0.24840E+00
   0.37643E+03   0.29915E+02   0.24628E+02   0.37506E+00  -0.25618E+00
   0.37678E+03   0.29922E+02   0.24205E+02   0.38604E+00  -0.27832E+00
   0.37713E+03   0.29930E+02   0.23863E+02   0.39967E+00  -0.29764E+00
   0.37748E+03   0.29937E+02   0.24206E+02   0.41188E+00  -0.29753E+00
   0.37783E+03   0.29944E+02   0.24238E+02   0.42086E+00  -0.30486E+00
   0.37818E+03   0.29950E+02   0.23943E+02   0.43545E+00  -0.32328E+00
   0.37853E+03   0.29956E+02   0.24027E+02   0.45382E+00  -0.32900E+00
   0.37888E+03   0.29961E+02   0.24581E+02   0.46172E+00  -0.31829E+00
   0.37923E+03   0.29965E+02   0.25268E+02   0.47117E+00  -0.29973E+00
   0.37958E+03   0.29969E+02   0.25745E+02   0.49025E+00  -0.28672E+00
   0.37993E+03   0.29973E+02   0.25711E+02   0.50392E+00  -0.28133E+00
   0.38028E+03   0.29975E+02   0.25529E+02   0.50065E+00  -0.27580E+00
   0.38063E+03   0.29976E+02   0.25761E+02   0.49520E+00  -0.26136E+00
   0.38098E+03   0.29976E+02   0.26028E+02   0.49339E+00  -0.22976E+00
   0.38133E+03   0.29976E+02   0.26238E+02   0.48873E+00  -0.20192E+00
   0.38168E+03   0.29975E+02   0.26456E+02   0.47589E+00  -0.18778E+00
   0.38203E+03   0.29972E+02   0.26789E+02   0.45907E+00  -0.16260E+00
   0.38238E+03   0.29969E+02   0.26867E+02   0.45308E+00  -0.13637E+00
   0.38273E+03   0.29968E+02   0.26624E+02   0.44891E+00  -0.13661E+00
   0.38308E+03   0.29965E+02   0.26534E+02   0.43389E+00  -0.12938E+00
   0.38343E+03   0.29959E+02   0.26768E+02   0.40974E+00  -0.10109E+00
   0.38378E+03   0.29948E+02   0.27072E+02   0.38738E+00  -0.77330E-01
   0.38413E+03   0.29938E+02   0.27222E+02   0.37706E+00  -0.62184E-01
   0.38448E+03   0.29931E+02   0.27106E+02   0.37081E+00  -0.68965E-01
   0.38483E+03   0.29923E+02   0.26945E+02   0.35598E+00  -0.79060E-01
   0.38518E+03   0.29913E+02   0.27006E+02   0.34335E+00  -0.69768E-01
   0.38553E+03   0.29902E+02   0.27025E+02   0.33499E+00  -0.64063E-01
   0.38588E+03   0.29890E+02   0.26931E+02   0.32404E+00  -0.71297E-01
   0.38623E+03   0.29882E+02   0.26602E+02   0.31309E+00  -0.89073E-01
   0.38658E+03   0.29873E+02   0.26266E+02   0.30289E+00  -0.10448E+00
   0.38693E+03   0.29860E+02   0.26388E+02   0.30260E+00  -0.98175E-01
   0.38728E+03   0.29857E+02   0.26375E+02   0.31169E+00  -0.10309E+00
   0.38763E+03   0.29860E+02   0.26092E+02   0.31417E+00  -0.12645E+00
   0.38798E+03   0.29855E+02   0.25769E+02   0.30656E+00  -0.14541E+00
   0.38833E+03   0.29847E+02   0.25659E+02   0.30186E+00  -0.15010E+00
   0.38868E+03   0.29847E+02   0.25733E+02   0.30923E+00  -0.14708E+00
   0.38903E+03   0.29854E+02   0.25359E+02   0.32345E+00  -0.17398E+00
   0.38938E+03   0.29863E+02   0.25072E+02   0.32577E+00  -0.20335E+00
   0.38973E+03   0.29866E+02   0.24934E+02   0.32246E+00  -0.21127E+00
   0.39008E+03   0.29869E+02   0.24894E+02   0.32988E+00  -0.21819E+00
   0.39043E+03   0.29876E+02   0.24936E+02   0.34483E+00  -0.22864E+00
   0.39078E+03   0.29887E+02   0.24957E+02   0.36078E+00  -0.24356E+00
   0.39113E+03   0.29900E+02   0.25209E+02   0.37082E+00  -0.25237E+00
   0.39148E+03   0.29910E+02   0.25252E+02   0.37575E+00  -0.25789E+00
   0.39183E+03   0.29919E+02   0.25326E+02   0.38817E+00  -0.25902E+00
   0.39218E+03   0.29928E+02   0.25543E+02   0.40730E+00  -0.25512E+00
   0.39253E+03   0.29937E+02   0.25798E+02   0.41885E+00  -0.25615E+00
   0.39288E+03   0.29943E+02   0.26090E+02   0.41989E+00  -0.25172E+00
   0.39323E+03   0.29947E+02   0.26156E+02   0.42291E+00  -0.24674E+00
   0.39358E+03   0.29951E+02   0.26421E+02   0.43533E+00  -0.23705E+00
   0.39393E+03   0.29954E+02   0.26706E+02   0.44400E+00  -0.22175E+00
   0.39428E+03   0.29956E+02   0.26800E+02   0.44224E+00  -0.21659E+00
   0.39463E+03   0.29958E+02   0.27100E+02   0.43699E+00  -0.20080E+00
   0.39498E+03   0.29958E+02   0.27058E+02   0.43527E+00  -0.18351E+00
   0.39533E+03   0.29957E+02   0.26818E+02   0.43279E+00  -0.17425E+00
   0.39568E+03   0.29955E+02   0.26729E+02   0.42524E+00  -0.16522E+00
   0.39603E+03   0.29952E+02   0.26594E+02   0.41659E+00  -0.16033E+00
   0.39638E+03   0.29950E+02   0.26552E+02   0.40848E+00  -0.15133E+00
   0.39673E+03   0.29947E+02   0.26765E+02   0.39724E+00  -0.13340E+00
   0.39708E+03   0.29941E+02   0.26888E+02   0.38734E+00  -0.12040E+00
   0.39743E+03   0.29935E+02   0.26841E+02   0.38092E+00  -0.11397E+00
   0.39778E+03   0.29930E+02   0.26960E+02   0.37500E+00  -0.10268E+00
   0.39813E+03   0.29926E+02   0.27045E+02   0.36626E+00  -0.95541E-01
   0.39848E+03   0.29922E+02   0.27062E+02   0.35816E+00  -0.92238E-01
   0.39883E+03   0.29915E+02   0.27147E+02   0.34874E+00  -0.86426E-01
   0.39918E+03   0.29902E+02   0.27129E+02   0.33733E+00  -0.83243E-01
   0.39953E+03   0.29889E+02   0.27078E+02   0.32875E+00  -0.84172E-01
   0.39988E+03   0.29880E+02   0.26992E+02   0.32114E+00  -0.89961E-01
   0.40023E+03   0.29877E+02   0.26586E+02   0.31630E+00  -0.10855E+00
   0.40058E+03   0.29872E+02   0.26234E+02   0.31067E+00  -0.12236E+00
   0.40093E+03   0.29863E+02   0.26112E+02   0.30589E+00  -0.12381E+00
   0.40128E+03   0.29856E+02   0.26086E+02   0.30420E+00  -0.12767E+00
   0.40163E+03   0.29855E+02   0.26038E+02   0.30776E+00  -0.13754E+00
   0.40198E+03   0.29859E+02   0.25733E+02   0.31247E+00  -0.15775E+00
   0.40233E+03   0.29862E+02   0.25120E+02   0.31542E+00  -0.18289E+00
   0.40268E+03   0.29862E+02   0.24528E+02   0.31824E+00  -0.20426E+00
   0.40303E+03   0.29866E+02   0.24245E+02   0.32696E+00  -0.22145E+00
   0.40338E+03   0.29875E+02   0.24178E+02   0.33576E+00  -0.23765E+00
   0.40373E+03   0.29883E+02   0.24047E+02   0.34134E+00  -0.26165E+00
   0.40408E+03   0.29890E+02   0.24154E+02   0.35480E+00  -0.27951E+00
   0.40443E+03   0.29902E+02   0.24518E+02   0.37587E+00  -0.28181E+00
   0.40478E+03   0.29916E+02   0.24720E+02   0.39924E+00  -0.29231E+00
   0.40513E+03   0.29930E+02   0.25100E+02   0.42002E+00  -0.30192E+00
   0.40548E+03   0.29941E+02   0.25558E+02   0.43108E+00  -0.29641E+00
   0.40583E+03   0.29949E+02   0.25905E+02   0.44004E+00  -0.28500E+00
   0.40618E+03   0.29955E+02   0.26365E+02   0.45101E+00  -0.27008E+00
   0.40653E+03   0.29960E+02   0.26786E+02   0.45605E+00  -0.25442E+00
   0.40688E+03   0.29963E+02   0.26963E+02   0.46268E+00  -0.24033E+00
   0.40723E+03   0.29966E+02   0.26957E+02   0.46368E+00  -0.22992E+00
   0.40758E+03   0.29966E+02   0.26807E+02   0.45792E+00  -0.22152E+00
   0.40793E+03   0.29965E+02   0.26855E+02   0.45376E+00  -0.20403E+00
   0.40828E+03   0.29964E+02   0.27157E+02   0.44802E+00  -0.18217E+00
   0.40863E+03   0.29962E+02   0.27253E+02   0.43859E+00  -0.16395E+00
   0.40898E+03   0.29960E+02   0.27233E+02   0.43089E+00  -0.14802E+00
   0.40933E+03   0.29956E+02   0.27320E+02   0.42444E+00  -0.13609E+00
   0.40968E+03   0.29953E+02   0.27368E+02   0.41990E+00  -0.11980E+00
   0.41003E+03   0.29951E+02   0.27338E+02   0.40939E+00  -0.10677E+00
   0.41038E+03   0.29946E+02   0.27235E+02   0.39149E+00  -0.10182E+00
   0.41073E+03   0.29938E+02   0.26954E+02   0.37264E+00  -0.94639E-01
   0.41108E+03   0.29927E+02   0.26790E+02   0.35772E+00  -0.88123E-01
   0.41143E+03   0.29916E+02   0.26797E+02   0.34811E+00  -0.86604E-01
   0.41178E+03   0.29905E+02   0.26856E+02   0.34011E+00  -0.83032E-01
   0.41213E+03   0.29895E+02   0.26973E+02   0.33863E+00  -0.82592E-01
   0.41248E+03   0.29890E+02   0.26683E+02   0.33136E+00  -0.99172E-01
   0.41283E+03   0.29886E+02   0.26321E+02   0.32129E+00  -0.11314E+00
   0.41318E+03   0.29880E+02   0.26093E+02   0.31632E+00  -0.11886E+00
   0.41353E+03   0.29874E+02   0.25778E+02   0.31588E+00  -0.12925E+00
   0.41388E+03   0.29871E+02   0.25606E+02   0.31335E+00  -0.13840E+00
   0.41423E+03   0.29865E+02   0.25564E+02   0.31026E+00  -0.14707E+00
   0.41458E+03   0.29861E+02   0.25405E+02   0.31370E+00  -0.16112E+00
   0.41493E+03   0.29865E+02   0.25054E+02   0.31978E+00  -0.17723E+00
   0.41528E+03   0.29870E+02   0.24782E+02   0.32507E+00  -0.19757E+00
   0.41563E+03   0.29875E+02   0.24549E+02   0.33219E+00  -0.21666E+00
   0.41598E+03   0.29881E+02   0.24260E+02   0.33959E+00  -0.23371E+00
   0.41633E+03   0.29888E+02   0.24443E+02   0.34689E+00  -0.24439E+00
   0.41668E+03   0.29895E+02   0.24875E+02   0.35991E+00  -0.24971E+00
   0.41703E+03   0.29905E+02   0.25042E+02   0.37591E+00  -0.25607E+00
   0.41738E+03   0.29916E+02   0.24954E+02   0.38954E+00  -0.26648E+00
   0.41773E+03   0.29926E+02   0.24453E+02   0.40015E+00  -0.28989E+00
   0.41808E+03   0.29935E+02   0.24531E+02   0.40968E+00  -0.29371E+00
   0.41843E+03   0.29942E+02   0.24959E+02   0.42050E+00  -0.28367E+00
   0.41878E+03   0.29947E+02   0.25127E+02   0.43191E+00  -0.28493E+00
   0.41913E+03   0.29952E+02   0.25486E+02   0.43930E+00  -0.28328E+00
   0.41948E+03   0.29956E+02   0.25996E+02   0.44881E+00  -0.27167E+00
   0.41983E+03   0.29961E+02   0.26190E+02   0.46086E+00  -0.26107E+00
