         434
  0.175000000000000        1312500.00000000     
         334
  0.525000000000000        3937500.00000000     
         421
  0.875000000000000        6562500.00000000     
         488
   1.22500000000000        9187500.00000000     
         444
   1.57500000000000        11812500.0000000     
          18
   1.92500000000000        14437500.0000000     
         400
   2.27500000000000        17062500.0000000     
         333
   2.62500000000000        19687500.0000000     
         512
   2.97500000000000        22312500.0000000     
         490
   3.32500000000000        24937500.0000000     
         315
   3.67500000000000        27562500.0000000     
          98
   4.02500000000000        30187500.0000000     
         244
   4.37500000000000        32812500.0000000     
         413
   4.72500000000000        35437500.0000000     
          63
   5.07500000000000        38062500.0000000     
          63
   5.42500000000000        40687500.0000000     
         254
   5.77500000000000        43312500.0000000     
         521
   6.12500000000000        45937500.0000000     
          63
   6.47500000000000        48562500.0000000     
         349
   6.82500000000000        51187500.0000000     
         360
   7.17500000000000        53812500.0000000     
         251
   7.52500000000000        56437500.0000000     
         457
   7.87500000000000        59062500.0000000     
         130
   8.22500000000000        61687500.0000000     
          61
   8.57500000000000        64312500.0000000     
         402
   8.92500000000000        66937500.0000000     
         271
   9.27500000000000        69562500.0000000     
          63
   9.62499999999999        72187500.0000000     
         326
   9.97499999999999        74812500.0000000     
         301
   10.3250000000000        77437500.0000000     
         405
   10.6750000000000        80062500.0000000     
         490
   11.0250000000000        82687500.0000000     
         539
   11.3750000000000        85312499.9999999     
         270
   11.7250000000000        87937499.9999999     
         330
   12.0750000000000        90562499.9999999     
          32
   12.4250000000000        93187499.9999999     
         526
   12.7750000000000        95812499.9999999     
         287
   13.1250000000000        98437499.9999999     
         281
   13.4750000000000        101062500.000000     
         262
   13.8250000000000        103687500.000000     
          77
   14.1750000000000        106312500.000000     
         301
   14.5250000000000        108937500.000000     
         229
   14.8750000000000        111562500.000000     
         221
   15.2250000000000        114187500.000000     
         397
   15.5750000000000        116812500.000000     
         239
   15.9250000000000        119437500.000000     
         186
   16.2750000000000        122062500.000000     
         142
   16.6250000000000        124687500.000000     
         205
   16.9750000000000        127312500.000000     
         490
   17.3250000000000        129937500.000000     
         243
   17.6750000000000        132562500.000000     
         112
   18.0250000000000        135187500.000000     
         281
   18.3750000000000        137812500.000000     
         445
   18.7250000000000        140437500.000000     
         104
   19.0750000000000        143062500.000000     
          69
   19.4250000000000        145687500.000000     
           4
   19.7750000000000        148312500.000000     
          78
   20.1250000000000        150937500.000000     
          17
   20.4750000000000        153562500.000000     
         260
   20.8250000000000        156187500.000000     
          43
   21.1750000000000        158812500.000000     
         531
   21.5250000000000        161437500.000000     
         488
   21.8750000000000        164062500.000000     
         524
   22.2250000000000        166687500.000000     
         314
   22.5750000000000        169312500.000000     
         353
   22.9250000000000        171937500.000000     
         219
   23.2750000000000        174562500.000000     
         167
   23.6250000000000        177187500.000000     
          59
   23.9750000000000        179812500.000000     
           9
   24.3250000000000        182437500.000000     
         169
   24.6750000000000        185062500.000000     
         425
   25.0250000000000        187687500.000000     
         486
   25.3750000000000        190312500.000000     
         155
   25.7250000000000        192937500.000000     
         247
   26.0750000000000        195562500.000000     
         144
   26.4250000000000        198187500.000000     
         509
   26.7750000000000        200812500.000000     
         410
   27.1250000000000        203437500.000000     
          65
   27.4750000000000        206062500.000000     
         268
   27.8250000000000        208687500.000000     
         132
   28.1750000000000        211312500.000000     
         422
   28.5250000000000        213937500.000000     
         409
   28.8750000000000        216562500.000000     
         494
   29.2250000000000        219187500.000000     
         503
   29.5750000000000        221812500.000000     
         295
   29.9250000000000        224437500.000000     
          19
   30.2750000000000        227062500.000000     
         199
   30.6250000000000        229687500.000000     
         439
   30.9750000000001        232312500.000000     
         455
   31.3250000000001        234937500.000000     
         419
   31.6750000000001        237562500.000000     
         510
   32.0250000000001        240187500.000000     
         402
   32.3750000000001        242812500.000000     
          15
   32.7250000000001        245437500.000000     
         476
   33.0750000000001        248062500.000000     
         255
   33.4250000000001        250687500.000000     
          19
   33.7750000000001        253312500.000000     
         205
   34.1250000000001        255937500.000000     
         152
   34.4750000000001        258562500.000000     
         171
   34.8250000000001        261187500.000001     
         333
   35.1750000000001        263812500.000001     
          53
   35.5250000000001        266437500.000001     
         129
   35.8750000000001        269062500.000001     
         491
   36.2250000000001        271687500.000001     
         225
   36.5750000000001        274312500.000001     
         168
   36.9250000000001        276937500.000001     
         109
   37.2750000000001        279562500.000001     
         190
   37.6250000000001        282187500.000001     
         249
   37.9750000000001        284812500.000001     
         224
   38.3250000000001        287437500.000001     
          49
   38.6750000000001        290062500.000001     
         225
   39.0250000000001        292687500.000001     
         292
   39.3750000000001        295312500.000001     
         455
   39.7250000000001        297937500.000001     
          87
   40.0750000000001        300562500.000001     
         186
   40.4250000000001        303187500.000001     
          10
   40.7750000000001        305812500.000001     
         269
   41.1250000000001        308437500.000001     
         333
   41.4750000000001        311062500.000001     
         177
   41.8250000000001        313687500.000001     
          29
   42.1750000000001        316312500.000001     
         403
   42.5250000000001        318937500.000001     
         238
   42.8750000000001        321562500.000001     
          35
   43.2250000000001        324187500.000001     
         528
   43.5750000000001        326812500.000001     
         511
   43.9250000000001        329437500.000001     
         292
   44.2750000000001        332062500.000001     
         170
   44.6250000000001        334687500.000001     
         430
   44.9750000000001        337312500.000001     
         277
   45.3250000000001        339937500.000001     
         399
   45.6750000000001        342562500.000001     
         158
   46.0250000000001        345187500.000001     
          83
   46.3750000000001        347812500.000001     
         203
   46.7250000000001        350437500.000001     
         144
   47.0750000000001        353062500.000001     
         520
   47.4250000000001        355687500.000001     
         158
   47.7750000000001        358312500.000001     
         136
   48.1250000000001        360937500.000001     
         272
   48.4750000000001        363562500.000001     
         172
   48.8250000000001        366187500.000001     
         376
   49.1750000000001        368812500.000001     
          37
   49.5250000000001        371437500.000001     
         311
   49.8750000000001        374062500.000001     
          42
   50.2250000000001        376687500.000001     
          41
   50.5750000000001        379312500.000001     
          77
   50.9250000000001        381937500.000001     
         264
   51.2750000000001        384562500.000001     
          47
   51.6250000000001        387187500.000001     
          30
   51.9750000000001        389812500.000001     
         196
   52.3250000000001        392437500.000001     
         263
   52.6750000000001        395062500.000001     
           0
   53.0250000000001        397687500.000001     
         248
   53.3750000000001        400312500.000001     
         406
   53.7250000000001        402937500.000001     
         305
   54.0750000000001        405562500.000001     
         511
   54.4250000000001        408187500.000001     
          48
   54.7750000000001        410812500.000001     
          47
   55.1250000000001        413437500.000001     
         193
   55.4750000000002        416062500.000001     
         453
   55.8250000000002        418687500.000001     
         257
   56.1750000000002        421312500.000001     
          35
   56.5250000000002        423937500.000001     
         477
   56.8750000000002        426562500.000001     
         415
   57.2250000000002        429187500.000001     
         275
   57.5750000000002        431812500.000001     
         183
   57.9250000000002        434437500.000001     
         180
   58.2750000000002        437062500.000001     
         422
   58.6250000000002        439687500.000001     
         443
   58.9750000000002        442312500.000001     
         538
   59.3250000000002        444937500.000001     
         277
   59.6750000000002        447562500.000001     
          29
   60.0250000000002        450187500.000001     
         158
   60.3750000000002        452812500.000001     
         396
   60.7250000000002        455437500.000001     
         391
   61.0750000000002        458062500.000001     
         498
   61.4250000000002        460687500.000001     
         512
   61.7750000000002        463312500.000001     
         342
   62.1250000000002        465937500.000001     
         206
   62.4750000000002        468562500.000001     
          85
   62.8250000000002        471187500.000001     
         285
   63.1750000000002        473812500.000001     
         267
   63.5250000000002        476437500.000001     
         522
   63.8750000000002        479062500.000001     
         327
   64.2250000000002        481687500.000001     
         420
   64.5750000000002        484312500.000001     
          94
   64.9250000000002        486937500.000001     
         115
   65.2750000000002        489562500.000001     
         325
   65.6250000000002        492187500.000001     
         497
   65.9750000000002        494812500.000001     
         201
   66.3250000000001        497437500.000001     
         441
   66.6750000000001        500062500.000001     
         362
   67.0250000000001        502687500.000001     
          92
   67.3750000000001        505312500.000001     
          17
   67.7250000000001        507937500.000001     
         193
   68.0750000000001        510562500.000001     
          19
   68.4250000000001        513187500.000001     
         201
   68.7750000000001        515812500.000001     
         421
   69.1250000000001        518437500.000001     
         477
   69.4750000000001        521062500.000001     
         518
   69.8250000000001        523687500.000001     
         212
   70.1750000000001        526312500.000001     
         369
   70.5250000000001        528937500.000001     
         480
   70.8750000000001        531562500.000001     
          23
   71.2250000000001        534187500.000000     
         223
   71.5750000000001        536812500.000000     
         273
   71.9250000000001        539437500.000000     
          77
   72.2750000000000        542062500.000000     
         363
   72.6250000000000        544687500.000000     
         214
   72.9750000000000        547312500.000000     
          27
   73.3250000000000        549937500.000000     
         237
   73.6750000000000        552562500.000000     
         191
   74.0250000000000        555187500.000000     
         278
   74.3750000000000        557812500.000000     
         222
   74.7250000000000        560437500.000000     
         400
   75.0750000000000        563062500.000000     
         119
   75.4250000000000        565687500.000000     
         496
   75.7750000000000        568312500.000000     
         511
   76.1250000000000        570937500.000000     
         246
   76.4750000000000        573562500.000000     
          52
   76.8250000000000        576187500.000000     
         508
   77.1750000000000        578812500.000000     
         510
   77.5250000000000        581437500.000000     
           1
   77.8750000000000        584062500.000000     
         329
   78.2250000000000        586687500.000000     
         405
   78.5749999999999        589312500.000000     
         510
   78.9249999999999        591937500.000000     
         304
   79.2749999999999        594562500.000000     
         484
   79.6249999999999        597187500.000000     
         286
   79.9749999999999        599812499.999999     
         466
   80.3249999999999        602437499.999999     
         414
   80.6749999999999        605062499.999999     
         291
   81.0249999999999        607687499.999999     
         355
   81.3749999999999        610312499.999999     
         196
   81.7249999999999        612937499.999999     
         164
   82.0749999999999        615562499.999999     
          67
   82.4249999999999        618187499.999999     
         384
   82.7749999999999        620812499.999999     
         108
   83.1249999999999        623437499.999999     
         504
   83.4749999999999        626062499.999999     
         495
   83.8249999999999        628687499.999999     
          12
   84.1749999999999        631312499.999999     
         492
   84.5249999999998        633937499.999999     
         475
   84.8749999999998        636562499.999999     
         233
   85.2249999999998        639187499.999999     
         137
   85.5749999999998        641812499.999999     
         459
   85.9249999999998        644437499.999999     
         290
   86.2749999999998        647062499.999999     
         144
   86.6249999999998        649687499.999999     
         279
   86.9749999999998        652312499.999999     
         362
   87.3249999999998        654937499.999999     
         340
   87.6749999999998        657562499.999998     
         477
   88.0249999999998        660187499.999998     
         534
   88.3749999999998        662812499.999998     
         120
   88.7249999999998        665437499.999998     
         152
   89.0749999999998        668062499.999998     
         215
   89.4249999999998        670687499.999998     
           1
   89.7749999999998        673312499.999998     
         113
   90.1249999999998        675937499.999998     
         343
   90.4749999999998        678562499.999998     
         433
   90.8249999999997        681187499.999998     
         404
   91.1749999999997        683812499.999998     
         243
   91.5249999999997        686437499.999998     
         201
   91.8749999999997        689062499.999998     
         171
   92.2249999999997        691687499.999998     
         531
   92.5749999999997        694312499.999998     
          70
   92.9249999999997        696937499.999998     
         104
   93.2749999999997        699562499.999998     
         203
   93.6249999999997        702187499.999998     
         298
   93.9749999999997        704812499.999998     
         396
   94.3249999999997        707437499.999998     
         504
   94.6749999999997        710062499.999998     
         223
   95.0249999999997        712687499.999998     
         291
   95.3749999999997        715312499.999997     
         151
   95.7249999999997        717937499.999997     
         104
   96.0749999999997        720562499.999997     
         176
   96.4249999999997        723187499.999997     
         360
   96.7749999999997        725812499.999997     
         312
   97.1249999999996        728437499.999997     
         336
   97.4749999999996        731062499.999997     
         530
   97.8249999999996        733687499.999997     
         493
   98.1749999999996        736312499.999997     
          80
   98.5249999999996        738937499.999997     
         154
   98.8749999999996        741562499.999997     
         105
   99.2249999999996        744187499.999997     
         308
   99.5749999999996        746812499.999997     
         515
   99.9249999999996        749437499.999997     
         433
   100.275000000000        752062499.999997     
         369
   100.625000000000        754687499.999997     
         179
   100.975000000000        757312499.999997     
         327
   101.325000000000        759937499.999997     
         309
   101.675000000000        762562499.999997     
         454
   102.025000000000        765187499.999997     
         310
   102.375000000000        767812499.999997     
         304
   102.725000000000        770437499.999997     
         362
   103.075000000000        773062499.999997     
          74
   103.425000000000        775687499.999997     
         361
   103.775000000000        778312499.999997     
         527
   104.125000000000        780937499.999996     
         308
   104.475000000000        783562499.999996     
          49
   104.825000000000        786187499.999996     
         471
   105.175000000000        788812499.999996     
         303
   105.525000000000        791437499.999996     
         479
   105.875000000000        794062499.999996     
         320
   106.224999999999        796687499.999996     
         149
   106.574999999999        799312499.999996     
         231
   106.924999999999        801937499.999996     
          19
   107.274999999999        804562499.999996     
          38
   107.624999999999        807187499.999996     
         233
   107.974999999999        809812499.999996     
         324
   108.324999999999        812437499.999996     
         432
   108.674999999999        815062499.999996     
         245
   109.024999999999        817687499.999996     
         219
   109.374999999999        820312499.999996     
         119
   109.724999999999        822937499.999996     
         305
   110.074999999999        825562499.999996     
         395
   110.424999999999        828187499.999996     
         327
   110.774999999999        830812499.999996     
         106
   111.124999999999        833437499.999996     
         232
   111.474999999999        836062499.999996     
         424
   111.824999999999        838687499.999996     
         308
   112.174999999999        841312499.999995     
         367
   112.524999999999        843937499.999995     
         382
   112.874999999999        846562499.999995     
         177
   113.224999999999        849187499.999995     
          54
   113.574999999999        851812499.999995     
         178
   113.924999999999        854437499.999995     
         419
   114.274999999999        857062499.999995     
         490
   114.624999999999        859687499.999995     
          98
   114.974999999999        862312499.999995     
         521
   115.324999999999        864937499.999995     
         342
   115.674999999999        867562499.999995     
         155
   116.024999999999        870187499.999995     
         524
   116.374999999999        872812499.999995     
         441
   116.724999999999        875437499.999995     
          22
   117.074999999999        878062499.999995     
          53
   117.424999999999        880687499.999995     
         242
   117.774999999999        883312499.999995     
         420
   118.124999999999        885937499.999995     
         299
   118.474999999999        888562499.999995     
         218
   118.824999999999        891187499.999995     
          91
   119.174999999999        893812499.999995     
         404
   119.524999999999        896437499.999995     
         226
   119.874999999999        899062499.999995     
          83
   120.224999999999        901687499.999995     
         284
   120.574999999999        904312499.999995     
         136
   120.924999999999        906937499.999994     
         346
   121.274999999999        909562499.999994     
         101
   121.624999999999        912187499.999994     
         169
   121.974999999999        914812499.999994     
         329
   122.324999999999        917437499.999994     
         350
   122.674999999999        920062499.999994     
         152
   123.024999999999        922687499.999994     
         211
   123.374999999999        925312499.999994     
         113
   123.724999999999        927937499.999994     
         344
   124.074999999999        930562499.999994     
         138
   124.424999999999        933187499.999994     
         337
   124.774999999999        935812499.999994     
          33
   125.124999999999        938437499.999994     
         274
   125.474999999999        941062499.999994     
         232
   125.824999999999        943687499.999994     
         332
   126.174999999999        946312499.999994     
         376
   126.524999999999        948937499.999994     
         368
   126.874999999999        951562499.999994     
         281
   127.224999999999        954187499.999994     
         217
   127.574999999999        956812499.999994     
          77
   127.924999999999        959437499.999994     
         350
   128.274999999999        962062499.999993     
         289
   128.624999999999        964687499.999993     
          14
   128.974999999999        967312499.999993     
         530
   129.324999999999        969937499.999993     
          91
   129.674999999999        972562499.999993     
         221
   130.024999999999        975187499.999993     
          30
   130.374999999999        977812499.999993     
           7
   130.724999999999        980437499.999993     
         428
   131.074999999999        983062499.999993     
         112
   131.424999999999        985687499.999993     
         503
   131.774999999999        988312499.999993     
         498
   132.124999999999        990937499.999993     
         411
   132.474999999999        993562499.999993     
         344
   132.824999999999        996187499.999993     
         463
   133.174999999999        998812499.999993     
         376
   133.524999999999        1001437499.99999     
         396
   133.874999999999        1004062499.99999     
         452
   134.224999999999        1006687499.99999     
         334
   134.574999999999        1009312499.99999     
         113
   134.924999999999        1011937499.99999     
         322
   135.274999999999        1014562499.99999     
          52
   135.624999999999        1017187499.99999     
          24
   135.974999999999        1019812499.99999     
         287
   136.324999999999        1022437499.99999     
         134
   136.674999999999        1025062499.99999     
         307
   137.024999999999        1027687499.99999     
         211
   137.374999999999        1030312499.99999     
         226
   137.724999999999        1032937499.99999     
         459
   138.074999999999        1035562499.99999     
          88
   138.424999999999        1038187499.99999     
         536
   138.774999999999        1040812499.99999     
         358
   139.124999999999        1043437499.99999     
         360
   139.474999999999        1046062499.99999     
          15
   139.824999999999        1048687499.99999     
          30
   140.174999999999        1051312499.99999     
         175
   140.524999999999        1053937499.99999     
         413
   140.874999999999        1056562499.99999     
         540
   141.224999999999        1059187499.99999     
          84
   141.574999999999        1061812499.99999     
         209
   141.924999999999        1064437499.99999     
         169
   142.274999999999        1067062499.99999     
          68
   142.624999999999        1069687499.99999     
         224
   142.974999999999        1072312499.99999     
         182
   143.324999999999        1074937499.99999     
         128
   143.674999999999        1077562499.99999     
          44
   144.024999999999        1080187499.99999     
         107
   144.374999999999        1082812499.99999     
          90
   144.724999999999        1085437499.99999     
         276
   145.074999999999        1088062499.99999     
         525
   145.424999999999        1090687499.99999     
         371
   145.774999999999        1093312499.99999     
         195
   146.124999999999        1095937499.99999     
          73
   146.474999999999        1098562499.99999     
         517
   146.824999999999        1101187499.99999     
         358
   147.174999999999        1103812499.99999     
         477
   147.524999999999        1106437499.99999     
         188
   147.874999999999        1109062499.99999     
         296
   148.224999999999        1111687499.99999     
          90
   148.574999999999        1114312499.99999     
         274
   148.924999999999        1116937499.99999     
         513
   149.274999999999        1119562499.99999     
         358
   149.624999999999        1122187499.99999     
         470
   149.974999999999        1124812499.99999     
         441
   150.324999999999        1127437499.99999     
         449
   150.674999999999        1130062499.99999     
         290
   151.024999999999        1132687499.99999     
           1
   151.374999999999        1135312499.99999     
          10
   151.724999999999        1137937499.99999     
           7
   152.074999999999        1140562499.99999     
         157
   152.424999999999        1143187499.99999     
         314
   152.774999999999        1145812499.99999     
         148
   153.124999999999        1148437499.99999     
         227
   153.474999999999        1151062499.99999     
          13
   153.824999999999        1153687499.99999     
         212
   154.174999999999        1156312499.99999     
         486
   154.524999999999        1158937499.99999     
         366
   154.874999999999        1161562499.99999     
         486
   155.224999999999        1164187499.99999     
         286
   155.574999999999        1166812499.99999     
         435
   155.924999999999        1169437499.99999     
         419
   156.274999999999        1172062499.99999     
         538
   156.624999999999        1174687499.99999     
         149
   156.974999999999        1177312499.99999     
          78
   157.324999999999        1179937499.99999     
         436
   157.674999999999        1182562499.99999     
         182
   158.024999999999        1185187499.99999     
         517
   158.374999999999        1187812499.99999     
         514
   158.724999999999        1190437499.99999     
          80
   159.074999999999        1193062499.99999     
         373
   159.424999999999        1195687499.99999     
         386
   159.774999999999        1198312499.99999     
         222
   160.124999999999        1200937499.99999     
         332
   160.474999999999        1203562499.99999     
         375
   160.824999999999        1206187499.99999     
         183
   161.174999999999        1208812499.99999     
         125
   161.524999999999        1211437499.99999     
          94
   161.874999999999        1214062499.99999     
         134
   162.224999999999        1216687499.99999     
         369
   162.574999999999        1219312499.99999     
         176
   162.924999999999        1221937499.99999     
         320
   163.274999999999        1224562499.99999     
         243
   163.624999999999        1227187499.99999     
         275
   163.974999999999        1229812499.99999     
          16
   164.324999999999        1232437499.99999     
         227
   164.674999999999        1235062499.99999     
         405
   165.024999999999        1237687499.99999     
          57
   165.374999999999        1240312499.99999     
         384
   165.724999999999        1242937499.99999     
         311
   166.074999999999        1245562499.99999     
         154
   166.424999999999        1248187499.99999     
         264
   166.774999999998        1250812499.99999     
         395
   167.124999999998        1253437499.99999     
         204
   167.474999999998        1256062499.99999     
         298
   167.824999999998        1258687499.99999     
          66
   168.174999999998        1261312499.99999     
         164
   168.524999999998        1263937499.99999     
         264
   168.874999999998        1266562499.99999     
         130
   169.224999999998        1269187499.99999     
         429
   169.574999999998        1271812499.99999     
         118
   169.924999999998        1274437499.99999     
         320
   170.274999999998        1277062499.99999     
          71
   170.624999999998        1279687499.99999     
         250
   170.974999999998        1282312499.99999     
         297
   171.324999999998        1284937499.99999     
         450
   171.674999999998        1287562499.99999     
         274
   172.024999999998        1290187499.99999     
         122
   172.374999999998        1292812499.99999     
          89
   172.724999999998        1295437499.99999     
         492
   173.074999999998        1298062499.99999     
         408
   173.424999999998        1300687499.99999     
          85
   173.774999999998        1303312499.99999     
         453
   174.124999999998        1305937499.99999     
         397
   174.474999999998        1308562499.99999     
         434
   174.824999999998        1311187499.99999     
         483
   175.174999999998        1313812499.99999     
         247
   175.524999999998        1316437499.99999     
          49
   175.874999999998        1319062499.99999     
         381
   176.224999999998        1321687499.99999     
         346
   176.574999999998        1324312499.99999     
         358
   176.924999999998        1326937499.99999     
         153
   177.274999999998        1329562499.99999     
          74
   177.624999999998        1332187499.99999     
         141
   177.974999999998        1334812499.99999     
         119
   178.324999999998        1337437499.99999     
         468
   178.674999999998        1340062499.99999     
         369
   179.024999999998        1342687499.99999     
         440
   179.374999999998        1345312499.99999     
         330
   179.724999999998        1347937499.99999     
         443
   180.074999999998        1350562499.99999     
         347
   180.424999999998        1353187499.99999     
         190
   180.774999999998        1355812499.99999     
         490
   181.124999999998        1358437499.99999     
         139
   181.474999999998        1361062499.99999     
         303
   181.824999999998        1363687499.99999     
         140
   182.174999999998        1366312499.99999     
           4
   182.524999999998        1368937499.99999     
         450
   182.874999999998        1371562499.99999     
          41
   183.224999999998        1374187499.99999     
         121
   183.574999999998        1376812499.99999     
         202
   183.924999999998        1379437499.99999     
         266
   184.274999999998        1382062499.99999     
          49
   184.624999999998        1384687499.99999     
         466
   184.974999999998        1387312499.99999     
         330
   185.324999999998        1389937499.99999     
         336
   185.674999999998        1392562499.99999     
         285
   186.024999999998        1395187499.99999     
         359
   186.374999999998        1397812499.99999     
         265
   186.724999999998        1400437499.99999     
         449
   187.074999999998        1403062499.99999     
         307
   187.424999999998        1405687499.99999     
         413
   187.774999999998        1408312499.99999     
         428
   188.124999999998        1410937499.99999     
         128
   188.474999999998        1413562499.99999     
         142
   188.824999999998        1416187499.99999     
         291
   189.174999999998        1418812499.99999     
         389
   189.524999999998        1421437499.99999     
         210
   189.874999999998        1424062499.99999     
         382
   190.224999999998        1426687499.99999     
         153
   190.574999999998        1429312499.99999     
         202
   190.924999999998        1431937499.99999     
          50
   191.274999999998        1434562499.99999     
         422
   191.624999999998        1437187499.99999     
         531
   191.974999999998        1439812499.99999     
          92
   192.324999999998        1442437499.99999     
         290
   192.674999999998        1445062499.99999     
         154
   193.024999999998        1447687499.99999     
         401
   193.374999999998        1450312499.99999     
         133
   193.724999999998        1452937499.99999     
          50
   194.074999999998        1455562499.99999     
          74
   194.424999999998        1458187499.99999     
         366
   194.774999999998        1460812499.99999     
         395
   195.124999999998        1463437499.99999     
         292
   195.474999999998        1466062499.99999     
          46
   195.824999999998        1468687499.99999     
          53
   196.174999999998        1471312499.99999     
         113
   196.524999999998        1473937499.99999     
         460
   196.874999999998        1476562499.99998     
         278
   197.224999999998        1479187499.99998     
           4
   197.574999999998        1481812499.99998     
         389
   197.924999999998        1484437499.99998     
           4
   198.274999999998        1487062499.99998     
         225
   198.624999999998        1489687499.99998     
         241
   198.974999999998        1492312499.99998     
         408
   199.324999999998        1494937499.99998     
         112
   199.674999999998        1497562499.99998     
          38
   200.024999999998        1500187499.99998     
          98
   200.374999999998        1502812499.99998     
         519
   200.724999999998        1505437499.99998     
         283
   201.074999999998        1508062499.99998     
         274
   201.424999999998        1510687499.99998     
         311
   201.774999999998        1513312499.99998     
         215
   202.124999999998        1515937499.99998     
         454
   202.474999999998        1518562499.99998     
          46
   202.824999999998        1521187499.99998     
          29
   203.174999999998        1523812499.99998     
         372
   203.524999999998        1526437499.99998     
         287
   203.874999999998        1529062499.99998     
         217
   204.224999999998        1531687499.99998     
         366
   204.574999999998        1534312499.99998     
         233
   204.924999999998        1536937499.99998     
         128
   205.274999999998        1539562499.99998     
         254
   205.624999999998        1542187499.99998     
          30
   205.974999999998        1544812499.99998     
         109
   206.324999999998        1547437499.99998     
         101
   206.674999999998        1550062499.99998     
         461
   207.024999999998        1552687499.99998     
         514
   207.374999999998        1555312499.99998     
          62
   207.724999999998        1557937499.99998     
          85
   208.074999999998        1560562499.99998     
         214
   208.424999999998        1563187499.99998     
         144
   208.774999999998        1565812499.99998     
         389
   209.124999999998        1568437499.99998     
          15
   209.474999999998        1571062499.99998     
         105
   209.824999999998        1573687499.99998     
         419
   210.174999999998        1576312499.99998     
         410
   210.524999999998        1578937499.99998     
         111
   210.874999999998        1581562499.99998     
         216
   211.224999999998        1584187499.99998     
         167
   211.574999999998        1586812499.99998     
         300
   211.924999999998        1589437499.99998     
         267
   212.274999999998        1592062499.99998     
         146
   212.624999999998        1594687499.99998     
         195
   212.974999999998        1597312499.99998     
         291
   213.324999999998        1599937499.99998     
         116
   213.674999999998        1602562499.99998     
         497
   214.024999999998        1605187499.99998     
         395
   214.374999999998        1607812499.99998     
         174
   214.724999999998        1610437499.99998     
          85
   215.074999999998        1613062499.99998     
          80
   215.424999999998        1615687499.99998     
         206
   215.774999999998        1618312499.99998     
         206
   216.124999999998        1620937499.99998     
         183
   216.474999999998        1623562499.99998     
         128
   216.824999999998        1626187499.99998     
         163
   217.174999999998        1628812499.99998     
         119
   217.524999999998        1631437499.99998     
         139
   217.874999999998        1634062499.99998     
         338
   218.224999999998        1636687499.99998     
         252
   218.574999999998        1639312499.99998     
         178
   218.924999999998        1641937499.99998     
         246
   219.274999999998        1644562499.99998     
          73
   219.624999999998        1647187499.99998     
         434
   219.974999999998        1649812499.99998     
         294
   220.324999999998        1652437499.99998     
         292
   220.674999999998        1655062499.99998     
         453
   221.024999999998        1657687499.99998     
         495
   221.374999999998        1660312499.99998     
         321
   221.724999999998        1662937499.99998     
         307
   222.074999999998        1665562499.99998     
         225
   222.424999999998        1668187499.99998     
         220
   222.774999999998        1670812499.99998     
         409
   223.124999999998        1673437499.99998     
          87
   223.474999999998        1676062499.99998     
          30
   223.824999999998        1678687499.99998     
         266
   224.174999999998        1681312499.99998     
         208
   224.524999999998        1683937499.99998     
          85
   224.874999999998        1686562499.99998     
         374
   225.224999999998        1689187499.99998     
         271
   225.574999999998        1691812499.99998     
         484
   225.924999999998        1694437499.99998     
         410
   226.274999999998        1697062499.99998     
         511
   226.624999999998        1699687499.99998     
         171
   226.974999999998        1702312499.99998     
         239
   227.324999999998        1704937499.99998     
          60
   227.674999999998        1707562499.99998     
         286
   228.024999999998        1710187499.99998     
          41
   228.374999999997        1712812499.99998     
         461
   228.724999999997        1715437499.99998     
         343
   229.074999999997        1718062499.99998     
         275
   229.424999999997        1720687499.99998     
         490
   229.774999999997        1723312499.99998     
         178
   230.124999999997        1725937499.99998     
          45
   230.474999999997        1728562499.99998     
         493
   230.824999999997        1731187499.99998     
          50
   231.174999999997        1733812499.99998     
          87
   231.524999999997        1736437499.99998     
          22
   231.874999999997        1739062499.99998     
         369
   232.224999999997        1741687499.99998     
         303
   232.574999999997        1744312499.99998     
         430
   232.924999999997        1746937499.99998     
         311
   233.274999999997        1749562499.99998     
         498
   233.624999999997        1752187499.99998     
         505
   233.974999999997        1754812499.99998     
         255
   234.324999999997        1757437499.99998     
          19
   234.674999999997        1760062499.99998     
         528
   235.024999999997        1762687499.99998     
         461
   235.374999999997        1765312499.99998     
         492
   235.724999999997        1767937499.99998     
          99
   236.074999999997        1770562499.99998     
         158
   236.424999999997        1773187499.99998     
          67
   236.774999999997        1775812499.99998     
         297
   237.124999999997        1778437499.99998     
         262
   237.474999999997        1781062499.99998     
         515
   237.824999999997        1783687499.99998     
         410
   238.174999999997        1786312499.99998     
          20
   238.524999999997        1788937499.99998     
         161
   238.874999999997        1791562499.99998     
         340
   239.224999999997        1794187499.99998     
         435
   239.574999999997        1796812499.99998     
         288
   239.924999999997        1799437499.99998     
         508
   240.274999999997        1802062499.99998     
          56
   240.624999999997        1804687499.99998     
         376
   240.974999999997        1807312499.99998     
         533
   241.324999999997        1809937499.99998     
          38
   241.674999999997        1812562499.99998     
         228
   242.024999999997        1815187499.99998     
         107
   242.374999999997        1817812499.99998     
         491
   242.724999999997        1820437499.99998     
          12
   243.074999999997        1823062499.99998     
         133
   243.424999999997        1825687499.99998     
         152
   243.774999999997        1828312499.99998     
         200
   244.124999999997        1830937499.99998     
         490
   244.474999999997        1833562499.99998     
         438
   244.824999999997        1836187499.99998     
         415
   245.174999999997        1838812499.99998     
         540
   245.524999999997        1841437499.99998     
         220
   245.874999999997        1844062499.99998     
          53
   246.224999999997        1846687499.99998     
         292
   246.574999999997        1849312499.99998     
         205
   246.924999999997        1851937499.99998     
         287
   247.274999999997        1854562499.99998     
          81
   247.624999999997        1857187499.99998     
         325
   247.974999999997        1859812499.99998     
         229
   248.324999999997        1862437499.99998     
         264
   248.674999999997        1865062499.99998     
         229
   249.024999999997        1867687499.99998     
         198
   249.374999999997        1870312499.99998     
           8
   249.724999999997        1872937499.99998     
         246
   250.074999999997        1875562499.99998     
         501
   250.424999999997        1878187499.99998     
         179
   250.774999999997        1880812499.99998     
         272
   251.124999999997        1883437499.99998     
         340
   251.474999999997        1886062499.99998     
         177
   251.824999999997        1888687499.99998     
         320
   252.174999999997        1891312499.99998     
         201
   252.524999999997        1893937499.99998     
          42
   252.874999999997        1896562499.99998     
          64
   253.224999999997        1899187499.99998     
         313
   253.574999999997        1901812499.99998     
         257
   253.924999999997        1904437499.99998     
         392
   254.274999999997        1907062499.99998     
         426
   254.624999999997        1909687499.99998     
         522
   254.974999999997        1912312499.99998     
         460
   255.324999999997        1914937499.99998     
          15
   255.674999999997        1917562499.99998     
         407
   256.024999999997        1920187499.99998     
         382
   256.374999999997        1922812499.99998     
         165
   256.724999999997        1925437499.99998     
         339
   257.074999999997        1928062499.99998     
         329
   257.424999999997        1930687499.99998     
         200
   257.774999999997        1933312499.99998     
          70
   258.124999999997        1935937499.99998     
         155
   258.474999999997        1938562499.99998     
         325
   258.824999999997        1941187499.99998     
         311
   259.174999999997        1943812499.99998     
         495
   259.524999999997        1946437499.99998     
         505
   259.874999999997        1949062499.99998     
         224
   260.224999999997        1951687499.99998     
         154
   260.574999999997        1954312499.99998     
         117
   260.924999999997        1956937499.99998     
         113
   261.274999999997        1959562499.99998     
         400
   261.624999999997        1962187499.99998     
         433
   261.974999999997        1964812499.99998     
         269
   262.324999999997        1967437499.99998     
         221
   262.674999999998        1970062499.99998     
          79
   263.024999999998        1972687499.99998     
         258
   263.374999999998        1975312499.99998     
         415
   263.724999999998        1977937499.99998     
         304
   264.074999999998        1980562499.99998     
         128
   264.424999999998        1983187499.99998     
          84
   264.774999999998        1985812499.99998     
         156
   265.124999999998        1988437499.99998     
         188
   265.474999999998        1991062499.99998     
         230
   265.824999999998        1993687499.99998     
         264
   266.174999999998        1996312499.99998     
         469
   266.524999999998        1998937499.99998     
         301
   266.874999999998        2001562499.99998     
         315
   267.224999999998        2004187499.99998     
          78
   267.574999999998        2006812499.99998     
          46
   267.924999999998        2009437499.99998     
         205
   268.274999999998        2012062499.99998     
          64
   268.624999999998        2014687499.99998     
         276
   268.974999999998        2017312499.99998     
         129
   269.324999999998        2019937499.99998     
         506
   269.674999999998        2022562499.99998     
         346
   270.024999999998        2025187499.99998     
         262
   270.374999999998        2027812499.99998     
         535
   270.724999999998        2030437499.99999     
         337
   271.074999999998        2033062499.99999     
         467
   271.424999999998        2035687499.99999     
         204
   271.774999999998        2038312499.99999     
          88
   272.124999999998        2040937499.99999     
         508
   272.474999999998        2043562499.99999     
         388
   272.824999999998        2046187499.99999     
         188
   273.174999999998        2048812499.99999     
         296
   273.524999999998        2051437499.99999     
         437
   273.874999999998        2054062499.99999     
         144
   274.224999999998        2056687499.99999     
           6
   274.574999999998        2059312499.99999     
         315
   274.924999999998        2061937499.99999     
         305
   275.274999999998        2064562499.99999     
         462
   275.624999999998        2067187499.99999     
         198
   275.974999999998        2069812499.99999     
         282
   276.324999999998        2072437499.99999     
         289
   276.674999999998        2075062499.99999     
           6
   277.024999999998        2077687499.99999     
         327
   277.374999999998        2080312499.99999     
         406
   277.724999999998        2082937499.99999     
         250
   278.074999999999        2085562499.99999     
         114
   278.424999999999        2088187499.99999     
         466
   278.774999999999        2090812499.99999     
          77
   279.124999999999        2093437499.99999     
         375
   279.474999999999        2096062499.99999     
         202
   279.824999999999        2098687499.99999     
         522
   280.174999999999        2101312499.99999     
         249
   280.524999999999        2103937499.99999     
         394
   280.874999999999        2106562499.99999     
         251
   281.224999999999        2109187499.99999     
         367
   281.574999999999        2111812499.99999     
         291
   281.924999999999        2114437499.99999     
         535
   282.274999999999        2117062499.99999     
         211
   282.624999999999        2119687499.99999     
         533
   282.974999999999        2122312499.99999     
          37
   283.324999999999        2124937499.99999     
         373
   283.674999999999        2127562499.99999     
         453
   284.024999999999        2130187499.99999     
         526
   284.374999999999        2132812499.99999     
         105
   284.724999999999        2135437499.99999     
         294
   285.074999999999        2138062499.99999     
         148
   285.424999999999        2140687499.99999     
         184
   285.774999999999        2143312499.99999     
         130
   286.124999999999        2145937499.99999     
         242
   286.474999999999        2148562499.99999     
         347
   286.824999999999        2151187499.99999     
         456
   287.174999999999        2153812499.99999     
         189
   287.524999999999        2156437499.99999     
         413
   287.874999999999        2159062499.99999     
         156
   288.224999999999        2161687499.99999     
         487
   288.574999999999        2164312499.99999     
          52
   288.924999999999        2166937499.99999     
         471
   289.274999999999        2169562499.99999     
         170
   289.624999999999        2172187499.99999     
         432
   289.974999999999        2174812499.99999     
          51
   290.324999999999        2177437499.99999     
         182
   290.674999999999        2180062499.99999     
          10
   291.024999999999        2182687500.00000     
         261
   291.374999999999        2185312500.00000     
          94
   291.724999999999        2187937500.00000     
          37
   292.074999999999        2190562500.00000     
         355
   292.424999999999        2193187500.00000     
         287
   292.774999999999        2195812500.00000     
          30
   293.124999999999        2198437500.00000     
          10
   293.475000000000        2201062500.00000     
         293
   293.825000000000        2203687500.00000     
         277
   294.175000000000        2206312500.00000     
         418
   294.525000000000        2208937500.00000     
          23
   294.875000000000        2211562500.00000     
         230
   295.225000000000        2214187500.00000     
         479
   295.575000000000        2216812500.00000     
         415
   295.925000000000        2219437500.00000     
         160
   296.275000000000        2222062500.00000     
          11
   296.625000000000        2224687500.00000     
         444
   296.975000000000        2227312500.00000     
         266
   297.325000000000        2229937500.00000     
         391
   297.675000000000        2232562500.00000     
         148
   298.025000000000        2235187500.00000     
         115
   298.375000000000        2237812500.00000     
         252
   298.725000000000        2240437500.00000     
          92
   299.075000000000        2243062500.00000     
         141
   299.425000000000        2245687500.00000     
         304
   299.775000000000        2248312500.00000     
         307
   300.125000000000        2250937500.00000     
          72
   300.475000000000        2253562500.00000     
         202
   300.825000000000        2256187500.00000     
         288
   301.175000000000        2258812500.00000     
         386
   301.525000000000        2261437500.00000     
          28
   301.875000000000        2264062500.00000     
         222
   302.225000000000        2266687500.00000     
         186
   302.575000000000        2269312500.00000     
         271
   302.925000000000        2271937500.00000     
          15
   303.275000000000        2274562500.00000     
          94
   303.625000000000        2277187500.00000     
         280
   303.975000000000        2279812500.00000     
         165
   304.325000000000        2282437500.00000     
         315
   304.675000000000        2285062500.00000     
         330
   305.025000000000        2287687500.00000     
          13
   305.375000000000        2290312500.00000     
         315
   305.725000000000        2292937500.00000     
         260
   306.075000000000        2295562500.00000     
         509
   306.425000000000        2298187500.00000     
         275
   306.775000000000        2300812500.00000     
         387
   307.125000000000        2303437500.00000     
         148
   307.475000000000        2306062500.00000     
         256
   307.825000000000        2308687500.00000     
         378
   308.175000000000        2311312500.00000     
         511
   308.525000000000        2313937500.00000     
           1
   308.875000000001        2316562500.00000     
         471
   309.225000000001        2319187500.00000     
         212
   309.575000000001        2321812500.00000     
          97
   309.925000000001        2324437500.00000     
         117
   310.275000000001        2327062500.00000     
          36
   310.625000000001        2329687500.00000     
         304
   310.975000000001        2332312500.00000     
         328
   311.325000000001        2334937500.00001     
         338
   311.675000000001        2337562500.00001     
           6
   312.025000000001        2340187500.00001     
          23
   312.375000000001        2342812500.00001     
         332
   312.725000000001        2345437500.00001     
          23
   313.075000000001        2348062500.00001     
         484
   313.425000000001        2350687500.00001     
         199
   313.775000000001        2353312500.00001     
          40
   314.125000000001        2355937500.00001     
         533
   314.475000000001        2358562500.00001     
         375
   314.825000000001        2361187500.00001     
          35
   315.175000000001        2363812500.00001     
          30
   315.525000000001        2366437500.00001     
         271
   315.875000000001        2369062500.00001     
         262
   316.225000000001        2371687500.00001     
         494
   316.575000000001        2374312500.00001     
         194
   316.925000000001        2376937500.00001     
         400
   317.275000000001        2379562500.00001     
         397
   317.625000000001        2382187500.00001     
          73
   317.975000000001        2384812500.00001     
         230
   318.325000000001        2387437500.00001     
         491
   318.675000000001        2390062500.00001     
         325
   319.025000000001        2392687500.00001     
         271
   319.375000000001        2395312500.00001     
          27
   319.725000000001        2397937500.00001     
          12
   320.075000000001        2400562500.00001     
         134
   320.425000000001        2403187500.00001     
         353
   320.775000000001        2405812500.00001     
         481
   321.125000000001        2408437500.00001     
         252
   321.475000000001        2411062500.00001     
          18
   321.825000000001        2413687500.00001     
         417
   322.175000000001        2416312500.00001     
          51
   322.525000000001        2418937500.00001     
         376
   322.875000000001        2421562500.00001     
          15
   323.225000000001        2424187500.00001     
         134
   323.575000000001        2426812500.00001     
         208
   323.925000000001        2429437500.00001     
         498
   324.275000000002        2432062500.00001     
         157
   324.625000000002        2434687500.00001     
         177
   324.975000000002        2437312500.00001     
         194
   325.325000000002        2439937500.00001     
         122
   325.675000000002        2442562500.00001     
         149
   326.025000000002        2445187500.00001     
         452
   326.375000000002        2447812500.00001     
         163
   326.725000000002        2450437500.00001     
         312
   327.075000000002        2453062500.00001     
         223
   327.425000000002        2455687500.00001     
         282
   327.775000000002        2458312500.00001     
         323
   328.125000000002        2460937500.00001     
         226
   328.475000000002        2463562500.00001     
         138
   328.825000000002        2466187500.00001     
          94
   329.175000000002        2468812500.00001     
         149
   329.525000000002        2471437500.00001     
         457
   329.875000000002        2474062500.00001     
         132
   330.225000000002        2476687500.00001     
         407
   330.575000000002        2479312500.00001     
          39
   330.925000000002        2481937500.00001     
         275
   331.275000000002        2484562500.00001     
          40
   331.625000000002        2487187500.00001     
         302
   331.975000000002        2489812500.00002     
         535
   332.325000000002        2492437500.00002     
         341
   332.675000000002        2495062500.00002     
         512
   333.025000000002        2497687500.00002     
         176
   333.375000000002        2500312500.00002     
         194
   333.725000000002        2502937500.00002     
          12
   334.075000000002        2505562500.00002     
         421
   334.425000000002        2508187500.00002     
         356
   334.775000000002        2510812500.00002     
         334
   335.125000000002        2513437500.00002     
         136
   335.475000000002        2516062500.00002     
         398
   335.825000000002        2518687500.00002     
         477
   336.175000000002        2521312500.00002     
         413
   336.525000000002        2523937500.00002     
         129
   336.875000000002        2526562500.00002     
         354
   337.225000000002        2529187500.00002     
          40
   337.575000000002        2531812500.00002     
         409
   337.925000000002        2534437500.00002     
         355
   338.275000000002        2537062500.00002     
         484
   338.625000000002        2539687500.00002     
         311
   338.975000000002        2542312500.00002     
         311
   339.325000000002        2544937500.00002     
          55
   339.675000000003        2547562500.00002     
         353
   340.025000000003        2550187500.00002     
         410
   340.375000000003        2552812500.00002     
          49
   340.725000000003        2555437500.00002     
         161
   341.075000000003        2558062500.00002     
         170
   341.425000000003        2560687500.00002     
         317
   341.775000000003        2563312500.00002     
         540
   342.125000000003        2565937500.00002     
         299
   342.475000000003        2568562500.00002     
         239
   342.825000000003        2571187500.00002     
         425
   343.175000000003        2573812500.00002     
         417
   343.525000000003        2576437500.00002     
         488
   343.875000000003        2579062500.00002     
         531
   344.225000000003        2581687500.00002     
         277
   344.575000000003        2584312500.00002     
         178
   344.925000000003        2586937500.00002     
         270
   345.275000000003        2589562500.00002     
          30
   345.625000000003        2592187500.00002     
         193
   345.975000000003        2594812500.00002     
         351
   346.325000000003        2597437500.00002     
         381
   346.675000000003        2600062500.00002     
         214
   347.025000000003        2602687500.00002     
         513
   347.375000000003        2605312500.00002     
         105
   347.725000000003        2607937500.00002     
         165
   348.075000000003        2610562500.00002     
         435
   348.425000000003        2613187500.00002     
         212
   348.775000000003        2615812500.00002     
         455
   349.125000000003        2618437500.00002     
         387
   349.475000000003        2621062500.00002     
         176
   349.825000000003        2623687500.00002     
          28
   350.175000000003        2626312500.00002     
          27
   350.525000000003        2628937500.00002     
          10
   350.875000000003        2631562500.00002     
          17
   351.225000000003        2634187500.00002     
         210
   351.575000000003        2636812500.00002     
         274
   351.925000000003        2639437500.00002     
         380
   352.275000000003        2642062500.00002     
         534
   352.625000000003        2644687500.00003     
         329
   352.975000000003        2647312500.00003     
         398
   353.325000000003        2649937500.00003     
          28
   353.675000000003        2652562500.00003     
         393
   354.025000000003        2655187500.00003     
         391
   354.375000000003        2657812500.00003     
          58
   354.725000000003        2660437500.00003     
         266
   355.075000000004        2663062500.00003     
          23
   355.425000000004        2665687500.00003     
         151
   355.775000000004        2668312500.00003     
           9
   356.125000000004        2670937500.00003     
         356
   356.475000000004        2673562500.00003     
         481
   356.825000000004        2676187500.00003     
         229
   357.175000000004        2678812500.00003     
         149
   357.525000000004        2681437500.00003     
         352
   357.875000000004        2684062500.00003     
         509
   358.225000000004        2686687500.00003     
         199
   358.575000000004        2689312500.00003     
          21
   358.925000000004        2691937500.00003     
         482
   359.275000000004        2694562500.00003     
         490
   359.625000000004        2697187500.00003     
         184
   359.975000000004        2699812500.00003     
         359
   360.325000000004        2702437500.00003     
         419
   360.675000000004        2705062500.00003     
         198
   361.025000000004        2707687500.00003     
          37
   361.375000000004        2710312500.00003     
         210
   361.725000000004        2712937500.00003     
         118
   362.075000000004        2715562500.00003     
          12
   362.425000000004        2718187500.00003     
          62
   362.775000000004        2720812500.00003     
          75
   363.125000000004        2723437500.00003     
         241
   363.475000000004        2726062500.00003     
          12
   363.825000000004        2728687500.00003     
         154
   364.175000000004        2731312500.00003     
         129
   364.525000000004        2733937500.00003     
         331
   364.875000000004        2736562500.00003     
         536
   365.225000000004        2739187500.00003     
         304
   365.575000000004        2741812500.00003     
         124
   365.925000000004        2744437500.00003     
          61
   366.275000000004        2747062500.00003     
         408
   366.625000000004        2749687500.00003     
         189
   366.975000000004        2752312500.00003     
         438
   367.325000000004        2754937500.00003     
         296
   367.675000000004        2757562500.00003     
          75
   368.025000000004        2760187500.00003     
         405
   368.375000000004        2762812500.00003     
         522
   368.725000000004        2765437500.00003     
         523
   369.075000000004        2768062500.00003     
          22
   369.425000000004        2770687500.00003     
         304
   369.775000000004        2773312500.00003     
         530
   370.125000000004        2775937500.00003     
          80
   370.475000000005        2778562500.00003     
          47
   370.825000000005        2781187500.00003     
         515
   371.175000000005        2783812500.00003     
         525
   371.525000000005        2786437500.00003     
         214
   371.875000000005        2789062500.00003     
         211
   372.225000000005        2791687500.00003     
         109
   372.575000000005        2794312500.00003     
         156
   372.925000000005        2796937500.00003     
          35
   373.275000000005        2799562500.00004     
         380
   373.625000000005        2802187500.00004     
         385
   373.975000000005        2804812500.00004     
         461
   374.325000000005        2807437500.00004     
         222
   374.675000000005        2810062500.00004     
         327
   375.025000000005        2812687500.00004     
          10
   375.375000000005        2815312500.00004     
         367
   375.725000000005        2817937500.00004     
         122
   376.075000000005        2820562500.00004     
         290
   376.425000000005        2823187500.00004     
         305
   376.775000000005        2825812500.00004     
          92
   377.125000000005        2828437500.00004     
          64
   377.475000000005        2831062500.00004     
         305
   377.825000000005        2833687500.00004     
         437
   378.175000000005        2836312500.00004     
         304
   378.525000000005        2838937500.00004     
         428
   378.875000000005        2841562500.00004     
          52
   379.225000000005        2844187500.00004     
          63
   379.575000000005        2846812500.00004     
         305
   379.925000000005        2849437500.00004     
         370
   380.275000000005        2852062500.00004     
         282
   380.625000000005        2854687500.00004     
         420
   380.975000000005        2857312500.00004     
         203
   381.325000000005        2859937500.00004     
         429
   381.675000000005        2862562500.00004     
         430
   382.025000000005        2865187500.00004     
         181
   382.375000000005        2867812500.00004     
         183
   382.725000000005        2870437500.00004     
         167
   383.075000000005        2873062500.00004     
         417
   383.425000000005        2875687500.00004     
         281
   383.775000000005        2878312500.00004     
         418
   384.125000000005        2880937500.00004     
         419
   384.475000000005        2883562500.00004     
         140
   384.825000000005        2886187500.00004     
          44
   385.175000000005        2888812500.00004     
         404
   385.525000000005        2891437500.00004     
         449
   385.875000000006        2894062500.00004     
         305
   386.225000000006        2896687500.00004     
         490
   386.575000000006        2899312500.00004     
          49
   386.925000000006        2901937500.00004     
         474
   387.275000000006        2904562500.00004     
         339
   387.625000000006        2907187500.00004     
         510
   387.975000000006        2909812500.00004     
         476
   388.325000000006        2912437500.00004     
         410
   388.675000000006        2915062500.00004     
         520
   389.025000000006        2917687500.00004     
         489
   389.375000000006        2920312500.00004     
         381
   389.725000000006        2922937500.00004     
         254
   390.075000000006        2925562500.00004     
         355
   390.425000000006        2928187500.00004     
         131
   390.775000000006        2930812500.00004     
         454
   391.125000000006        2933437500.00004     
         502
   391.475000000006        2936062500.00004     
         116
   391.825000000006        2938687500.00004     
         178
   392.175000000006        2941312500.00004     
         196
   392.525000000006        2943937500.00004     
         246
   392.875000000006        2946562500.00004     
         523
   393.225000000006        2949187500.00004     
         115
   393.575000000006        2951812500.00005     
         164
   393.925000000006        2954437500.00005     
         363
   394.275000000006        2957062500.00005     
          41
   394.625000000006        2959687500.00005     
         298
   394.975000000006        2962312500.00005     
         195
   395.325000000006        2964937500.00005     
         289
   395.675000000006        2967562500.00005     
         100
   396.025000000006        2970187500.00005     
          45
   396.375000000006        2972812500.00005     
         489
   396.725000000006        2975437500.00005     
         507
   397.075000000006        2978062500.00005     
         104
   397.425000000006        2980687500.00005     
          44
   397.775000000006        2983312500.00005     
         160
   398.125000000006        2985937500.00005     
          64
   398.475000000006        2988562500.00005     
         407
   398.825000000006        2991187500.00005     
         431
   399.175000000006        2993812500.00005     
         205
   399.525000000006        2996437500.00005     
         538
   399.875000000006        2999062500.00005     
          27
   400.225000000006        3001687500.00005     
         364
   400.575000000006        3004312500.00005     
          42
   400.925000000006        3006937500.00005     
         193
   401.275000000007        3009562500.00005     
          45
   401.625000000007        3012187500.00005     
         209
   401.975000000007        3014812500.00005     
         286
   402.325000000007        3017437500.00005     
         318
   402.675000000007        3020062500.00005     
         463
   403.025000000007        3022687500.00005     
         135
   403.375000000007        3025312500.00005     
          92
   403.725000000007        3027937500.00005     
         254
   404.075000000007        3030562500.00005     
         297
   404.425000000007        3033187500.00005     
         159
   404.775000000007        3035812500.00005     
         261
   405.125000000007        3038437500.00005     
         139
   405.475000000007        3041062500.00005     
         372
   405.825000000007        3043687500.00005     
          99
   406.175000000007        3046312500.00005     
         436
   406.525000000007        3048937500.00005     
         373
   406.875000000007        3051562500.00005     
          96
   407.225000000007        3054187500.00005     
         437
   407.575000000007        3056812500.00005     
         155
   407.925000000007        3059437500.00005     
         367
   408.275000000007        3062062500.00005     
         100
   408.625000000007        3064687500.00005     
         234
   408.975000000007        3067312500.00005     
         173
   409.325000000007        3069937500.00005     
         297
   409.675000000007        3072562500.00005     
          81
   410.025000000007        3075187500.00005     
         167
   410.375000000007        3077812500.00005     
         378
   410.725000000007        3080437500.00005     
          81
   411.075000000007        3083062500.00005     
          89
   411.425000000007        3085687500.00005     
         462
   411.775000000007        3088312500.00005     
         281
   412.125000000007        3090937500.00005     
         472
   412.475000000007        3093562500.00005     
         352
   412.825000000007        3096187500.00005     
           9
   413.175000000007        3098812500.00005     
          12
   413.525000000007        3101437500.00005     
         481
   413.875000000007        3104062500.00005     
         449
   414.225000000007        3106687500.00006     
         249
   414.575000000007        3109312500.00006     
         283
   414.925000000007        3111937500.00006     
         526
   415.275000000007        3114562500.00006     
         181
   415.625000000007        3117187500.00006     
          47
   415.975000000007        3119812500.00006     
          49
   416.325000000007        3122437500.00006     
         453
   416.675000000008        3125062500.00006     
         372
   417.025000000008        3127687500.00006     
         249
   417.375000000008        3130312500.00006     
          73
   417.725000000008        3132937500.00006     
         153
   418.075000000008        3135562500.00006     
         119
   418.425000000008        3138187500.00006     
         107
   418.775000000008        3140812500.00006     
         303
   419.125000000008        3143437500.00006     
         382
   419.475000000008        3146062500.00006     
         383
   419.825000000008        3148687500.00006     
