       time        TW        TE         hW        hE
   0.17500E+00   0.29440E+02   0.29304E+02   0.37499E-02  -0.27009E-01
   0.52500E+00   0.28666E+02   0.27956E+02   0.29771E-01  -0.89938E-01
   0.87500E+00   0.28472E+02   0.26600E+02   0.72202E-01  -0.16800E+00
   0.12250E+01   0.28641E+02   0.25141E+02   0.12344E+00  -0.26357E+00
   0.15750E+01   0.28970E+02   0.23828E+02   0.18621E+00  -0.36606E+00
   0.19250E+01   0.29306E+02   0.22993E+02   0.25556E+00  -0.45883E+00
   0.22750E+01   0.29571E+02   0.22581E+02   0.33391E+00  -0.55398E+00
   0.26250E+01   0.29751E+02   0.22422E+02   0.41885E+00  -0.65740E+00
   0.29750E+01   0.29863E+02   0.22521E+02   0.51125E+00  -0.74778E+00
   0.33250E+01   0.29929E+02   0.22940E+02   0.60721E+00  -0.80736E+00
   0.36750E+01   0.29964E+02   0.23678E+02   0.70365E+00  -0.83811E+00
   0.40250E+01   0.29981E+02   0.24623E+02   0.79600E+00  -0.83031E+00
   0.43750E+01   0.29989E+02   0.25535E+02   0.88041E+00  -0.77625E+00
   0.47250E+01   0.29991E+02   0.26286E+02   0.94942E+00  -0.69346E+00
   0.50750E+01   0.29993E+02   0.26922E+02   0.99073E+00  -0.59023E+00
   0.54250E+01   0.29996E+02   0.27476E+02   0.99448E+00  -0.47633E+00
   0.57750E+01   0.29999E+02   0.27956E+02   0.96192E+00  -0.36630E+00
   0.61250E+01   0.30001E+02   0.28361E+02   0.90456E+00  -0.26204E+00
   0.64750E+01   0.30001E+02   0.28696E+02   0.83157E+00  -0.16995E+00
   0.68250E+01   0.29999E+02   0.28971E+02   0.74961E+00  -0.95380E-01
   0.71750E+01   0.29997E+02   0.29190E+02   0.66742E+00  -0.30526E-01
   0.75250E+01   0.29995E+02   0.29275E+02   0.59400E+00   0.22513E-01
   0.78750E+01   0.29991E+02   0.29249E+02   0.52959E+00   0.61242E-01
   0.82250E+01   0.29984E+02   0.29220E+02   0.47476E+00   0.85372E-01
   0.85750E+01   0.29974E+02   0.29192E+02   0.43324E+00   0.93247E-01
   0.89250E+01   0.29962E+02   0.29158E+02   0.40295E+00   0.93884E-01
   0.92750E+01   0.29948E+02   0.29105E+02   0.37682E+00   0.87656E-01
   0.96250E+01   0.29934E+02   0.29021E+02   0.35780E+00   0.75495E-01
   0.99750E+01   0.29921E+02   0.28909E+02   0.34834E+00   0.63502E-01
   0.10325E+02   0.29911E+02   0.28775E+02   0.34047E+00   0.49932E-01
   0.10675E+02   0.29901E+02   0.28615E+02   0.33075E+00   0.34696E-01
   0.11025E+02   0.29891E+02   0.28424E+02   0.32408E+00   0.17602E-01
   0.11375E+02   0.29881E+02   0.28209E+02   0.31671E+00   0.10636E-02
   0.11725E+02   0.29869E+02   0.27978E+02   0.30423E+00  -0.14981E-01
   0.12075E+02   0.29853E+02   0.27706E+02   0.29240E+00  -0.35648E-01
   0.12425E+02   0.29836E+02   0.27405E+02   0.28332E+00  -0.54878E-01
   0.12775E+02   0.29818E+02   0.27100E+02   0.27532E+00  -0.72269E-01
   0.13125E+02   0.29803E+02   0.26774E+02   0.27149E+00  -0.93350E-01
   0.13475E+02   0.29793E+02   0.26421E+02   0.27106E+00  -0.11594E+00
   0.13825E+02   0.29787E+02   0.26073E+02   0.27114E+00  -0.13715E+00
   0.14175E+02   0.29786E+02   0.25747E+02   0.27503E+00  -0.15844E+00
   0.14525E+02   0.29791E+02   0.25419E+02   0.28273E+00  -0.18395E+00
   0.14875E+02   0.29801E+02   0.25104E+02   0.29181E+00  -0.21045E+00
   0.15225E+02   0.29817E+02   0.24813E+02   0.30525E+00  -0.23902E+00
   0.15575E+02   0.29837E+02   0.24526E+02   0.32429E+00  -0.27319E+00
   0.15925E+02   0.29860E+02   0.24272E+02   0.34617E+00  -0.30905E+00
   0.16275E+02   0.29883E+02   0.24064E+02   0.37173E+00  -0.34772E+00
   0.16625E+02   0.29906E+02   0.23908E+02   0.40176E+00  -0.38938E+00
   0.16975E+02   0.29927E+02   0.23842E+02   0.43527E+00  -0.42936E+00
   0.17325E+02   0.29945E+02   0.23890E+02   0.47114E+00  -0.46549E+00
   0.17675E+02   0.29960E+02   0.24063E+02   0.51056E+00  -0.49661E+00
   0.18025E+02   0.29972E+02   0.24399E+02   0.55362E+00  -0.51737E+00
   0.18375E+02   0.29981E+02   0.24955E+02   0.59747E+00  -0.52352E+00
   0.18725E+02   0.29988E+02   0.25761E+02   0.63857E+00  -0.51573E+00
   0.19075E+02   0.29992E+02   0.26592E+02   0.67623E+00  -0.48989E+00
   0.19425E+02   0.29995E+02   0.27245E+02   0.70782E+00  -0.44724E+00
   0.19775E+02   0.29996E+02   0.27771E+02   0.72785E+00  -0.39530E+00
   0.20125E+02   0.29998E+02   0.28200E+02   0.73434E+00  -0.33718E+00
   0.20475E+02   0.29998E+02   0.28556E+02   0.72832E+00  -0.27606E+00
   0.20825E+02   0.29999E+02   0.28853E+02   0.70882E+00  -0.21473E+00
   0.21175E+02   0.29998E+02   0.29098E+02   0.67550E+00  -0.15580E+00
   0.21525E+02   0.29997E+02   0.29293E+02   0.63317E+00  -0.10049E+00
   0.21875E+02   0.29994E+02   0.29333E+02   0.58563E+00  -0.50081E-01
   0.22225E+02   0.29991E+02   0.29211E+02   0.53534E+00  -0.76040E-02
   0.22575E+02   0.29985E+02   0.29067E+02   0.48793E+00   0.22953E-01
   0.22925E+02   0.29977E+02   0.28954E+02   0.44572E+00   0.41399E-01
   0.23275E+02   0.29965E+02   0.28875E+02   0.40867E+00   0.50559E-01
   0.23625E+02   0.29950E+02   0.28806E+02   0.37767E+00   0.50844E-01
   0.23975E+02   0.29933E+02   0.28724E+02   0.35319E+00   0.45164E-01
   0.24325E+02   0.29916E+02   0.28619E+02   0.33565E+00   0.36115E-01
   0.24675E+02   0.29900E+02   0.28486E+02   0.32427E+00   0.24235E-01
   0.25025E+02   0.29887E+02   0.28323E+02   0.31792E+00   0.99718E-02
   0.25375E+02   0.29877E+02   0.28133E+02   0.31365E+00  -0.47686E-02
   0.25725E+02   0.29868E+02   0.27931E+02   0.30884E+00  -0.18571E-01
   0.26075E+02   0.29860E+02   0.27722E+02   0.30349E+00  -0.32838E-01
   0.26425E+02   0.29851E+02   0.27508E+02   0.29742E+00  -0.47125E-01
   0.26775E+02   0.29840E+02   0.27289E+02   0.29027E+00  -0.62055E-01
   0.27125E+02   0.29829E+02   0.27057E+02   0.28517E+00  -0.79002E-01
   0.27475E+02   0.29820E+02   0.26810E+02   0.28292E+00  -0.97228E-01
   0.27825E+02   0.29813E+02   0.26558E+02   0.28157E+00  -0.11630E+00
   0.28175E+02   0.29809E+02   0.26307E+02   0.28235E+00  -0.13677E+00
   0.28525E+02   0.29809E+02   0.26071E+02   0.28643E+00  -0.15770E+00
   0.28875E+02   0.29814E+02   0.25864E+02   0.29284E+00  -0.17910E+00
   0.29225E+02   0.29823E+02   0.25673E+02   0.30218E+00  -0.20284E+00
   0.29575E+02   0.29836E+02   0.25480E+02   0.31489E+00  -0.22904E+00
   0.29925E+02   0.29852E+02   0.25272E+02   0.33082E+00  -0.25791E+00
   0.30275E+02   0.29870E+02   0.25052E+02   0.34935E+00  -0.28908E+00
   0.30625E+02   0.29888E+02   0.24822E+02   0.37074E+00  -0.32343E+00
   0.30975E+02   0.29907E+02   0.24599E+02   0.39585E+00  -0.36015E+00
   0.31325E+02   0.29925E+02   0.24431E+02   0.42440E+00  -0.39627E+00
   0.31675E+02   0.29942E+02   0.24340E+02   0.45635E+00  -0.43164E+00
   0.32025E+02   0.29956E+02   0.24362E+02   0.49158E+00  -0.46288E+00
   0.32375E+02   0.29968E+02   0.24545E+02   0.52964E+00  -0.48518E+00
   0.32725E+02   0.29977E+02   0.24916E+02   0.56916E+00  -0.49720E+00
   0.33075E+02   0.29985E+02   0.25532E+02   0.60811E+00  -0.49545E+00
   0.33425E+02   0.29990E+02   0.26317E+02   0.64478E+00  -0.47738E+00
   0.33775E+02   0.29993E+02   0.27039E+02   0.67632E+00  -0.44467E+00
   0.34125E+02   0.29995E+02   0.27615E+02   0.69932E+00  -0.39921E+00
   0.34475E+02   0.29996E+02   0.28080E+02   0.71195E+00  -0.34670E+00
   0.34825E+02   0.29997E+02   0.28461E+02   0.71181E+00  -0.29055E+00
   0.35175E+02   0.29998E+02   0.28776E+02   0.69838E+00  -0.23252E+00
   0.35525E+02   0.29997E+02   0.29035E+02   0.67307E+00  -0.17637E+00
   0.35875E+02   0.29996E+02   0.29253E+02   0.63724E+00  -0.12220E+00
   0.36225E+02   0.29994E+02   0.29328E+02   0.59368E+00  -0.72354E-01
   0.36575E+02   0.29991E+02   0.29220E+02   0.54688E+00  -0.29456E-01
   0.36925E+02   0.29986E+02   0.29059E+02   0.50061E+00   0.43770E-02
   0.37275E+02   0.29979E+02   0.28923E+02   0.45744E+00   0.26829E-01
   0.37625E+02   0.29969E+02   0.28825E+02   0.41947E+00   0.39060E-01
   0.37975E+02   0.29955E+02   0.28748E+02   0.38727E+00   0.42537E-01
   0.38325E+02   0.29939E+02   0.28669E+02   0.36068E+00   0.39454E-01
   0.38675E+02   0.29921E+02   0.28573E+02   0.34024E+00   0.32476E-01
   0.39025E+02   0.29904E+02   0.28450E+02   0.32665E+00   0.21581E-01
   0.39375E+02   0.29890E+02   0.28295E+02   0.31860E+00   0.87809E-02
   0.39725E+02   0.29878E+02   0.28113E+02   0.31332E+00  -0.49823E-02
   0.40075E+02   0.29869E+02   0.27906E+02   0.30909E+00  -0.20152E-01
   0.40425E+02   0.29861E+02   0.27686E+02   0.30474E+00  -0.34026E-01
   0.40775E+02   0.29853E+02   0.27459E+02   0.29921E+00  -0.48415E-01
   0.41125E+02   0.29843E+02   0.27219E+02   0.29341E+00  -0.63995E-01
   0.41475E+02   0.29834E+02   0.26964E+02   0.28862E+00  -0.80643E-01
   0.41825E+02   0.29825E+02   0.26689E+02   0.28588E+00  -0.99283E-01
   0.42175E+02   0.29819E+02   0.26396E+02   0.28498E+00  -0.11915E+00
   0.42525E+02   0.29815E+02   0.26087E+02   0.28626E+00  -0.14089E+00
   0.42875E+02   0.29815E+02   0.25774E+02   0.29002E+00  -0.16377E+00
   0.43225E+02   0.29819E+02   0.25469E+02   0.29628E+00  -0.18791E+00
   0.43575E+02   0.29828E+02   0.25172E+02   0.30577E+00  -0.21452E+00
   0.43925E+02   0.29840E+02   0.24885E+02   0.31863E+00  -0.24394E+00
   0.44275E+02   0.29856E+02   0.24618E+02   0.33496E+00  -0.27597E+00
   0.44625E+02   0.29875E+02   0.24378E+02   0.35461E+00  -0.31101E+00
   0.44975E+02   0.29894E+02   0.24182E+02   0.37783E+00  -0.34804E+00
   0.45325E+02   0.29913E+02   0.24048E+02   0.40477E+00  -0.38615E+00
   0.45675E+02   0.29931E+02   0.23994E+02   0.43576E+00  -0.42376E+00
   0.46025E+02   0.29947E+02   0.24042E+02   0.47076E+00  -0.45808E+00
   0.46375E+02   0.29961E+02   0.24214E+02   0.50911E+00  -0.48664E+00
   0.46725E+02   0.29972E+02   0.24550E+02   0.54990E+00  -0.50520E+00
   0.47075E+02   0.29981E+02   0.25089E+02   0.59158E+00  -0.51110E+00
   0.47425E+02   0.29987E+02   0.25875E+02   0.63199E+00  -0.50134E+00
   0.47775E+02   0.29992E+02   0.26691E+02   0.66834E+00  -0.47493E+00
   0.48125E+02   0.29995E+02   0.27328E+02   0.69751E+00  -0.43406E+00
   0.48475E+02   0.29996E+02   0.27841E+02   0.71713E+00  -0.38291E+00
   0.48825E+02   0.29997E+02   0.28259E+02   0.72446E+00  -0.32619E+00
   0.49175E+02   0.29998E+02   0.28606E+02   0.71797E+00  -0.26721E+00
   0.49525E+02   0.29998E+02   0.28894E+02   0.69808E+00  -0.20813E+00
   0.49875E+02   0.29998E+02   0.29132E+02   0.66622E+00  -0.15076E+00
   0.50225E+02   0.29996E+02   0.29305E+02   0.62478E+00  -0.96748E-01
   0.50575E+02   0.29994E+02   0.29314E+02   0.57777E+00  -0.48196E-01
   0.50925E+02   0.29990E+02   0.29175E+02   0.52935E+00  -0.82668E-02
   0.51275E+02   0.29984E+02   0.29027E+02   0.48308E+00   0.21155E-01
   0.51625E+02   0.29975E+02   0.28915E+02   0.44145E+00   0.38919E-01
   0.51975E+02   0.29963E+02   0.28834E+02   0.40527E+00   0.46740E-01
   0.52325E+02   0.29949E+02   0.28762E+02   0.37493E+00   0.46741E-01
   0.52675E+02   0.29931E+02   0.28678E+02   0.35075E+00   0.41391E-01
   0.53025E+02   0.29914E+02   0.28572E+02   0.33348E+00   0.32106E-01
   0.53375E+02   0.29898E+02   0.28435E+02   0.32269E+00   0.19944E-01
   0.53725E+02   0.29884E+02   0.28269E+02   0.31629E+00   0.63702E-02
   0.54075E+02   0.29874E+02   0.28077E+02   0.31182E+00  -0.83372E-02
   0.54425E+02   0.29866E+02   0.27869E+02   0.30738E+00  -0.22538E-01
   0.54775E+02   0.29857E+02   0.27654E+02   0.30205E+00  -0.36483E-01
   0.55125E+02   0.29848E+02   0.27432E+02   0.29595E+00  -0.51043E-01
   0.55475E+02   0.29838E+02   0.27198E+02   0.29009E+00  -0.66747E-01
   0.55825E+02   0.29829E+02   0.26947E+02   0.28578E+00  -0.84071E-01
   0.56175E+02   0.29820E+02   0.26676E+02   0.28355E+00  -0.10295E+00
   0.56525E+02   0.29814E+02   0.26392E+02   0.28330E+00  -0.12308E+00
   0.56875E+02   0.29812E+02   0.26100E+02   0.28529E+00  -0.14454E+00
   0.57225E+02   0.29813E+02   0.25809E+02   0.28968E+00  -0.16704E+00
   0.57575E+02   0.29818E+02   0.25527E+02   0.29690E+00  -0.19109E+00
   0.57925E+02   0.29828E+02   0.25251E+02   0.30740E+00  -0.21766E+00
   0.58275E+02   0.29842E+02   0.24982E+02   0.32114E+00  -0.24681E+00
   0.58625E+02   0.29859E+02   0.24725E+02   0.33809E+00  -0.27900E+00
   0.58975E+02   0.29878E+02   0.24491E+02   0.35824E+00  -0.31364E+00
   0.59325E+02   0.29897E+02   0.24294E+02   0.38180E+00  -0.35047E+00
   0.59675E+02   0.29916E+02   0.24154E+02   0.40920E+00  -0.38825E+00
   0.60025E+02   0.29934E+02   0.24091E+02   0.44054E+00  -0.42533E+00
   0.60375E+02   0.29949E+02   0.24131E+02   0.47566E+00  -0.45910E+00
   0.60725E+02   0.29963E+02   0.24302E+02   0.51398E+00  -0.48638E+00
   0.61075E+02   0.29973E+02   0.24640E+02   0.55440E+00  -0.50358E+00
   0.61425E+02   0.29982E+02   0.25194E+02   0.59555E+00  -0.50759E+00
   0.61775E+02   0.29988E+02   0.25978E+02   0.63504E+00  -0.49607E+00
   0.62125E+02   0.29992E+02   0.26772E+02   0.67016E+00  -0.46798E+00
   0.62475E+02   0.29995E+02   0.27394E+02   0.69818E+00  -0.42616E+00
   0.62825E+02   0.29996E+02   0.27895E+02   0.71613E+00  -0.37453E+00
   0.63175E+02   0.29997E+02   0.28305E+02   0.72166E+00  -0.31795E+00
   0.63525E+02   0.29998E+02   0.28644E+02   0.71364E+00  -0.25919E+00
   0.63875E+02   0.29998E+02   0.28926E+02   0.69238E+00  -0.20064E+00
   0.64225E+02   0.29997E+02   0.29159E+02   0.65947E+00  -0.14401E+00
   0.64575E+02   0.29996E+02   0.29305E+02   0.61766E+00  -0.90976E-01
   0.64925E+02   0.29993E+02   0.29285E+02   0.57067E+00  -0.43689E-01
   0.65275E+02   0.29989E+02   0.29142E+02   0.52266E+00  -0.51284E-02
   0.65625E+02   0.29983E+02   0.28998E+02   0.47710E+00   0.22660E-01
   0.65975E+02   0.29974E+02   0.28892E+02   0.43630E+00   0.39214E-01
   0.66325E+02   0.29962E+02   0.28813E+02   0.40105E+00   0.45861E-01
   0.66675E+02   0.29946E+02   0.28741E+02   0.37151E+00   0.45351E-01
   0.67025E+02   0.29929E+02   0.28655E+02   0.34832E+00   0.39238E-01
   0.67375E+02   0.29912E+02   0.28544E+02   0.33190E+00   0.29804E-01
   0.67725E+02   0.29896E+02   0.28404E+02   0.32170E+00   0.17549E-01
   0.68075E+02   0.29883E+02   0.28235E+02   0.31565E+00   0.36453E-02
   0.68425E+02   0.29873E+02   0.28040E+02   0.31120E+00  -0.10814E-01
   0.68775E+02   0.29865E+02   0.27830E+02   0.30675E+00  -0.25070E-01
   0.69125E+02   0.29856E+02   0.27612E+02   0.30141E+00  -0.39193E-01
   0.69475E+02   0.29847E+02   0.27387E+02   0.29533E+00  -0.53756E-01
   0.69825E+02   0.29837E+02   0.27148E+02   0.28969E+00  -0.69866E-01
   0.70175E+02   0.29828E+02   0.26892E+02   0.28566E+00  -0.87337E-01
   0.70525E+02   0.29820E+02   0.26617E+02   0.28372E+00  -0.10642E+00
   0.70875E+02   0.29814E+02   0.26326E+02   0.28385E+00  -0.12701E+00
   0.71225E+02   0.29812E+02   0.26029E+02   0.28616E+00  -0.14856E+00
   0.71575E+02   0.29814E+02   0.25733E+02   0.29102E+00  -0.17169E+00
   0.71925E+02   0.29820E+02   0.25446E+02   0.29875E+00  -0.19615E+00
   0.72275E+02   0.29831E+02   0.25166E+02   0.30971E+00  -0.22336E+00
   0.72625E+02   0.29845E+02   0.24894E+02   0.32404E+00  -0.25330E+00
   0.72975E+02   0.29862E+02   0.24638E+02   0.34161E+00  -0.28604E+00
   0.73325E+02   0.29881E+02   0.24410E+02   0.36241E+00  -0.32138E+00
   0.73675E+02   0.29901E+02   0.24225E+02   0.38675E+00  -0.35865E+00
   0.74025E+02   0.29919E+02   0.24104E+02   0.41497E+00  -0.39647E+00
   0.74375E+02   0.29937E+02   0.24065E+02   0.44717E+00  -0.43327E+00
   0.74725E+02   0.29952E+02   0.24135E+02   0.48307E+00  -0.46596E+00
   0.75075E+02   0.29965E+02   0.24341E+02   0.52199E+00  -0.49155E+00
   0.75425E+02   0.29975E+02   0.24723E+02   0.56290E+00  -0.50642E+00
   0.75775E+02   0.29983E+02   0.25334E+02   0.60404E+00  -0.50734E+00
   0.76125E+02   0.29989E+02   0.26127E+02   0.64299E+00  -0.49255E+00
   0.76475E+02   0.29993E+02   0.26885E+02   0.67706E+00  -0.46125E+00
   0.76825E+02   0.29995E+02   0.27486E+02   0.70331E+00  -0.41693E+00
   0.77175E+02   0.29996E+02   0.27972E+02   0.71897E+00  -0.36392E+00
   0.77525E+02   0.29997E+02   0.28370E+02   0.72186E+00  -0.30654E+00
   0.77875E+02   0.29998E+02   0.28699E+02   0.71109E+00  -0.24756E+00
   0.78225E+02   0.29998E+02   0.28972E+02   0.68725E+00  -0.18918E+00
   0.78575E+02   0.29997E+02   0.29198E+02   0.65221E+00  -0.13296E+00
   0.78925E+02   0.29995E+02   0.29314E+02   0.60891E+00  -0.80802E-01
   0.79275E+02   0.29993E+02   0.29256E+02   0.56129E+00  -0.34905E-01
   0.79625E+02   0.29988E+02   0.29108E+02   0.51344E+00   0.16617E-02
   0.79975E+02   0.29981E+02   0.28972E+02   0.46868E+00   0.27152E-01
   0.80325E+02   0.29972E+02   0.28875E+02   0.42889E+00   0.41584E-01
   0.80675E+02   0.29959E+02   0.28801E+02   0.39471E+00   0.46601E-01
   0.81025E+02   0.29943E+02   0.28727E+02   0.36637E+00   0.44748E-01
   0.81375E+02   0.29926E+02   0.28637E+02   0.34446E+00   0.37899E-01
   0.81725E+02   0.29908E+02   0.28521E+02   0.32941E+00   0.27781E-01
   0.82075E+02   0.29893E+02   0.28375E+02   0.32028E+00   0.15034E-01
   0.82425E+02   0.29881E+02   0.28199E+02   0.31474E+00   0.96824E-03
   0.82775E+02   0.29871E+02   0.28000E+02   0.31040E+00  -0.13568E-01
   0.83125E+02   0.29863E+02   0.27788E+02   0.30579E+00  -0.27745E-01
   0.83475E+02   0.29855E+02   0.27568E+02   0.30021E+00  -0.41876E-01
   0.83825E+02   0.29845E+02   0.27340E+02   0.29411E+00  -0.56761E-01
   0.84175E+02   0.29835E+02   0.27096E+02   0.28869E+00  -0.73140E-01
   0.84525E+02   0.29826E+02   0.26835E+02   0.28508E+00  -0.91026E-01
   0.84875E+02   0.29818E+02   0.26554E+02   0.28356E+00  -0.11048E+00
   0.85225E+02   0.29813E+02   0.26259E+02   0.28407E+00  -0.13130E+00
   0.85575E+02   0.29812E+02   0.25958E+02   0.28689E+00  -0.15330E+00
   0.85925E+02   0.29815E+02   0.25661E+02   0.29230E+00  -0.17664E+00
   0.86275E+02   0.29822E+02   0.25372E+02   0.30066E+00  -0.20175E+00
   0.86625E+02   0.29833E+02   0.25090E+02   0.31235E+00  -0.22960E+00
   0.86975E+02   0.29848E+02   0.24819E+02   0.32738E+00  -0.26020E+00
   0.87325E+02   0.29866E+02   0.24567E+02   0.34562E+00  -0.29363E+00
   0.87675E+02   0.29885E+02   0.24348E+02   0.36716E+00  -0.32948E+00
   0.88025E+02   0.29905E+02   0.24176E+02   0.39232E+00  -0.36706E+00
   0.88375E+02   0.29923E+02   0.24073E+02   0.42144E+00  -0.40491E+00
   0.88725E+02   0.29940E+02   0.24058E+02   0.45451E+00  -0.44109E+00
   0.89075E+02   0.29955E+02   0.24157E+02   0.49119E+00  -0.47264E+00
   0.89425E+02   0.29967E+02   0.24400E+02   0.53073E+00  -0.49626E+00
   0.89775E+02   0.29977E+02   0.24828E+02   0.57191E+00  -0.50833E+00
   0.90125E+02   0.29985E+02   0.25502E+02   0.61288E+00  -0.50608E+00
   0.90475E+02   0.29990E+02   0.26308E+02   0.65111E+00  -0.48756E+00
   0.90825E+02   0.29994E+02   0.27028E+02   0.68379E+00  -0.45306E+00
   0.91175E+02   0.29996E+02   0.27603E+02   0.70805E+00  -0.40636E+00
   0.91525E+02   0.29997E+02   0.28069E+02   0.72113E+00  -0.35201E+00
   0.91875E+02   0.29998E+02   0.28451E+02   0.72111E+00  -0.29403E+00
   0.92225E+02   0.29998E+02   0.28768E+02   0.70741E+00  -0.23493E+00
   0.92575E+02   0.29998E+02   0.29028E+02   0.68090E+00  -0.17681E+00
   0.92925E+02   0.29997E+02   0.29247E+02   0.64374E+00  -0.12125E+00
   0.93275E+02   0.29995E+02   0.29332E+02   0.59908E+00  -0.70115E-01
   0.93625E+02   0.29992E+02   0.29237E+02   0.55100E+00  -0.25942E-01
   0.93975E+02   0.29987E+02   0.29084E+02   0.50353E+00   0.83571E-02
   0.94325E+02   0.29980E+02   0.28954E+02   0.45969E+00   0.31411E-01
   0.94675E+02   0.29969E+02   0.28862E+02   0.42107E+00   0.43599E-01
   0.95025E+02   0.29956E+02   0.28789E+02   0.38811E+00   0.46918E-01
   0.95375E+02   0.29939E+02   0.28712E+02   0.36107E+00   0.43808E-01
   0.95725E+02   0.29922E+02   0.28617E+02   0.34062E+00   0.36155E-01
   0.96075E+02   0.29905E+02   0.28495E+02   0.32698E+00   0.25356E-01
   0.96425E+02   0.29890E+02   0.28342E+02   0.31885E+00   0.12245E-01
   0.96775E+02   0.29879E+02   0.28160E+02   0.31378E+00  -0.20555E-02
   0.97125E+02   0.29869E+02   0.27957E+02   0.30948E+00  -0.16554E-01
   0.97475E+02   0.29861E+02   0.27742E+02   0.30467E+00  -0.30668E-01
   0.97825E+02   0.29853E+02   0.27521E+02   0.29891E+00  -0.44898E-01
   0.98175E+02   0.29843E+02   0.27290E+02   0.29279E+00  -0.60045E-01
   0.98525E+02   0.29833E+02   0.27042E+02   0.28770E+00  -0.76782E-01
   0.98875E+02   0.29824E+02   0.26776E+02   0.28455E+00  -0.95014E-01
   0.99225E+02   0.29817E+02   0.26491E+02   0.28345E+00  -0.11477E+00
   0.99575E+02   0.29813E+02   0.26194E+02   0.28443E+00  -0.13590E+00
   0.99925E+02   0.29812E+02   0.25893E+02   0.28777E+00  -0.15815E+00
   0.10027E+03   0.29816E+02   0.25597E+02   0.29378E+00  -0.18180E+00
   0.10062E+03   0.29824E+02   0.25309E+02   0.30283E+00  -0.20749E+00
   0.10097E+03   0.29836E+02   0.25029E+02   0.31524E+00  -0.23589E+00
   0.10132E+03   0.29852E+02   0.24761E+02   0.33099E+00  -0.26717E+00
   0.10167E+03   0.29870E+02   0.24515E+02   0.34991E+00  -0.30113E+00
   0.10202E+03   0.29889E+02   0.24304E+02   0.37219E+00  -0.33744E+00
   0.10237E+03   0.29909E+02   0.24146E+02   0.39820E+00  -0.37527E+00
   0.10272E+03   0.29927E+02   0.24060E+02   0.42817E+00  -0.41292E+00
   0.10307E+03   0.29944E+02   0.24067E+02   0.46208E+00  -0.44841E+00
   0.10342E+03   0.29958E+02   0.24194E+02   0.49946E+00  -0.47859E+00
   0.10377E+03   0.29970E+02   0.24474E+02   0.53948E+00  -0.49998E+00
   0.10412E+03   0.29979E+02   0.24948E+02   0.58082E+00  -0.50925E+00
   0.10447E+03   0.29986E+02   0.25686E+02   0.62143E+00  -0.50359E+00
   0.10482E+03   0.29991E+02   0.26509E+02   0.65872E+00  -0.48148E+00
   0.10517E+03   0.29994E+02   0.27186E+02   0.68986E+00  -0.44400E+00
   0.10552E+03   0.29996E+02   0.27730E+02   0.71194E+00  -0.39517E+00
   0.10587E+03   0.29997E+02   0.28171E+02   0.72235E+00  -0.33980E+00
   0.10622E+03   0.29998E+02   0.28535E+02   0.71938E+00  -0.28132E+00
   0.10657E+03   0.29998E+02   0.28836E+02   0.70280E+00  -0.22229E+00
   0.10692E+03   0.29998E+02   0.29084E+02   0.67379E+00  -0.16460E+00
   0.10727E+03   0.29996E+02   0.29287E+02   0.63468E+00  -0.10977E+00
   0.10762E+03   0.29994E+02   0.29340E+02   0.58891E+00  -0.59902E-01
   0.10797E+03   0.29991E+02   0.29217E+02   0.54063E+00  -0.17595E-01
   0.10832E+03   0.29986E+02   0.29061E+02   0.49372E+00   0.14368E-01
   0.10867E+03   0.29978E+02   0.28937E+02   0.45091E+00   0.34949E-01
   0.10902E+03   0.29967E+02   0.28849E+02   0.41350E+00   0.45052E-01
   0.10937E+03   0.29952E+02   0.28776E+02   0.38178E+00   0.46771E-01
   0.10972E+03   0.29936E+02   0.28696E+02   0.35608E+00   0.42531E-01
   0.11007E+03   0.29918E+02   0.28595E+02   0.33711E+00   0.34148E-01
   0.11042E+03   0.29901E+02   0.28466E+02   0.32482E+00   0.22744E-01
   0.11077E+03   0.29887E+02   0.28307E+02   0.31758E+00   0.93375E-02
   0.11112E+03   0.29876E+02   0.28120E+02   0.31283E+00  -0.50930E-02
   0.11147E+03   0.29868E+02   0.27915E+02   0.30850E+00  -0.19495E-01
   0.11182E+03   0.29859E+02   0.27700E+02   0.30350E+00  -0.33525E-01
   0.11217E+03   0.29851E+02   0.27479E+02   0.29756E+00  -0.47831E-01
   0.11252E+03   0.29841E+02   0.27248E+02   0.29152E+00  -0.63222E-01
   0.11287E+03   0.29831E+02   0.27000E+02   0.28677E+00  -0.80194E-01
   0.11322E+03   0.29822E+02   0.26734E+02   0.28405E+00  -0.98648E-01
   0.11357E+03   0.29816E+02   0.26451E+02   0.28337E+00  -0.11858E+00
   0.11392E+03   0.29812E+02   0.26158E+02   0.28478E+00  -0.13978E+00
   0.11427E+03   0.29813E+02   0.25865E+02   0.28862E+00  -0.16208E+00
   0.11462E+03   0.29817E+02   0.25578E+02   0.29518E+00  -0.18582E+00
   0.11497E+03   0.29826E+02   0.25299E+02   0.30483E+00  -0.21175E+00
   0.11532E+03   0.29839E+02   0.25027E+02   0.31786E+00  -0.24045E+00
   0.11567E+03   0.29855E+02   0.24765E+02   0.33415E+00  -0.27201E+00
   0.11602E+03   0.29873E+02   0.24525E+02   0.35358E+00  -0.30620E+00
   0.11637E+03   0.29893E+02   0.24319E+02   0.37640E+00  -0.34270E+00
   0.11672E+03   0.29912E+02   0.24166E+02   0.40297E+00  -0.38045E+00
   0.11707E+03   0.29930E+02   0.24088E+02   0.43350E+00  -0.41783E+00
   0.11742E+03   0.29946E+02   0.24105E+02   0.46787E+00  -0.45260E+00
   0.11777E+03   0.29960E+02   0.24247E+02   0.50558E+00  -0.48153E+00
   0.11812E+03   0.29971E+02   0.24549E+02   0.54575E+00  -0.50118E+00
   0.11847E+03   0.29980E+02   0.25053E+02   0.58695E+00  -0.50823E+00
   0.11882E+03   0.29987E+02   0.25822E+02   0.62703E+00  -0.50009E+00
   0.11917E+03   0.29991E+02   0.26642E+02   0.66338E+00  -0.47550E+00
   0.11952E+03   0.29994E+02   0.27290E+02   0.69315E+00  -0.43608E+00
   0.11987E+03   0.29996E+02   0.27811E+02   0.71347E+00  -0.38613E+00
   0.12022E+03   0.29997E+02   0.28235E+02   0.72180E+00  -0.33022E+00
   0.12057E+03   0.29998E+02   0.28587E+02   0.71668E+00  -0.27169E+00
   0.12092E+03   0.29998E+02   0.28878E+02   0.69812E+00  -0.21294E+00
   0.12127E+03   0.29998E+02   0.29118E+02   0.66745E+00  -0.15572E+00
   0.12162E+03   0.29996E+02   0.29301E+02   0.62719E+00  -0.10171E+00
   0.12197E+03   0.29994E+02   0.29324E+02   0.58090E+00  -0.52962E-01
   0.12232E+03   0.29990E+02   0.29188E+02   0.53272E+00  -0.12231E-01
   0.12267E+03   0.29985E+02   0.29035E+02   0.48642E+00   0.17901E-01
   0.12302E+03   0.29976E+02   0.28917E+02   0.44448E+00   0.36731E-01
   0.12337E+03   0.29965E+02   0.28833E+02   0.40801E+00   0.45353E-01
   0.12372E+03   0.29950E+02   0.28760E+02   0.37726E+00   0.46012E-01
   0.12407E+03   0.29933E+02   0.28677E+02   0.35262E+00   0.41052E-01
   0.12442E+03   0.29915E+02   0.28572E+02   0.33475E+00   0.32145E-01
   0.12477E+03   0.29899E+02   0.28438E+02   0.32339E+00   0.20408E-01
   0.12512E+03   0.29885E+02   0.28275E+02   0.31669E+00   0.67982E-02
   0.12547E+03   0.29875E+02   0.28085E+02   0.31211E+00  -0.76629E-02
   0.12582E+03   0.29866E+02   0.27878E+02   0.30774E+00  -0.21989E-01
   0.12617E+03   0.29858E+02   0.27662E+02   0.30261E+00  -0.36013E-01
   0.12652E+03   0.29849E+02   0.27440E+02   0.29661E+00  -0.50429E-01
   0.12687E+03   0.29839E+02   0.27207E+02   0.29072E+00  -0.66054E-01
   0.12722E+03   0.29830E+02   0.26957E+02   0.28628E+00  -0.83237E-01
   0.12757E+03   0.29821E+02   0.26688E+02   0.28390E+00  -0.10192E+00
   0.12792E+03   0.29815E+02   0.26404E+02   0.28355E+00  -0.12204E+00
   0.12827E+03   0.29812E+02   0.26112E+02   0.28535E+00  -0.14340E+00
   0.12862E+03   0.29813E+02   0.25820E+02   0.28960E+00  -0.16588E+00
   0.12897E+03   0.29818E+02   0.25536E+02   0.29664E+00  -0.18990E+00
   0.12932E+03   0.29828E+02   0.25259E+02   0.30683E+00  -0.21623E+00
   0.12967E+03   0.29841E+02   0.24989E+02   0.32038E+00  -0.24537E+00
   0.13002E+03   0.29858E+02   0.24730E+02   0.33717E+00  -0.27734E+00
   0.13037E+03   0.29877E+02   0.24494E+02   0.35713E+00  -0.31194E+00
   0.13072E+03   0.29896E+02   0.24296E+02   0.38053E+00  -0.34869E+00
   0.13107E+03   0.29915E+02   0.24153E+02   0.40771E+00  -0.38649E+00
   0.13142E+03   0.29933E+02   0.24088E+02   0.43886E+00  -0.42361E+00
   0.13177E+03   0.29949E+02   0.24123E+02   0.47380E+00  -0.45762E+00
   0.13212E+03   0.29962E+02   0.24287E+02   0.51195E+00  -0.48527E+00
   0.13247E+03   0.29973E+02   0.24618E+02   0.55237E+00  -0.50305E+00
   0.13282E+03   0.29982E+02   0.25160E+02   0.59352E+00  -0.50780E+00
   0.13317E+03   0.29988E+02   0.25944E+02   0.63316E+00  -0.49702E+00
   0.13352E+03   0.29992E+02   0.26746E+02   0.66861E+00  -0.46985E+00
   0.13387E+03   0.29995E+02   0.27373E+02   0.69701E+00  -0.42845E+00
   0.13422E+03   0.29996E+02   0.27877E+02   0.71552E+00  -0.37730E+00
   0.13457E+03   0.29997E+02   0.28289E+02   0.72173E+00  -0.32080E+00
   0.13492E+03   0.29998E+02   0.28631E+02   0.71440E+00  -0.26213E+00
   0.13527E+03   0.29998E+02   0.28915E+02   0.69377E+00  -0.20353E+00
   0.13562E+03   0.29997E+02   0.29149E+02   0.66138E+00  -0.14675E+00
   0.13597E+03   0.29996E+02   0.29306E+02   0.61991E+00  -0.93465E-01
   0.13632E+03   0.29993E+02   0.29296E+02   0.57307E+00  -0.45844E-01
   0.13667E+03   0.29989E+02   0.29153E+02   0.52500E+00  -0.67326E-02
   0.13702E+03   0.29983E+02   0.29007E+02   0.47928E+00   0.21584E-01
   0.13737E+03   0.29974E+02   0.28897E+02   0.43820E+00   0.38637E-01
   0.13772E+03   0.29962E+02   0.28818E+02   0.40265E+00   0.45827E-01
   0.13807E+03   0.29947E+02   0.28745E+02   0.37285E+00   0.45445E-01
   0.13842E+03   0.29930E+02   0.28660E+02   0.34928E+00   0.39748E-01
   0.13877E+03   0.29912E+02   0.28551E+02   0.33253E+00   0.30332E-01
   0.13912E+03   0.29896E+02   0.28413E+02   0.32208E+00   0.18217E-01
   0.13947E+03   0.29884E+02   0.28244E+02   0.31588E+00   0.43952E-02
   0.13982E+03   0.29873E+02   0.28051E+02   0.31143E+00  -0.10086E-01
   0.14017E+03   0.29865E+02   0.27841E+02   0.30698E+00  -0.24369E-01
   0.14052E+03   0.29857E+02   0.27624E+02   0.30169E+00  -0.38407E-01
   0.14087E+03   0.29848E+02   0.27399E+02   0.29563E+00  -0.53005E-01
   0.14122E+03   0.29838E+02   0.27162E+02   0.28991E+00  -0.68922E-01
   0.14157E+03   0.29828E+02   0.26907E+02   0.28580E+00  -0.86382E-01
   0.14192E+03   0.29820E+02   0.26633E+02   0.28377E+00  -0.10538E+00
   0.14227E+03   0.29814E+02   0.26345E+02   0.28377E+00  -0.12578E+00
   0.14262E+03   0.29812E+02   0.26048E+02   0.28596E+00  -0.14742E+00
   0.14297E+03   0.29814E+02   0.25754E+02   0.29068E+00  -0.17024E+00
   0.14332E+03   0.29820E+02   0.25467E+02   0.29824E+00  -0.19472E+00
   0.14367E+03   0.29830E+02   0.25187E+02   0.30903E+00  -0.22165E+00
   0.14402E+03   0.29844E+02   0.24916E+02   0.32318E+00  -0.25143E+00
   0.14437E+03   0.29861E+02   0.24659E+02   0.34056E+00  -0.28401E+00
   0.14472E+03   0.29880E+02   0.24429E+02   0.36115E+00  -0.31916E+00
   0.14507E+03   0.29899E+02   0.24241E+02   0.38527E+00  -0.35629E+00
   0.14542E+03   0.29918E+02   0.24114E+02   0.41325E+00  -0.39418E+00
   0.14577E+03   0.29936E+02   0.24070E+02   0.44520E+00  -0.43098E+00
   0.14612E+03   0.29951E+02   0.24131E+02   0.48088E+00  -0.46408E+00
   0.14647E+03   0.29964E+02   0.24327E+02   0.51963E+00  -0.49014E+00
   0.14682E+03   0.29975E+02   0.24698E+02   0.56043E+00  -0.50566E+00
   0.14717E+03   0.29983E+02   0.25291E+02   0.60158E+00  -0.50760E+00
   0.14752E+03   0.29989E+02   0.26084E+02   0.64072E+00  -0.49362E+00
   0.14787E+03   0.29993E+02   0.26853E+02   0.67512E+00  -0.46338E+00
   0.14822E+03   0.29995E+02   0.27459E+02   0.70189E+00  -0.41965E+00
   0.14857E+03   0.29996E+02   0.27949E+02   0.71823E+00  -0.36710E+00
   0.14892E+03   0.29997E+02   0.28350E+02   0.72191E+00  -0.30989E+00
   0.14927E+03   0.29998E+02   0.28683E+02   0.71194E+00  -0.25097E+00
   0.14962E+03   0.29998E+02   0.28958E+02   0.68884E+00  -0.19252E+00
   0.14997E+03   0.29997E+02   0.29186E+02   0.65441E+00  -0.13619E+00
   0.15032E+03   0.29995E+02   0.29312E+02   0.61152E+00  -0.83713E-01
   0.15067E+03   0.29993E+02   0.29265E+02   0.56405E+00  -0.37450E-01
   0.15102E+03   0.29989E+02   0.29118E+02   0.51614E+00  -0.24219E-03
   0.15137E+03   0.29982E+02   0.28979E+02   0.47114E+00   0.25904E-01
   0.15172E+03   0.29972E+02   0.28879E+02   0.43104E+00   0.40928E-01
   0.15207E+03   0.29960E+02   0.28804E+02   0.39654E+00   0.46478E-01
   0.15242E+03   0.29944E+02   0.28731E+02   0.36785E+00   0.44901E-01
   0.15277E+03   0.29927E+02   0.28643E+02   0.34556E+00   0.38381E-01
   0.15312E+03   0.29909E+02   0.28528E+02   0.33011E+00   0.28347E-01
   0.15347E+03   0.29894E+02   0.28384E+02   0.32068E+00   0.15795E-01
   0.15382E+03   0.29881E+02   0.28209E+02   0.31500E+00   0.17394E-02
   0.15417E+03   0.29872E+02   0.28011E+02   0.31065E+00  -0.12781E-01
   0.15452E+03   0.29863E+02   0.27799E+02   0.30607E+00  -0.27004E-01
   0.15487E+03   0.29855E+02   0.27579E+02   0.30058E+00  -0.41111E-01
   0.15522E+03   0.29846E+02   0.27350E+02   0.29447E+00  -0.55970E-01
   0.15557E+03   0.29836E+02   0.27108E+02   0.28898E+00  -0.72239E-01
   0.15592E+03   0.29826E+02   0.26846E+02   0.28526E+00  -0.90083E-01
   0.15627E+03   0.29819E+02   0.26566E+02   0.28362E+00  -0.10945E+00
   0.15662E+03   0.29814E+02   0.26270E+02   0.28403E+00  -0.13023E+00
   0.15697E+03   0.29812E+02   0.25968E+02   0.28672E+00  -0.15223E+00
   0.15732E+03   0.29815E+02   0.25669E+02   0.29198E+00  -0.17548E+00
   0.15767E+03   0.29821E+02   0.25379E+02   0.30019E+00  -0.20058E+00
   0.15802E+03   0.29833E+02   0.25096E+02   0.31169E+00  -0.22827E+00
   0.15837E+03   0.29847E+02   0.24823E+02   0.32656E+00  -0.25881E+00
   0.15872E+03   0.29865E+02   0.24570E+02   0.34465E+00  -0.29212E+00
   0.15907E+03   0.29884E+02   0.24348E+02   0.36603E+00  -0.32791E+00
   0.15942E+03   0.29904E+02   0.24175E+02   0.39104E+00  -0.36546E+00
   0.15977E+03   0.29922E+02   0.24069E+02   0.41997E+00  -0.40337E+00
   0.16012E+03   0.29939E+02   0.24051E+02   0.45289E+00  -0.43967E+00
   0.16047E+03   0.29954E+02   0.24145E+02   0.48944E+00  -0.47156E+00
   0.16082E+03   0.29967E+02   0.24382E+02   0.52889E+00  -0.49558E+00
   0.16117E+03   0.29977E+02   0.24802E+02   0.57008E+00  -0.50828E+00
   0.16152E+03   0.29984E+02   0.25463E+02   0.61114E+00  -0.50674E+00
   0.16187E+03   0.29990E+02   0.26269E+02   0.64958E+00  -0.48893E+00
   0.16222E+03   0.29993E+02   0.26997E+02   0.68261E+00  -0.45513E+00
   0.16257E+03   0.29995E+02   0.27577E+02   0.70733E+00  -0.40880E+00
   0.16292E+03   0.29997E+02   0.28047E+02   0.72098E+00  -0.35473E+00
   0.16327E+03   0.29998E+02   0.28433E+02   0.72159E+00  -0.29678E+00
   0.16362E+03   0.29998E+02   0.28753E+02   0.70849E+00  -0.23767E+00
   0.16397E+03   0.29998E+02   0.29016E+02   0.68252E+00  -0.17945E+00
   0.16432E+03   0.29997E+02   0.29236E+02   0.64575E+00  -0.12371E+00
   0.16467E+03   0.29995E+02   0.29328E+02   0.60133E+00  -0.72285E-01
   0.16502E+03   0.29992E+02   0.29241E+02   0.55329E+00  -0.27739E-01
   0.16537E+03   0.29987E+02   0.29089E+02   0.50570E+00   0.71035E-02
   0.16572E+03   0.29980E+02   0.28958E+02   0.46164E+00   0.30656E-01
   0.16607E+03   0.29970E+02   0.28865E+02   0.42275E+00   0.43321E-01
   0.16642E+03   0.29956E+02   0.28792E+02   0.38951E+00   0.47002E-01
   0.16677E+03   0.29940E+02   0.28717E+02   0.36218E+00   0.44108E-01
   0.16712E+03   0.29923E+02   0.28623E+02   0.34141E+00   0.36656E-01
   0.16747E+03   0.29905E+02   0.28501E+02   0.32748E+00   0.25941E-01
   0.16782E+03   0.29891E+02   0.28350E+02   0.31916E+00   0.12922E-01
   0.16817E+03   0.29879E+02   0.28169E+02   0.31399E+00  -0.13676E-02
   0.16852E+03   0.29870E+02   0.27966E+02   0.30969E+00  -0.15876E-01
   0.16887E+03   0.29862E+02   0.27751E+02   0.30492E+00  -0.30032E-01
   0.16922E+03   0.29853E+02   0.27529E+02   0.29920E+00  -0.44228E-01
   0.16957E+03   0.29844E+02   0.27298E+02   0.29307E+00  -0.59377E-01
   0.16992E+03   0.29834E+02   0.27051E+02   0.28790E+00  -0.76034E-01
   0.17027E+03   0.29824E+02   0.26784E+02   0.28466E+00  -0.94252E-01
   0.17062E+03   0.29817E+02   0.26498E+02   0.28347E+00  -0.11399E+00
   0.17097E+03   0.29813E+02   0.26199E+02   0.28436E+00  -0.13510E+00
   0.17132E+03   0.29812E+02   0.25896E+02   0.28760E+00  -0.15738E+00
   0.17167E+03   0.29816E+02   0.25597E+02   0.29350E+00  -0.18102E+00
   0.17202E+03   0.29823E+02   0.25307E+02   0.30242E+00  -0.20668E+00
   0.17237E+03   0.29835E+02   0.25025E+02   0.31471E+00  -0.23505E+00
   0.17272E+03   0.29851E+02   0.24755E+02   0.33035E+00  -0.26629E+00
   0.17307E+03   0.29869E+02   0.24507E+02   0.34918E+00  -0.30022E+00
   0.17342E+03   0.29889E+02   0.24296E+02   0.37136E+00  -0.33654E+00
   0.17377E+03   0.29908E+02   0.24137E+02   0.39726E+00  -0.37434E+00
   0.17412E+03   0.29926E+02   0.24050E+02   0.42714E+00  -0.41210E+00
   0.17447E+03   0.29943E+02   0.24057E+02   0.46097E+00  -0.44770E+00
   0.17482E+03   0.29957E+02   0.24181E+02   0.49830E+00  -0.47812E+00
   0.17517E+03   0.29969E+02   0.24458E+02   0.53830E+00  -0.49985E+00
   0.17552E+03   0.29979E+02   0.24927E+02   0.57968E+00  -0.50952E+00
   0.17587E+03   0.29986E+02   0.25658E+02   0.62041E+00  -0.50435E+00
   0.17622E+03   0.29991E+02   0.26481E+02   0.65789E+00  -0.48270E+00
   0.17657E+03   0.29994E+02   0.27164E+02   0.68930E+00  -0.44558E+00
   0.17692E+03   0.29996E+02   0.27712E+02   0.71173E+00  -0.39699E+00
   0.17727E+03   0.29997E+02   0.28157E+02   0.72253E+00  -0.34168E+00
   0.17762E+03   0.29998E+02   0.28524E+02   0.71997E+00  -0.28321E+00
   0.17797E+03   0.29998E+02   0.28827E+02   0.70377E+00  -0.22412E+00
   0.17832E+03   0.29998E+02   0.29076E+02   0.67507E+00  -0.16630E+00
   0.17867E+03   0.29997E+02   0.29283E+02   0.63618E+00  -0.11134E+00
   0.17902E+03   0.29994E+02   0.29340E+02   0.59050E+00  -0.61209E-01
   0.17937E+03   0.29991E+02   0.29221E+02   0.54220E+00  -0.18624E-01
   0.17972E+03   0.29986E+02   0.29065E+02   0.49516E+00   0.13702E-01
   0.18007E+03   0.29978E+02   0.28940E+02   0.45218E+00   0.34635E-01
   0.18042E+03   0.29967E+02   0.28852E+02   0.41458E+00   0.45012E-01
   0.18077E+03   0.29953E+02   0.28779E+02   0.38267E+00   0.46953E-01
   0.18112E+03   0.29936E+02   0.28700E+02   0.35677E+00   0.42850E-01
   0.18147E+03   0.29918E+02   0.28600E+02   0.33759E+00   0.34553E-01
   0.18182E+03   0.29902E+02   0.28471E+02   0.32511E+00   0.23234E-01
   0.18217E+03   0.29888E+02   0.28313E+02   0.31776E+00   0.98394E-02
   0.18252E+03   0.29877E+02   0.28127E+02   0.31297E+00  -0.45711E-02
   0.18287E+03   0.29868E+02   0.27922E+02   0.30865E+00  -0.18992E-01
   0.18322E+03   0.29860E+02   0.27707E+02   0.30367E+00  -0.33046E-01
   0.18357E+03   0.29851E+02   0.27486E+02   0.29774E+00  -0.47315E-01
   0.18392E+03   0.29841E+02   0.27255E+02   0.29168E+00  -0.62703E-01
   0.18427E+03   0.29831E+02   0.27007E+02   0.28687E+00  -0.79620E-01
   0.18462E+03   0.29822E+02   0.26741E+02   0.28409E+00  -0.98064E-01
   0.18497E+03   0.29816E+02   0.26457E+02   0.28334E+00  -0.11797E+00
   0.18532E+03   0.29812E+02   0.26163E+02   0.28468E+00  -0.13916E+00
   0.18567E+03   0.29812E+02   0.25869E+02   0.28845E+00  -0.16147E+00
   0.18602E+03   0.29817E+02   0.25580E+02   0.29492E+00  -0.18519E+00
   0.18637E+03   0.29825E+02   0.25300E+02   0.30449E+00  -0.21109E+00
   0.18672E+03   0.29838E+02   0.25026E+02   0.31742E+00  -0.23976E+00
   0.18707E+03   0.29854E+02   0.24763E+02   0.33363E+00  -0.27127E+00
   0.18742E+03   0.29873E+02   0.24522E+02   0.35300E+00  -0.30544E+00
   0.18777E+03   0.29892E+02   0.24315E+02   0.37574E+00  -0.34191E+00
   0.18812E+03   0.29911E+02   0.24162E+02   0.40222E+00  -0.37968E+00
   0.18847E+03   0.29929E+02   0.24082E+02   0.43267E+00  -0.41713E+00
   0.18882E+03   0.29946E+02   0.24099E+02   0.46698E+00  -0.45199E+00
   0.18917E+03   0.29960E+02   0.24238E+02   0.50465E+00  -0.48115E+00
   0.18952E+03   0.29971E+02   0.24537E+02   0.54481E+00  -0.50106E+00
   0.18987E+03   0.29980E+02   0.25036E+02   0.58603E+00  -0.50845E+00
   0.19022E+03   0.29987E+02   0.25802E+02   0.62621E+00  -0.50070E+00
   0.19057E+03   0.29991E+02   0.26623E+02   0.66271E+00  -0.47648E+00
   0.19092E+03   0.29994E+02   0.27275E+02   0.69270E+00  -0.43734E+00
   0.19127E+03   0.29996E+02   0.27800E+02   0.71330E+00  -0.38755E+00
   0.19162E+03   0.29997E+02   0.28226E+02   0.72195E+00  -0.33170E+00
   0.19197E+03   0.29998E+02   0.28579E+02   0.71716E+00  -0.27318E+00
   0.19232E+03   0.29998E+02   0.28872E+02   0.69888E+00  -0.21436E+00
   0.19267E+03   0.29998E+02   0.29113E+02   0.66847E+00  -0.15707E+00
   0.19302E+03   0.29996E+02   0.29300E+02   0.62837E+00  -0.10293E+00
   0.19337E+03   0.29994E+02   0.29328E+02   0.58214E+00  -0.53986E-01
   0.19372E+03   0.29990E+02   0.29193E+02   0.53394E+00  -0.13025E-01
   0.19407E+03   0.29985E+02   0.29039E+02   0.48753E+00   0.17407E-01
   0.19442E+03   0.29976E+02   0.28921E+02   0.44546E+00   0.36494E-01
   0.19477E+03   0.29965E+02   0.28836E+02   0.40884E+00   0.45338E-01
   0.19512E+03   0.29950E+02   0.28763E+02   0.37794E+00   0.46160E-01
   0.19547E+03   0.29933E+02   0.28680E+02   0.35314E+00   0.41297E-01
   0.19582E+03   0.29916E+02   0.28576E+02   0.33510E+00   0.32472E-01
   0.19617E+03   0.29899E+02   0.28443E+02   0.32360E+00   0.20789E-01
   0.19652E+03   0.29886E+02   0.28280E+02   0.31682E+00   0.71970E-02
   0.19687E+03   0.29875E+02   0.28091E+02   0.31222E+00  -0.72469E-02
   0.19722E+03   0.29866E+02   0.27884E+02   0.30786E+00  -0.21594E-01
   0.19757E+03   0.29858E+02   0.27669E+02   0.30274E+00  -0.35614E-01
   0.19792E+03   0.29849E+02   0.27447E+02   0.29675E+00  -0.50001E-01
   0.19827E+03   0.29840E+02   0.27214E+02   0.29083E+00  -0.65600E-01
   0.19862E+03   0.29830E+02   0.26964E+02   0.28634E+00  -0.82732E-01
   0.19897E+03   0.29821E+02   0.26696E+02   0.28391E+00  -0.10138E+00
   0.19932E+03   0.29815E+02   0.26413E+02   0.28351E+00  -0.12146E+00
   0.19967E+03   0.29812E+02   0.26121E+02   0.28524E+00  -0.14278E+00
   0.20002E+03   0.29813E+02   0.25829E+02   0.28943E+00  -0.16523E+00
   0.20037E+03   0.29818E+02   0.25545E+02   0.29639E+00  -0.18918E+00
   0.20072E+03   0.29827E+02   0.25268E+02   0.30649E+00  -0.21543E+00
   0.20107E+03   0.29841E+02   0.24998E+02   0.31995E+00  -0.24449E+00
   0.20142E+03   0.29857E+02   0.24739E+02   0.33665E+00  -0.27637E+00
   0.20177E+03   0.29876E+02   0.24503E+02   0.35652E+00  -0.31089E+00
   0.20212E+03   0.29895E+02   0.24302E+02   0.37981E+00  -0.34759E+00
   0.20247E+03   0.29914E+02   0.24158E+02   0.40689E+00  -0.38537E+00
   0.20282E+03   0.29932E+02   0.24089E+02   0.43792E+00  -0.42254E+00
   0.20317E+03   0.29948E+02   0.24121E+02   0.47275E+00  -0.45668E+00
   0.20352E+03   0.29962E+02   0.24281E+02   0.51082E+00  -0.48456E+00
   0.20387E+03   0.29973E+02   0.24606E+02   0.55119E+00  -0.50267E+00
   0.20422E+03   0.29981E+02   0.25141E+02   0.59234E+00  -0.50782E+00
   0.20457E+03   0.29988E+02   0.25924E+02   0.63205E+00  -0.49752E+00
   0.20492E+03   0.29992E+02   0.26730E+02   0.66765E+00  -0.47081E+00
   0.20527E+03   0.29994E+02   0.27360E+02   0.69629E+00  -0.42976E+00
   0.20562E+03   0.29996E+02   0.27866E+02   0.71512E+00  -0.37883E+00
   0.20597E+03   0.29997E+02   0.28280E+02   0.72171E+00  -0.32244E+00
   0.20632E+03   0.29998E+02   0.28624E+02   0.71477E+00  -0.26380E+00
   0.20667E+03   0.29998E+02   0.28908E+02   0.69450E+00  -0.20517E+00
   0.20702E+03   0.29997E+02   0.29144E+02   0.66242E+00  -0.14833E+00
   0.20737E+03   0.29996E+02   0.29305E+02   0.62117E+00  -0.94921E-01
   0.20772E+03   0.29993E+02   0.29301E+02   0.57442E+00  -0.47103E-01
   0.20807E+03   0.29990E+02   0.29159E+02   0.52633E+00  -0.77060E-02
   0.20842E+03   0.29984E+02   0.29011E+02   0.48052E+00   0.20926E-01
   0.20877E+03   0.29975E+02   0.28901E+02   0.43929E+00   0.38292E-01
   0.20912E+03   0.29963E+02   0.28820E+02   0.40358E+00   0.45728E-01
   0.20947E+03   0.29948E+02   0.28748E+02   0.37361E+00   0.45528E-01
   0.20982E+03   0.29931E+02   0.28663E+02   0.34986E+00   0.39962E-01
   0.21017E+03   0.29913E+02   0.28555E+02   0.33291E+00   0.30631E-01
   0.21052E+03   0.29897E+02   0.28417E+02   0.32230E+00   0.18589E-01
   0.21087E+03   0.29884E+02   0.28249E+02   0.31602E+00   0.48000E-02
   0.21122E+03   0.29874E+02   0.28056E+02   0.31155E+00  -0.96766E-02
   0.21157E+03   0.29865E+02   0.27847E+02   0.30712E+00  -0.23965E-01
   0.21192E+03   0.29857E+02   0.27630E+02   0.30185E+00  -0.38002E-01
   0.21227E+03   0.29848E+02   0.27406E+02   0.29581E+00  -0.52564E-01
   0.21262E+03   0.29838E+02   0.27170E+02   0.29005E+00  -0.68427E-01
   0.21297E+03   0.29828E+02   0.26916E+02   0.28589E+00  -0.85841E-01
   0.21332E+03   0.29820E+02   0.26643E+02   0.28379E+00  -0.10477E+00
   0.21367E+03   0.29815E+02   0.26355E+02   0.28373E+00  -0.12513E+00
   0.21402E+03   0.29812E+02   0.26060E+02   0.28586E+00  -0.14672E+00
   0.21437E+03   0.29814E+02   0.25766E+02   0.29049E+00  -0.16948E+00
   0.21472E+03   0.29819E+02   0.25479E+02   0.29796E+00  -0.19387E+00
   0.21507E+03   0.29830E+02   0.25200E+02   0.30864E+00  -0.22070E+00
   0.21542E+03   0.29844E+02   0.24929E+02   0.32269E+00  -0.25037E+00
   0.21577E+03   0.29861E+02   0.24672E+02   0.33996E+00  -0.28284E+00
   0.21612E+03   0.29879E+02   0.24441E+02   0.36045E+00  -0.31789E+00
   0.21647E+03   0.29899E+02   0.24251E+02   0.38444E+00  -0.35497E+00
   0.21682E+03   0.29918E+02   0.24121E+02   0.41227E+00  -0.39284E+00
   0.21717E+03   0.29935E+02   0.24073E+02   0.44409E+00  -0.42970E+00
   0.21752E+03   0.29951E+02   0.24129E+02   0.47963E+00  -0.46296E+00
   0.21787E+03   0.29964E+02   0.24320E+02   0.51829E+00  -0.48931E+00
   0.21822E+03   0.29974E+02   0.24683E+02   0.55902E+00  -0.50524E+00
   0.21857E+03   0.29983E+02   0.25268E+02   0.60017E+00  -0.50766E+00
   0.21892E+03   0.29989E+02   0.26059E+02   0.63941E+00  -0.49425E+00
   0.21927E+03   0.29992E+02   0.26834E+02   0.67400E+00  -0.46454E+00
   0.21962E+03   0.29995E+02   0.27444E+02   0.70106E+00  -0.42120E+00
   0.21997E+03   0.29996E+02   0.27936E+02   0.71778E+00  -0.36889E+00
   0.22032E+03   0.29997E+02   0.28339E+02   0.72191E+00  -0.31180E+00
   0.22067E+03   0.29998E+02   0.28673E+02   0.71240E+00  -0.25292E+00
   0.22102E+03   0.29998E+02   0.28950E+02   0.68973E+00  -0.19444E+00
   0.22137E+03   0.29997E+02   0.29180E+02   0.65564E+00  -0.13803E+00
   0.22172E+03   0.29995E+02   0.29310E+02   0.61299E+00  -0.85406E-01
   0.22207E+03   0.29993E+02   0.29269E+02   0.56563E+00  -0.38898E-01
   0.22242E+03   0.29989E+02   0.29123E+02   0.51768E+00  -0.13530E-02
   0.22277E+03   0.29982E+02   0.28984E+02   0.47255E+00   0.25170E-01
   0.22312E+03   0.29973E+02   0.28882E+02   0.43228E+00   0.40551E-01
   0.22347E+03   0.29960E+02   0.28806E+02   0.39759E+00   0.46375E-01
   0.22382E+03   0.29945E+02   0.28734E+02   0.36871E+00   0.45007E-01
   0.22417E+03   0.29927E+02   0.28646E+02   0.34619E+00   0.38625E-01
   0.22452E+03   0.29910E+02   0.28532E+02   0.33052E+00   0.28694E-01
   0.22487E+03   0.29894E+02   0.28389E+02   0.32092E+00   0.16222E-01
   0.22522E+03   0.29882E+02   0.28215E+02   0.31515E+00   0.21975E-02
   0.22557E+03   0.29872E+02   0.28018E+02   0.31079E+00  -0.12312E-01
   0.22592E+03   0.29864E+02   0.27806E+02   0.30623E+00  -0.26547E-01
   0.22627E+03   0.29855E+02   0.27587E+02   0.30077E+00  -0.40643E-01
   0.22662E+03   0.29846E+02   0.27359E+02   0.29467E+00  -0.55452E-01
   0.22697E+03   0.29836E+02   0.27117E+02   0.28914E+00  -0.71663E-01
   0.22732E+03   0.29827E+02   0.26857E+02   0.28535E+00  -0.89441E-01
   0.22767E+03   0.29819E+02   0.26577E+02   0.28364E+00  -0.10874E+00
   0.22802E+03   0.29814E+02   0.26283E+02   0.28398E+00  -0.12947E+00
   0.22837E+03   0.29812E+02   0.25982E+02   0.28658E+00  -0.15140E+00
   0.22872E+03   0.29815E+02   0.25684E+02   0.29175E+00  -0.17458E+00
   0.22907E+03   0.29821E+02   0.25393E+02   0.29984E+00  -0.19958E+00
   0.22942E+03   0.29832E+02   0.25110E+02   0.31122E+00  -0.22713E+00
   0.22977E+03   0.29847E+02   0.24838E+02   0.32597E+00  -0.25756E+00
   0.23012E+03   0.29864E+02   0.24584E+02   0.34394E+00  -0.29075E+00
   0.23047E+03   0.29883E+02   0.24361E+02   0.36519E+00  -0.32644E+00
   0.23082E+03   0.29903E+02   0.24185E+02   0.39004E+00  -0.36392E+00
   0.23117E+03   0.29922E+02   0.24076E+02   0.41881E+00  -0.40184E+00
   0.23152E+03   0.29939E+02   0.24053E+02   0.45157E+00  -0.43824E+00
   0.23187E+03   0.29954E+02   0.24142E+02   0.48798E+00  -0.47034E+00
   0.23222E+03   0.29966E+02   0.24372E+02   0.52732E+00  -0.49472E+00
   0.23257E+03   0.29976E+02   0.24783E+02   0.56845E+00  -0.50792E+00
   0.23292E+03   0.29984E+02   0.25432E+02   0.60954E+00  -0.50697E+00
   0.23327E+03   0.29990E+02   0.26236E+02   0.64811E+00  -0.48981E+00
   0.23362E+03   0.29993E+02   0.26970E+02   0.68139E+00  -0.45660E+00
   0.23397E+03   0.29995E+02   0.27556E+02   0.70646E+00  -0.41069E+00
   0.23432E+03   0.29997E+02   0.28029E+02   0.72058E+00  -0.35686E+00
   0.23467E+03   0.29998E+02   0.28418E+02   0.72171E+00  -0.29902E+00
   0.23502E+03   0.29998E+02   0.28740E+02   0.70914E+00  -0.23993E+00
   0.23537E+03   0.29998E+02   0.29005E+02   0.68365E+00  -0.18166E+00
   0.23572E+03   0.29997E+02   0.29228E+02   0.64726E+00  -0.12581E+00
   0.23607E+03   0.29995E+02   0.29325E+02   0.60308E+00  -0.74195E-01
   0.23642E+03   0.29992E+02   0.29244E+02   0.55513E+00  -0.29346E-01
   0.23677E+03   0.29988E+02   0.29093E+02   0.50746E+00   0.59066E-02
   0.23712E+03   0.29980E+02   0.28961E+02   0.46323E+00   0.29897E-01
   0.23747E+03   0.29970E+02   0.28867E+02   0.42414E+00   0.42958E-01
   0.23782E+03   0.29957E+02   0.28794E+02   0.39068E+00   0.46944E-01
   0.23817E+03   0.29941E+02   0.28719E+02   0.36312E+00   0.44266E-01
   0.23852E+03   0.29923E+02   0.28626E+02   0.34209E+00   0.36966E-01
   0.23887E+03   0.29906E+02   0.28506E+02   0.32791E+00   0.26359E-01
   0.23922E+03   0.29891E+02   0.28355E+02   0.31941E+00   0.13415E-01
   0.23957E+03   0.29879E+02   0.28176E+02   0.31416E+00  -0.84356E-03
   0.23992E+03   0.29870E+02   0.27974E+02   0.30986E+00  -0.15358E-01
   0.24027E+03   0.29862E+02   0.27759E+02   0.30512E+00  -0.29529E-01
   0.24062E+03   0.29853E+02   0.27537E+02   0.29944E+00  -0.43712E-01
   0.24097E+03   0.29844E+02   0.27306E+02   0.29331E+00  -0.58817E-01
   0.24132E+03   0.29834E+02   0.27059E+02   0.28808E+00  -0.75415E-01
   0.24167E+03   0.29825E+02   0.26793E+02   0.28476E+00  -0.93583E-01
   0.24202E+03   0.29817E+02   0.26507E+02   0.28350E+00  -0.11327E+00
   0.24237E+03   0.29813E+02   0.26208E+02   0.28431E+00  -0.13434E+00
   0.24272E+03   0.29812E+02   0.25904E+02   0.28746E+00  -0.15660E+00
   0.24307E+03   0.29816E+02   0.25605E+02   0.29325E+00  -0.18019E+00
   0.24342E+03   0.29823E+02   0.25314E+02   0.30206E+00  -0.20578E+00
   0.24377E+03   0.29835E+02   0.25031E+02   0.31423E+00  -0.23407E+00
   0.24412E+03   0.29851E+02   0.24761E+02   0.32975E+00  -0.26521E+00
   0.24447E+03   0.29869E+02   0.24512E+02   0.34847E+00  -0.29907E+00
   0.24482E+03   0.29888E+02   0.24299E+02   0.37054E+00  -0.33532E+00
   0.24517E+03   0.29907E+02   0.24139E+02   0.39631E+00  -0.37310E+00
   0.24552E+03   0.29926E+02   0.24050E+02   0.42606E+00  -0.41091E+00
   0.24587E+03   0.29942E+02   0.24053E+02   0.45976E+00  -0.44662E+00
   0.24622E+03   0.29957E+02   0.24174E+02   0.49699E+00  -0.47729E+00
   0.24657E+03   0.29969E+02   0.24445E+02   0.53693E+00  -0.49937E+00
   0.24692E+03   0.29979E+02   0.24907E+02   0.57831E+00  -0.50949E+00
   0.24727E+03   0.29986E+02   0.25629E+02   0.61911E+00  -0.50486E+00
   0.24762E+03   0.29991E+02   0.26449E+02   0.65676E+00  -0.48376E+00
   0.24797E+03   0.29994E+02   0.27139E+02   0.68843E+00  -0.44709E+00
   0.24832E+03   0.29996E+02   0.27693E+02   0.71120E+00  -0.39880E+00
   0.24867E+03   0.29997E+02   0.28142E+02   0.72243E+00  -0.34364E+00
   0.24902E+03   0.29998E+02   0.28511E+02   0.72034E+00  -0.28523E+00
   0.24937E+03   0.29998E+02   0.28817E+02   0.70458E+00  -0.22611E+00
   0.24972E+03   0.29998E+02   0.29068E+02   0.67626E+00  -0.16821E+00
   0.25007E+03   0.29997E+02   0.29278E+02   0.63765E+00  -0.11312E+00
   0.25042E+03   0.29995E+02   0.29340E+02   0.59214E+00  -0.62773E-01
   0.25077E+03   0.29991E+02   0.29225E+02   0.54384E+00  -0.19884E-01
   0.25112E+03   0.29986E+02   0.29069E+02   0.49671E+00   0.12821E-01
   0.25147E+03   0.29978E+02   0.28943E+02   0.45356E+00   0.34132E-01
   0.25182E+03   0.29967E+02   0.28854E+02   0.41576E+00   0.44837E-01
   0.25217E+03   0.29953E+02   0.28781E+02   0.38365E+00   0.47019E-01
   0.25252E+03   0.29937E+02   0.28703E+02   0.35754E+00   0.43084E-01
   0.25287E+03   0.29919E+02   0.28603E+02   0.33812E+00   0.34905E-01
   0.25322E+03   0.29902E+02   0.28476E+02   0.32544E+00   0.23666E-01
   0.25357E+03   0.29888E+02   0.28319E+02   0.31796E+00   0.10319E-01
   0.25392E+03   0.29877E+02   0.28134E+02   0.31312E+00  -0.40806E-02
   0.25427E+03   0.29868E+02   0.27929E+02   0.30881E+00  -0.18519E-01
   0.25462E+03   0.29860E+02   0.27714E+02   0.30386E+00  -0.32585E-01
   0.25497E+03   0.29851E+02   0.27493E+02   0.29796E+00  -0.46842E-01
   0.25532E+03   0.29842E+02   0.27261E+02   0.29188E+00  -0.62195E-01
   0.25567E+03   0.29832E+02   0.27013E+02   0.28701E+00  -0.79077E-01
   0.25602E+03   0.29823E+02   0.26747E+02   0.28416E+00  -0.97495E-01
   0.25637E+03   0.29816E+02   0.26463E+02   0.28334E+00  -0.11738E+00
   0.25672E+03   0.29812E+02   0.26168E+02   0.28462E+00  -0.13856E+00
   0.25707E+03   0.29812E+02   0.25872E+02   0.28831E+00  -0.16087E+00
   0.25742E+03   0.29817E+02   0.25582E+02   0.29470E+00  -0.18459E+00
   0.25777E+03   0.29825E+02   0.25299E+02   0.30417E+00  -0.21046E+00
   0.25812E+03   0.29838E+02   0.25024E+02   0.31701E+00  -0.23910E+00
   0.25847E+03   0.29854E+02   0.24760E+02   0.33314E+00  -0.27058E+00
   0.25882E+03   0.29872E+02   0.24518E+02   0.35243E+00  -0.30473E+00
   0.25917E+03   0.29892E+02   0.24311E+02   0.37509E+00  -0.34118E+00
   0.25952E+03   0.29911E+02   0.24157E+02   0.40150E+00  -0.37896E+00
   0.25987E+03   0.29929E+02   0.24076E+02   0.43188E+00  -0.41646E+00
   0.26022E+03   0.29945E+02   0.24092E+02   0.46613E+00  -0.45144E+00
   0.26057E+03   0.29959E+02   0.24229E+02   0.50376E+00  -0.48079E+00
   0.26092E+03   0.29971E+02   0.24525E+02   0.54390E+00  -0.50096E+00
   0.26127E+03   0.29980E+02   0.25020E+02   0.58516E+00  -0.50869E+00
   0.26162E+03   0.29987E+02   0.25782E+02   0.62543E+00  -0.50129E+00
   0.26197E+03   0.29991E+02   0.26604E+02   0.66208E+00  -0.47743E+00
   0.26232E+03   0.29994E+02   0.27261E+02   0.69228E+00  -0.43856E+00
   0.26267E+03   0.29996E+02   0.27788E+02   0.71314E+00  -0.38892E+00
   0.26302E+03   0.29997E+02   0.28217E+02   0.72210E+00  -0.33313E+00
   0.26337E+03   0.29998E+02   0.28572E+02   0.71762E+00  -0.27461E+00
   0.26372E+03   0.29998E+02   0.28866E+02   0.69963E+00  -0.21574E+00
   0.26407E+03   0.29998E+02   0.29108E+02   0.66945E+00  -0.15836E+00
   0.26442E+03   0.29996E+02   0.29299E+02   0.62951E+00  -0.10410E+00
   0.26477E+03   0.29994E+02   0.29331E+02   0.58334E+00  -0.54974E-01
   0.26512E+03   0.29990E+02   0.29198E+02   0.53512E+00  -0.13775E-01
   0.26547E+03   0.29985E+02   0.29043E+02   0.48861E+00   0.16929E-01
   0.26582E+03   0.29977E+02   0.28924E+02   0.44640E+00   0.36272E-01
   0.26617E+03   0.29965E+02   0.28838E+02   0.40964E+00   0.45329E-01
   0.26652E+03   0.29951E+02   0.28765E+02   0.37860E+00   0.46303E-01
   0.26687E+03   0.29934E+02   0.28683E+02   0.35364E+00   0.41543E-01
   0.26722E+03   0.29916E+02   0.28580E+02   0.33544E+00   0.32790E-01
   0.26757E+03   0.29900E+02   0.28447E+02   0.32380E+00   0.21155E-01
   0.26792E+03   0.29886E+02   0.28285E+02   0.31695E+00   0.75902E-02
   0.26827E+03   0.29875E+02   0.28096E+02   0.31233E+00  -0.68499E-02
   0.26862E+03   0.29867E+02   0.27890E+02   0.30798E+00  -0.21206E-01
   0.26897E+03   0.29859E+02   0.27675E+02   0.30287E+00  -0.35227E-01
   0.26932E+03   0.29850E+02   0.27453E+02   0.29689E+00  -0.49592E-01
   0.26967E+03   0.29840E+02   0.27221E+02   0.29094E+00  -0.65155E-01
   0.27002E+03   0.29830E+02   0.26972E+02   0.28641E+00  -0.82250E-01
   0.27037E+03   0.29821E+02   0.26704E+02   0.28392E+00  -0.10086E+00
   0.27072E+03   0.29815E+02   0.26421E+02   0.28347E+00  -0.12090E+00
   0.27107E+03   0.29812E+02   0.26129E+02   0.28514E+00  -0.14220E+00
   0.27142E+03   0.29813E+02   0.25838E+02   0.28926E+00  -0.16460E+00
   0.27177E+03   0.29818E+02   0.25554E+02   0.29615E+00  -0.18850E+00
   0.27212E+03   0.29827E+02   0.25277E+02   0.30616E+00  -0.21467E+00
   0.27247E+03   0.29840E+02   0.25007E+02   0.31954E+00  -0.24365E+00
   0.27282E+03   0.29857E+02   0.24748E+02   0.33616E+00  -0.27545E+00
   0.27317E+03   0.29876E+02   0.24510E+02   0.35594E+00  -0.30989E+00
   0.27352E+03   0.29895E+02   0.24309E+02   0.37913E+00  -0.34654E+00
   0.27387E+03   0.29914E+02   0.24162E+02   0.40610E+00  -0.38431E+00
   0.27422E+03   0.29932E+02   0.24091E+02   0.43703E+00  -0.42152E+00
   0.27457E+03   0.29948E+02   0.24119E+02   0.47175E+00  -0.45578E+00
   0.27492E+03   0.29961E+02   0.24275E+02   0.50974E+00  -0.48388E+00
   0.27527E+03   0.29972E+02   0.24595E+02   0.55006E+00  -0.50230E+00
   0.27562E+03   0.29981E+02   0.25123E+02   0.59121E+00  -0.50785E+00
   0.27597E+03   0.29987E+02   0.25904E+02   0.63098E+00  -0.49799E+00
   0.27632E+03   0.29992E+02   0.26713E+02   0.66673E+00  -0.47172E+00
   0.27667E+03   0.29994E+02   0.27347E+02   0.69560E+00  -0.43101E+00
   0.27702E+03   0.29996E+02   0.27856E+02   0.71473E+00  -0.38029E+00
   0.27737E+03   0.29997E+02   0.28272E+02   0.72168E+00  -0.32400E+00
   0.27772E+03   0.29998E+02   0.28616E+02   0.71511E+00  -0.26539E+00
   0.27807E+03   0.29998E+02   0.28902E+02   0.69520E+00  -0.20675E+00
   0.27842E+03   0.29997E+02   0.29139E+02   0.66342E+00  -0.14984E+00
   0.27877E+03   0.29996E+02   0.29305E+02   0.62237E+00  -0.96317E-01
   0.27912E+03   0.29994E+02   0.29306E+02   0.57572E+00  -0.48310E-01
   0.27947E+03   0.29990E+02   0.29165E+02   0.52762E+00  -0.86459E-02
   0.27982E+03   0.29984E+02   0.29016E+02   0.48170E+00   0.20295E-01
   0.28017E+03   0.29975E+02   0.28904E+02   0.44033E+00   0.37955E-01
   0.28052E+03   0.29963E+02   0.28823E+02   0.40447E+00   0.45632E-01
   0.28087E+03   0.29948E+02   0.28750E+02   0.37434E+00   0.45606E-01
   0.28122E+03   0.29931E+02   0.28666E+02   0.35041E+00   0.40162E-01
   0.28157E+03   0.29913E+02   0.28558E+02   0.33328E+00   0.30920E-01
   0.28192E+03   0.29897E+02   0.28421E+02   0.32251E+00   0.18943E-01
   0.28227E+03   0.29884E+02   0.28254E+02   0.31615E+00   0.51889E-02
   0.28262E+03   0.29874E+02   0.28062E+02   0.31166E+00  -0.92816E-02
   0.28297E+03   0.29865E+02   0.27854E+02   0.30724E+00  -0.23580E-01
   0.28332E+03   0.29857E+02   0.27637E+02   0.30201E+00  -0.37612E-01
   0.28367E+03   0.29848E+02   0.27413E+02   0.29597E+00  -0.52141E-01
   0.28402E+03   0.29838E+02   0.27177E+02   0.29019E+00  -0.67956E-01
   0.28437E+03   0.29829E+02   0.26924E+02   0.28597E+00  -0.85318E-01
   0.28472E+03   0.29820E+02   0.26652E+02   0.28382E+00  -0.10420E+00
   0.28507E+03   0.29815E+02   0.26365E+02   0.28370E+00  -0.12451E+00
   0.28542E+03   0.29812E+02   0.26070E+02   0.28576E+00  -0.14605E+00
   0.28577E+03   0.29814E+02   0.25777E+02   0.29031E+00  -0.16874E+00
   0.28612E+03   0.29819E+02   0.25491E+02   0.29770E+00  -0.19306E+00
   0.28647E+03   0.29829E+02   0.25213E+02   0.30827E+00  -0.21978E+00
   0.28682E+03   0.29843E+02   0.24942E+02   0.32222E+00  -0.24934E+00
   0.28717E+03   0.29860E+02   0.24684E+02   0.33939E+00  -0.28171E+00
   0.28752E+03   0.29879E+02   0.24452E+02   0.35977E+00  -0.31667E+00
   0.28787E+03   0.29898E+02   0.24260E+02   0.38364E+00  -0.35368E+00
   0.28822E+03   0.29917E+02   0.24128E+02   0.41134E+00  -0.39154E+00
   0.28857E+03   0.29935E+02   0.24076E+02   0.44302E+00  -0.42845E+00
   0.28892E+03   0.29950E+02   0.24128E+02   0.47844E+00  -0.46188E+00
   0.28927E+03   0.29964E+02   0.24313E+02   0.51699E+00  -0.48849E+00
   0.28962E+03   0.29974E+02   0.24670E+02   0.55766E+00  -0.50480E+00
   0.28997E+03   0.29982E+02   0.25245E+02   0.59882E+00  -0.50771E+00
   0.29032E+03   0.29988E+02   0.26035E+02   0.63814E+00  -0.49483E+00
   0.29067E+03   0.29992E+02   0.26816E+02   0.67290E+00  -0.46564E+00
   0.29102E+03   0.29995E+02   0.27429E+02   0.70025E+00  -0.42269E+00
   0.29137E+03   0.29996E+02   0.27924E+02   0.71734E+00  -0.37061E+00
   0.29172E+03   0.29997E+02   0.28329E+02   0.72189E+00  -0.31363E+00
   0.29207E+03   0.29998E+02   0.28664E+02   0.71282E+00  -0.25480E+00
   0.29242E+03   0.29998E+02   0.28943E+02   0.69057E+00  -0.19629E+00
   0.29277E+03   0.29997E+02   0.29173E+02   0.65682E+00  -0.13980E+00
   0.29312E+03   0.29996E+02   0.29309E+02   0.61441E+00  -0.87041E-01
   0.29347E+03   0.29993E+02   0.29274E+02   0.56714E+00  -0.40304E-01
   0.29382E+03   0.29989E+02   0.29129E+02   0.51916E+00  -0.24354E-02
   0.29417E+03   0.29982E+02   0.28988E+02   0.47391E+00   0.24452E-01
   0.29452E+03   0.29973E+02   0.28885E+02   0.43347E+00   0.40173E-01
   0.29487E+03   0.29961E+02   0.28809E+02   0.39861E+00   0.46270E-01
   0.29522E+03   0.29945E+02   0.28736E+02   0.36954E+00   0.45100E-01
   0.29557E+03   0.29928E+02   0.28649E+02   0.34681E+00   0.38856E-01
   0.29592E+03   0.29910E+02   0.28536E+02   0.33092E+00   0.29027E-01
   0.29627E+03   0.29895E+02   0.28394E+02   0.32115E+00   0.16628E-01
   0.29662E+03   0.29882E+02   0.28221E+02   0.31530E+00   0.26417E-02
   0.29697E+03   0.29872E+02   0.28025E+02   0.31092E+00  -0.11863E-01
   0.29732E+03   0.29864E+02   0.27813E+02   0.30639E+00  -0.26107E-01
   0.29767E+03   0.29856E+02   0.27594E+02   0.30096E+00  -0.40190E-01
   0.29802E+03   0.29847E+02   0.27367E+02   0.29487E+00  -0.54954E-01
   0.29837E+03   0.29837E+02   0.27126E+02   0.28930E+00  -0.71105E-01
   0.29872E+03   0.29827E+02   0.26867E+02   0.28544E+00  -0.88820E-01
   0.29907E+03   0.29819E+02   0.26589E+02   0.28367E+00  -0.10806E+00
   0.29942E+03   0.29814E+02   0.26295E+02   0.28394E+00  -0.12872E+00
   0.29977E+03   0.29812E+02   0.25995E+02   0.28645E+00  -0.15060E+00
   0.30012E+03   0.29814E+02   0.25698E+02   0.29153E+00  -0.17371E+00
   0.30047E+03   0.29821E+02   0.25408E+02   0.29952E+00  -0.19860E+00
   0.30082E+03   0.29832E+02   0.25126E+02   0.31077E+00  -0.22603E+00
   0.30118E+03   0.29846E+02   0.24853E+02   0.32540E+00  -0.25633E+00
   0.30153E+03   0.29864E+02   0.24598E+02   0.34325E+00  -0.28939E+00
   0.30188E+03   0.29883E+02   0.24374E+02   0.36437E+00  -0.32498E+00
   0.30223E+03   0.29902E+02   0.24196E+02   0.38907E+00  -0.36240E+00
   0.30258E+03   0.29921E+02   0.24083E+02   0.41769E+00  -0.40032E+00
   0.30293E+03   0.29938E+02   0.24056E+02   0.45028E+00  -0.43681E+00
   0.30328E+03   0.29953E+02   0.24139E+02   0.48655E+00  -0.46913E+00
   0.30363E+03   0.29966E+02   0.24362E+02   0.52578E+00  -0.49385E+00
   0.30398E+03   0.29976E+02   0.24765E+02   0.56685E+00  -0.50752E+00
   0.30433E+03   0.29984E+02   0.25403E+02   0.60796E+00  -0.50715E+00
   0.30468E+03   0.29989E+02   0.26204E+02   0.64665E+00  -0.49063E+00
   0.30503E+03   0.29993E+02   0.26945E+02   0.68016E+00  -0.45800E+00
   0.30538E+03   0.29995E+02   0.27535E+02   0.70559E+00  -0.41252E+00
   0.30573E+03   0.29997E+02   0.28012E+02   0.72016E+00  -0.35893E+00
   0.30608E+03   0.29998E+02   0.28404E+02   0.72180E+00  -0.30120E+00
   0.30643E+03   0.29998E+02   0.28728E+02   0.70975E+00  -0.24215E+00
   0.30678E+03   0.29998E+02   0.28995E+02   0.68473E+00  -0.18383E+00
   0.30713E+03   0.29997E+02   0.29219E+02   0.64872E+00  -0.12788E+00
   0.30748E+03   0.29995E+02   0.29322E+02   0.60479E+00  -0.76082E-01
   0.30783E+03   0.29992E+02   0.29248E+02   0.55692E+00  -0.30940E-01
   0.30818E+03   0.29988E+02   0.29097E+02   0.50919E+00   0.47094E-02
   0.30853E+03   0.29981E+02   0.28964E+02   0.46480E+00   0.29131E-01
   0.30888E+03   0.29971E+02   0.28869E+02   0.42551E+00   0.42582E-01
   0.30923E+03   0.29958E+02   0.28796E+02   0.39184E+00   0.46873E-01
   0.30958E+03   0.29942E+02   0.28721E+02   0.36405E+00   0.44411E-01
   0.30993E+03   0.29924E+02   0.28629E+02   0.34277E+00   0.37261E-01
   0.31028E+03   0.29907E+02   0.28511E+02   0.32834E+00   0.26765E-01
   0.31063E+03   0.29892E+02   0.28361E+02   0.31966E+00   0.13895E-01
   0.31098E+03   0.29880E+02   0.28182E+02   0.31433E+00  -0.32901E-03
   0.31133E+03   0.29871E+02   0.27981E+02   0.31002E+00  -0.14847E-01
   0.31168E+03   0.29862E+02   0.27767E+02   0.30532E+00  -0.29031E-01
   0.31203E+03   0.29854E+02   0.27545E+02   0.29967E+00  -0.43200E-01
   0.31238E+03   0.29844E+02   0.27314E+02   0.29354E+00  -0.58259E-01
   0.31273E+03   0.29834E+02   0.27068E+02   0.28826E+00  -0.74797E-01
   0.31308E+03   0.29825E+02   0.26802E+02   0.28486E+00  -0.92908E-01
   0.31343E+03   0.29818E+02   0.26517E+02   0.28352E+00  -0.11254E+00
   0.31378E+03   0.29813E+02   0.26219E+02   0.28425E+00  -0.13357E+00
   0.31413E+03   0.29812E+02   0.25915E+02   0.28731E+00  -0.15579E+00
   0.31448E+03   0.29815E+02   0.25615E+02   0.29301E+00  -0.17932E+00
   0.31483E+03   0.29823E+02   0.25323E+02   0.30170E+00  -0.20484E+00
   0.31518E+03   0.29835E+02   0.25040E+02   0.31374E+00  -0.23302E+00
   0.31553E+03   0.29850E+02   0.24769E+02   0.32914E+00  -0.26407E+00
   0.31588E+03   0.29868E+02   0.24520E+02   0.34775E+00  -0.29784E+00
   0.31623E+03   0.29887E+02   0.24305E+02   0.36969E+00  -0.33402E+00
   0.31658E+03   0.29907E+02   0.24142E+02   0.39533E+00  -0.37177E+00
   0.31693E+03   0.29925E+02   0.24051E+02   0.42493E+00  -0.40961E+00
   0.31728E+03   0.29942E+02   0.24050E+02   0.45850E+00  -0.44544E+00
   0.31763E+03   0.29957E+02   0.24167E+02   0.49562E+00  -0.47634E+00
   0.31798E+03   0.29969E+02   0.24432E+02   0.53549E+00  -0.49879E+00
   0.31833E+03   0.29978E+02   0.24886E+02   0.57684E+00  -0.50939E+00
   0.31868E+03   0.29985E+02   0.25598E+02   0.61771E+00  -0.50531E+00
   0.31903E+03   0.29991E+02   0.26416E+02   0.65552E+00  -0.48480E+00
   0.31938E+03   0.29994E+02   0.27113E+02   0.68745E+00  -0.44863E+00
   0.31973E+03   0.29996E+02   0.27672E+02   0.71059E+00  -0.40066E+00
   0.32008E+03   0.29997E+02   0.28125E+02   0.72227E+00  -0.34568E+00
   0.32043E+03   0.29998E+02   0.28498E+02   0.72066E+00  -0.28733E+00
   0.32078E+03   0.29998E+02   0.28806E+02   0.70538E+00  -0.22820E+00
   0.32113E+03   0.29998E+02   0.29059E+02   0.67747E+00  -0.17023E+00
   0.32148E+03   0.29997E+02   0.29271E+02   0.63917E+00  -0.11501E+00
   0.32183E+03   0.29995E+02   0.29339E+02   0.59383E+00  -0.64447E-01
   0.32218E+03   0.29991E+02   0.29229E+02   0.54556E+00  -0.21244E-01
   0.32253E+03   0.29986E+02   0.29073E+02   0.49833E+00   0.11855E-01
   0.32288E+03   0.29979E+02   0.28946E+02   0.45501E+00   0.33568E-01
   0.32323E+03   0.29968E+02   0.28856E+02   0.41701E+00   0.44619E-01
   0.32358E+03   0.29954E+02   0.28784E+02   0.38469E+00   0.47061E-01
   0.32393E+03   0.29937E+02   0.28705E+02   0.35836E+00   0.43306E-01
   0.32428E+03   0.29920E+02   0.28607E+02   0.33869E+00   0.35252E-01
   0.32463E+03   0.29903E+02   0.28481E+02   0.32579E+00   0.24102E-01
   0.32498E+03   0.29889E+02   0.28325E+02   0.31817E+00   0.10809E-01
   0.32533E+03   0.29877E+02   0.28140E+02   0.31328E+00  -0.35780E-02
   0.32568E+03   0.29868E+02   0.27936E+02   0.30897E+00  -0.18032E-01
   0.32603E+03   0.29860E+02   0.27721E+02   0.30405E+00  -0.32115E-01
   0.32638E+03   0.29852E+02   0.27499E+02   0.29818E+00  -0.46360E-01
   0.32673E+03   0.29842E+02   0.27268E+02   0.29209E+00  -0.61678E-01
   0.32708E+03   0.29832E+02   0.27020E+02   0.28716E+00  -0.78524E-01
   0.32743E+03   0.29823E+02   0.26753E+02   0.28424E+00  -0.96912E-01
   0.32778E+03   0.29816E+02   0.26468E+02   0.28336E+00  -0.11678E+00
   0.32813E+03   0.29812E+02   0.26172E+02   0.28456E+00  -0.13796E+00
   0.32848E+03   0.29812E+02   0.25875E+02   0.28817E+00  -0.16027E+00
   0.32883E+03   0.29816E+02   0.25583E+02   0.29447E+00  -0.18398E+00
   0.32918E+03   0.29825E+02   0.25299E+02   0.30385E+00  -0.20983E+00
   0.32953E+03   0.29837E+02   0.25022E+02   0.31660E+00  -0.23844E+00
   0.32988E+03   0.29853E+02   0.24757E+02   0.33265E+00  -0.26988E+00
   0.33023E+03   0.29872E+02   0.24513E+02   0.35186E+00  -0.30401E+00
   0.33058E+03   0.29891E+02   0.24306E+02   0.37444E+00  -0.34045E+00
   0.33093E+03   0.29910E+02   0.24151E+02   0.40077E+00  -0.37824E+00
   0.33128E+03   0.29929E+02   0.24070E+02   0.43107E+00  -0.41580E+00
   0.33163E+03   0.29945E+02   0.24084E+02   0.46526E+00  -0.45090E+00
   0.33198E+03   0.29959E+02   0.24220E+02   0.50285E+00  -0.48044E+00
   0.33233E+03   0.29971E+02   0.24512E+02   0.54299E+00  -0.50087E+00
   0.33268E+03   0.29980E+02   0.25004E+02   0.58428E+00  -0.50893E+00
   0.33303E+03   0.29987E+02   0.25762E+02   0.62464E+00  -0.50190E+00
   0.33338E+03   0.29991E+02   0.26585E+02   0.66145E+00  -0.47839E+00
   0.33373E+03   0.29994E+02   0.27246E+02   0.69186E+00  -0.43980E+00
   0.33408E+03   0.29996E+02   0.27776E+02   0.71299E+00  -0.39031E+00
   0.33443E+03   0.29997E+02   0.28208E+02   0.72226E+00  -0.33458E+00
   0.33478E+03   0.29998E+02   0.28564E+02   0.71810E+00  -0.27605E+00
   0.33513E+03   0.29998E+02   0.28860E+02   0.70040E+00  -0.21713E+00
   0.33548E+03   0.29998E+02   0.29103E+02   0.67044E+00  -0.15967E+00
   0.33583E+03   0.29996E+02   0.29297E+02   0.63066E+00  -0.10528E+00
   0.33618E+03   0.29994E+02   0.29333E+02   0.58456E+00  -0.55975E-01
   0.33653E+03   0.29991E+02   0.29202E+02   0.53631E+00  -0.14536E-01
   0.33688E+03   0.29985E+02   0.29048E+02   0.48970E+00   0.16442E-01
   0.33723E+03   0.29977E+02   0.28927E+02   0.44736E+00   0.36048E-01
   0.33758E+03   0.29965E+02   0.28841E+02   0.41046E+00   0.45320E-01
   0.33793E+03   0.29951E+02   0.28768E+02   0.37927E+00   0.46449E-01
   0.33828E+03   0.29934E+02   0.28687E+02   0.35415E+00   0.41794E-01
   0.33863E+03   0.29916E+02   0.28583E+02   0.33579E+00   0.33113E-01
   0.33898E+03   0.29900E+02   0.28452E+02   0.32401E+00   0.21528E-01
   0.33933E+03   0.29886E+02   0.28290E+02   0.31708E+00   0.79894E-02
   0.33968E+03   0.29876E+02   0.28102E+02   0.31244E+00  -0.64467E-02
   0.34003E+03   0.29867E+02   0.27896E+02   0.30809E+00  -0.20813E-01
   0.34038E+03   0.29859E+02   0.27681E+02   0.30301E+00  -0.34835E-01
   0.34073E+03   0.29850E+02   0.27459E+02   0.29703E+00  -0.49179E-01
   0.34108E+03   0.29840E+02   0.27227E+02   0.29106E+00  -0.64708E-01
   0.34143E+03   0.29830E+02   0.26979E+02   0.28647E+00  -0.81769E-01
   0.34178E+03   0.29822E+02   0.26712E+02   0.28394E+00  -0.10034E+00
   0.34213E+03   0.29815E+02   0.26429E+02   0.28343E+00  -0.12036E+00
   0.34248E+03   0.29812E+02   0.26137E+02   0.28504E+00  -0.14162E+00
   0.34283E+03   0.29813E+02   0.25846E+02   0.28910E+00  -0.16399E+00
   0.34318E+03   0.29818E+02   0.25561E+02   0.29591E+00  -0.18783E+00
   0.34353E+03   0.29827E+02   0.25285E+02   0.30584E+00  -0.21394E+00
   0.34388E+03   0.29840E+02   0.25014E+02   0.31914E+00  -0.24284E+00
   0.34423E+03   0.29856E+02   0.24755E+02   0.33568E+00  -0.27456E+00
   0.34458E+03   0.29875E+02   0.24516E+02   0.35537E+00  -0.30894E+00
   0.34493E+03   0.29894E+02   0.24314E+02   0.37847E+00  -0.34554E+00
   0.34528E+03   0.29913E+02   0.24165E+02   0.40533E+00  -0.38330E+00
   0.34563E+03   0.29931E+02   0.24092E+02   0.43616E+00  -0.42055E+00
   0.34598E+03   0.29947E+02   0.24117E+02   0.47079E+00  -0.45493E+00
   0.34633E+03   0.29961E+02   0.24269E+02   0.50870E+00  -0.48324E+00
   0.34668E+03   0.29972E+02   0.24584E+02   0.54897E+00  -0.50196E+00
   0.34703E+03   0.29981E+02   0.25106E+02   0.59012E+00  -0.50789E+00
   0.34738E+03   0.29987E+02   0.25884E+02   0.62997E+00  -0.49847E+00
   0.34773E+03   0.29992E+02   0.26697E+02   0.66586E+00  -0.47262E+00
   0.34808E+03   0.29994E+02   0.27333E+02   0.69495E+00  -0.43224E+00
   0.34843E+03   0.29996E+02   0.27845E+02   0.71437E+00  -0.38171E+00
   0.34878E+03   0.29997E+02   0.28263E+02   0.72166E+00  -0.32552E+00
   0.34913E+03   0.29998E+02   0.28609E+02   0.71546E+00  -0.26695E+00
   0.34948E+03   0.29998E+02   0.28897E+02   0.69589E+00  -0.20828E+00
   0.34983E+03   0.29997E+02   0.29134E+02   0.66439E+00  -0.15130E+00
   0.35018E+03   0.29996E+02   0.29304E+02   0.62354E+00  -0.97666E-01
   0.35053E+03   0.29994E+02   0.29311E+02   0.57698E+00  -0.49476E-01
   0.35088E+03   0.29990E+02   0.29171E+02   0.52887E+00  -0.95529E-02
   0.35123E+03   0.29984E+02   0.29021E+02   0.48285E+00   0.19687E-01
   0.35158E+03   0.29975E+02   0.28907E+02   0.44135E+00   0.37632E-01
   0.35193E+03   0.29963E+02   0.28825E+02   0.40534E+00   0.45544E-01
   0.35228E+03   0.29949E+02   0.28752E+02   0.37506E+00   0.45689E-01
   0.35263E+03   0.29931E+02   0.28668E+02   0.35095E+00   0.40363E-01
   0.35298E+03   0.29914E+02   0.28561E+02   0.33363E+00   0.31207E-01
   0.35333E+03   0.29898E+02   0.28425E+02   0.32273E+00   0.19291E-01
   0.35368E+03   0.29884E+02   0.28259E+02   0.31628E+00   0.55719E-02
   0.35403E+03   0.29874E+02   0.28068E+02   0.31177E+00  -0.88931E-02
   0.35438E+03   0.29866E+02   0.27859E+02   0.30737E+00  -0.23201E-01
   0.35473E+03   0.29857E+02   0.27643E+02   0.30216E+00  -0.37229E-01
   0.35508E+03   0.29848E+02   0.27420E+02   0.29613E+00  -0.51727E-01
   0.35543E+03   0.29839E+02   0.27184E+02   0.29032E+00  -0.67496E-01
   0.35578E+03   0.29829E+02   0.26932E+02   0.28605E+00  -0.84810E-01
   0.35613E+03   0.29821E+02   0.26661E+02   0.28384E+00  -0.10364E+00
   0.35648E+03   0.29815E+02   0.26375E+02   0.28367E+00  -0.12390E+00
   0.35683E+03   0.29812E+02   0.26081E+02   0.28566E+00  -0.14539E+00
   0.35718E+03   0.29813E+02   0.25788E+02   0.29014E+00  -0.16804E+00
   0.35753E+03   0.29819E+02   0.25503E+02   0.29744E+00  -0.19228E+00
   0.35788E+03   0.29829E+02   0.25225E+02   0.30792E+00  -0.21890E+00
   0.35823E+03   0.29843E+02   0.24954E+02   0.32176E+00  -0.24836E+00
   0.35858E+03   0.29860E+02   0.24696E+02   0.33884E+00  -0.28062E+00
   0.35893E+03   0.29878E+02   0.24463E+02   0.35912E+00  -0.31549E+00
   0.35928E+03   0.29898E+02   0.24269E+02   0.38287E+00  -0.35244E+00
   0.35963E+03   0.29917E+02   0.24134E+02   0.41044E+00  -0.39029E+00
   0.35998E+03   0.29934E+02   0.24079E+02   0.44199E+00  -0.42725E+00
   0.36033E+03   0.29950E+02   0.24127E+02   0.47729E+00  -0.46082E+00
   0.36068E+03   0.29963E+02   0.24307E+02   0.51574E+00  -0.48770E+00
   0.36103E+03   0.29974E+02   0.24657E+02   0.55635E+00  -0.50438E+00
   0.36138E+03   0.29982E+02   0.25224E+02   0.59751E+00  -0.50774E+00
   0.36173E+03   0.29988E+02   0.26013E+02   0.63690E+00  -0.49539E+00
   0.36208E+03   0.29992E+02   0.26799E+02   0.67184E+00  -0.46669E+00
   0.36243E+03   0.29995E+02   0.27415E+02   0.69945E+00  -0.42412E+00
   0.36278E+03   0.29996E+02   0.27912E+02   0.71689E+00  -0.37227E+00
   0.36313E+03   0.29997E+02   0.28319E+02   0.72186E+00  -0.31541E+00
   0.36348E+03   0.29998E+02   0.28656E+02   0.71322E+00  -0.25661E+00
   0.36383E+03   0.29998E+02   0.28936E+02   0.69137E+00  -0.19808E+00
   0.36418E+03   0.29997E+02   0.29167E+02   0.65796E+00  -0.14152E+00
   0.36453E+03   0.29996E+02   0.29308E+02   0.61577E+00  -0.88627E-01
   0.36488E+03   0.29993E+02   0.29279E+02   0.56861E+00  -0.41668E-01
   0.36523E+03   0.29989E+02   0.29134E+02   0.52060E+00  -0.34890E-02
   0.36558E+03   0.29983E+02   0.28992E+02   0.47523E+00   0.23751E-01
   0.36593E+03   0.29973E+02   0.28888E+02   0.43464E+00   0.39801E-01
   0.36628E+03   0.29961E+02   0.28811E+02   0.39960E+00   0.46165E-01
   0.36663E+03   0.29946E+02   0.28738E+02   0.37035E+00   0.45188E-01
   0.36698E+03   0.29928E+02   0.28651E+02   0.34741E+00   0.39078E-01
   0.36733E+03   0.29911E+02   0.28540E+02   0.33131E+00   0.29349E-01
   0.36768E+03   0.29895E+02   0.28398E+02   0.32137E+00   0.17020E-01
   0.36803E+03   0.29883E+02   0.28227E+02   0.31544E+00   0.30730E-02
   0.36838E+03   0.29873E+02   0.28031E+02   0.31105E+00  -0.11426E-01
   0.36873E+03   0.29864E+02   0.27820E+02   0.30654E+00  -0.25679E-01
   0.36908E+03   0.29856E+02   0.27601E+02   0.30114E+00  -0.39751E-01
   0.36943E+03   0.29847E+02   0.27375E+02   0.29506E+00  -0.54472E-01
   0.36978E+03   0.29837E+02   0.27135E+02   0.28945E+00  -0.70564E-01
   0.37013E+03   0.29827E+02   0.26877E+02   0.28553E+00  -0.88218E-01
   0.37048E+03   0.29819E+02   0.26600E+02   0.28369E+00  -0.10740E+00
   0.37083E+03   0.29814E+02   0.26307E+02   0.28389E+00  -0.12799E+00
   0.37118E+03   0.29812E+02   0.26008E+02   0.28633E+00  -0.14981E+00
   0.37153E+03   0.29814E+02   0.25711E+02   0.29132E+00  -0.17285E+00
   0.37188E+03   0.29821E+02   0.25422E+02   0.29920E+00  -0.19764E+00
   0.37223E+03   0.29831E+02   0.25141E+02   0.31034E+00  -0.22495E+00
   0.37258E+03   0.29846E+02   0.24868E+02   0.32485E+00  -0.25512E+00
   0.37293E+03   0.29863E+02   0.24613E+02   0.34258E+00  -0.28807E+00
   0.37328E+03   0.29882E+02   0.24387E+02   0.36357E+00  -0.32356E+00
   0.37363E+03   0.29902E+02   0.24206E+02   0.38813E+00  -0.36091E+00
   0.37398E+03   0.29920E+02   0.24090E+02   0.41659E+00  -0.39883E+00
   0.37433E+03   0.29938E+02   0.24059E+02   0.44903E+00  -0.43539E+00
   0.37468E+03   0.29953E+02   0.24136E+02   0.48515E+00  -0.46791E+00
   0.37503E+03   0.29966E+02   0.24353E+02   0.52427E+00  -0.49297E+00
   0.37538E+03   0.29976E+02   0.24748E+02   0.56528E+00  -0.50710E+00
   0.37573E+03   0.29984E+02   0.25375E+02   0.60640E+00  -0.50730E+00
   0.37608E+03   0.29989E+02   0.26173E+02   0.64521E+00  -0.49141E+00
   0.37643E+03   0.29993E+02   0.26922E+02   0.67895E+00  -0.45936E+00
   0.37678E+03   0.29995E+02   0.27516E+02   0.70471E+00  -0.41429E+00
   0.37713E+03   0.29997E+02   0.27996E+02   0.71972E+00  -0.36095E+00
   0.37748E+03   0.29998E+02   0.28390E+02   0.72186E+00  -0.30334E+00
   0.37783E+03   0.29998E+02   0.28716E+02   0.71032E+00  -0.24431E+00
   0.37818E+03   0.29998E+02   0.28986E+02   0.68577E+00  -0.18595E+00
   0.37853E+03   0.29997E+02   0.29211E+02   0.65014E+00  -0.12991E+00
   0.37888E+03   0.29995E+02   0.29319E+02   0.60645E+00  -0.77939E-01
   0.37923E+03   0.29992E+02   0.29251E+02   0.55867E+00  -0.32516E-01
   0.37958E+03   0.29988E+02   0.29102E+02   0.51089E+00   0.35199E-02
   0.37993E+03   0.29981E+02   0.28967E+02   0.46635E+00   0.28364E-01
   0.38028E+03   0.29971E+02   0.28871E+02   0.42685E+00   0.42199E-01
   0.38063E+03   0.29958E+02   0.28798E+02   0.39298E+00   0.46791E-01
   0.38098E+03   0.29942E+02   0.28724E+02   0.36497E+00   0.44543E-01
   0.38133E+03   0.29925E+02   0.28633E+02   0.34344E+00   0.37543E-01
   0.38168E+03   0.29907E+02   0.28515E+02   0.32876E+00   0.27157E-01
   0.38203E+03   0.29892E+02   0.28367E+02   0.31990E+00   0.14364E-01
   0.38238E+03   0.29880E+02   0.28189E+02   0.31449E+00   0.17557E-03
   0.38273E+03   0.29871E+02   0.27988E+02   0.31018E+00  -0.14344E-01
   0.38308E+03   0.29863E+02   0.27774E+02   0.30551E+00  -0.28540E-01
   0.38343E+03   0.29854E+02   0.27553E+02   0.29989E+00  -0.42695E-01
   0.38378E+03   0.29845E+02   0.27323E+02   0.29377E+00  -0.57705E-01
   0.38413E+03   0.29835E+02   0.27077E+02   0.28843E+00  -0.74182E-01
   0.38448E+03   0.29825E+02   0.26812E+02   0.28496E+00  -0.92233E-01
   0.38483E+03   0.29818E+02   0.26528E+02   0.28355E+00  -0.11181E+00
   0.38518E+03   0.29813E+02   0.26230E+02   0.28420E+00  -0.13278E+00
   0.38553E+03   0.29812E+02   0.25926E+02   0.28717E+00  -0.15496E+00
   0.38588E+03   0.29815E+02   0.25626E+02   0.29276E+00  -0.17844E+00
   0.38623E+03   0.29822E+02   0.25335E+02   0.30134E+00  -0.20386E+00
   0.38658E+03   0.29834E+02   0.25051E+02   0.31325E+00  -0.23193E+00
   0.38693E+03   0.29849E+02   0.24779E+02   0.32853E+00  -0.26288E+00
   0.38728E+03   0.29867E+02   0.24529E+02   0.34702E+00  -0.29655E+00
   0.38763E+03   0.29886E+02   0.24313E+02   0.36883E+00  -0.33265E+00
   0.38798E+03   0.29906E+02   0.24148E+02   0.39433E+00  -0.37036E+00
   0.38833E+03   0.29924E+02   0.24053E+02   0.42378E+00  -0.40822E+00
   0.38868E+03   0.29941E+02   0.24049E+02   0.45720E+00  -0.44418E+00
   0.38903E+03   0.29956E+02   0.24160E+02   0.49420E+00  -0.47531E+00
   0.38938E+03   0.29968E+02   0.24419E+02   0.53398E+00  -0.49813E+00
   0.38973E+03   0.29978E+02   0.24866E+02   0.57531E+00  -0.50922E+00
   0.39008E+03   0.29985E+02   0.25566E+02   0.61623E+00  -0.50573E+00
   0.39043E+03   0.29990E+02   0.26382E+02   0.65420E+00  -0.48583E+00
   0.39078E+03   0.29994E+02   0.27086E+02   0.68640E+00  -0.45018E+00
   0.39113E+03   0.29996E+02   0.27650E+02   0.70991E+00  -0.40257E+00
   0.39148E+03   0.29997E+02   0.28107E+02   0.72204E+00  -0.34777E+00
   0.39183E+03   0.29998E+02   0.28483E+02   0.72095E+00  -0.28950E+00
   0.39218E+03   0.29998E+02   0.28794E+02   0.70616E+00  -0.23037E+00
   0.39253E+03   0.29998E+02   0.29049E+02   0.67868E+00  -0.17233E+00
   0.39288E+03   0.29997E+02   0.29264E+02   0.64072E+00  -0.11698E+00
   0.39323E+03   0.29995E+02   0.29338E+02   0.59557E+00  -0.66208E-01
   0.39358E+03   0.29992E+02   0.29232E+02   0.54734E+00  -0.22687E-01
   0.39393E+03   0.29987E+02   0.29077E+02   0.50001E+00   0.10816E-01
   0.39428E+03   0.29979E+02   0.28949E+02   0.45652E+00   0.32948E-01
   0.39463E+03   0.29968E+02   0.28858E+02   0.41831E+00   0.44363E-01
   0.39498E+03   0.29955E+02   0.28786E+02   0.38578E+00   0.47080E-01
   0.39533E+03   0.29938E+02   0.28708E+02   0.35921E+00   0.43516E-01
   0.39568E+03   0.29920E+02   0.28611E+02   0.33930E+00   0.35595E-01
   0.39603E+03   0.29903E+02   0.28486E+02   0.32616E+00   0.24540E-01
   0.39638E+03   0.29889E+02   0.28330E+02   0.31839E+00   0.11304E-01
   0.39673E+03   0.29878E+02   0.28147E+02   0.31344E+00  -0.30656E-02
   0.39708E+03   0.29869E+02   0.27943E+02   0.30914E+00  -0.17536E-01
   0.39743E+03   0.29861E+02   0.27727E+02   0.30425E+00  -0.31636E-01
   0.39778E+03   0.29852E+02   0.27506E+02   0.29841E+00  -0.45870E-01
   0.39813E+03   0.29842E+02   0.27274E+02   0.29231E+00  -0.61152E-01
   0.39848E+03   0.29832E+02   0.27026E+02   0.28733E+00  -0.77959E-01
   0.39883E+03   0.29823E+02   0.26759E+02   0.28433E+00  -0.96315E-01
   0.39918E+03   0.29816E+02   0.26474E+02   0.28338E+00  -0.11616E+00
   0.39953E+03   0.29813E+02   0.26177E+02   0.28451E+00  -0.13733E+00
   0.39988E+03   0.29812E+02   0.25878E+02   0.28804E+00  -0.15965E+00
   0.40023E+03   0.29816E+02   0.25584E+02   0.29425E+00  -0.18335E+00
   0.40058E+03   0.29824E+02   0.25298E+02   0.30353E+00  -0.20917E+00
   0.40093E+03   0.29837E+02   0.25020E+02   0.31618E+00  -0.23774E+00
   0.40128E+03   0.29853E+02   0.24753E+02   0.33214E+00  -0.26916E+00
   0.40163E+03   0.29871E+02   0.24509E+02   0.35127E+00  -0.30326E+00
   0.40198E+03   0.29891E+02   0.24301E+02   0.37378E+00  -0.33968E+00
   0.40233E+03   0.29910E+02   0.24145E+02   0.40002E+00  -0.37749E+00
   0.40268E+03   0.29928E+02   0.24064E+02   0.43024E+00  -0.41510E+00
   0.40303E+03   0.29945E+02   0.24076E+02   0.46436E+00  -0.45031E+00
   0.40338E+03   0.29959E+02   0.24211E+02   0.50191E+00  -0.48004E+00
   0.40373E+03   0.29970E+02   0.24500E+02   0.54203E+00  -0.50076E+00
   0.40408E+03   0.29980E+02   0.24987E+02   0.58336E+00  -0.50915E+00
   0.40443E+03   0.29986E+02   0.25740E+02   0.62381E+00  -0.50251E+00
   0.40478E+03   0.29991E+02   0.26564E+02   0.66077E+00  -0.47937E+00
   0.40513E+03   0.29994E+02   0.27229E+02   0.69140E+00  -0.44107E+00
   0.40548E+03   0.29996E+02   0.27764E+02   0.71281E+00  -0.39175E+00
   0.40583E+03   0.29997E+02   0.28198E+02   0.72240E+00  -0.33609E+00
   0.40618E+03   0.29998E+02   0.28556E+02   0.71857E+00  -0.27756E+00
   0.40653E+03   0.29998E+02   0.28853E+02   0.70117E+00  -0.21859E+00
   0.40688E+03   0.29998E+02   0.29098E+02   0.67146E+00  -0.16104E+00
   0.40723E+03   0.29996E+02   0.29295E+02   0.63185E+00  -0.10652E+00
   0.40758E+03   0.29994E+02   0.29336E+02   0.58583E+00  -0.57029E-01
   0.40793E+03   0.29991E+02   0.29207E+02   0.53755E+00  -0.15342E-01
   0.40828E+03   0.29985E+02   0.29052E+02   0.49085E+00   0.15921E-01
   0.40863E+03   0.29977E+02   0.28930E+02   0.44837E+00   0.35801E-01
   0.40898E+03   0.29966E+02   0.28844E+02   0.41131E+00   0.45299E-01
   0.40933E+03   0.29951E+02   0.28771E+02   0.37997E+00   0.46591E-01
   0.40968E+03   0.29935E+02   0.28690E+02   0.35469E+00   0.42047E-01
   0.41003E+03   0.29917E+02   0.28587E+02   0.33615E+00   0.33443E-01
   0.41038E+03   0.29900E+02   0.28456E+02   0.32424E+00   0.21910E-01
   0.41073E+03   0.29887E+02   0.28295E+02   0.31722E+00   0.83989E-02
   0.41108E+03   0.29876E+02   0.28108E+02   0.31255E+00  -0.60330E-02
   0.41143E+03   0.29867E+02   0.27902E+02   0.30821E+00  -0.20410E-01
   0.41178E+03   0.29859E+02   0.27687E+02   0.30314E+00  -0.34436E-01
   0.41213E+03   0.29850E+02   0.27466E+02   0.29717E+00  -0.48760E-01
   0.41248E+03   0.29840E+02   0.27234E+02   0.29118E+00  -0.64256E-01
   0.41283E+03   0.29830E+02   0.26986E+02   0.28654E+00  -0.81282E-01
   0.41318E+03   0.29822E+02   0.26719E+02   0.28395E+00  -0.99824E-01
   0.41353E+03   0.29815E+02   0.26436E+02   0.28339E+00  -0.11981E+00
   0.41388E+03   0.29812E+02   0.26144E+02   0.28495E+00  -0.14104E+00
   0.41423E+03   0.29813E+02   0.25853E+02   0.28894E+00  -0.16339E+00
   0.41458E+03   0.29817E+02   0.25568E+02   0.29567E+00  -0.18719E+00
   0.41493E+03   0.29826E+02   0.25291E+02   0.30552E+00  -0.21323E+00
   0.41528E+03   0.29840E+02   0.25020E+02   0.31873E+00  -0.24206E+00
   0.41563E+03   0.29856E+02   0.24760E+02   0.33520E+00  -0.27372E+00
   0.41598E+03   0.29874E+02   0.24521E+02   0.35481E+00  -0.30803E+00
   0.41633E+03   0.29894E+02   0.24317E+02   0.37782E+00  -0.34459E+00
   0.41668E+03   0.29913E+02   0.24167E+02   0.40458E+00  -0.38234E+00
   0.41703E+03   0.29931E+02   0.24092E+02   0.43531E+00  -0.41964E+00
   0.41738E+03   0.29947E+02   0.24115E+02   0.46985E+00  -0.45413E+00
   0.41773E+03   0.29961E+02   0.24263E+02   0.50769E+00  -0.48265E+00
   0.41808E+03   0.29972E+02   0.24573E+02   0.54792E+00  -0.50166E+00
   0.41843E+03   0.29981E+02   0.25089E+02   0.58908E+00  -0.50796E+00
   0.41878E+03   0.29987E+02   0.25865E+02   0.62900E+00  -0.49895E+00
   0.41913E+03   0.29992E+02   0.26680E+02   0.66503E+00  -0.47351E+00
   0.41948E+03   0.29994E+02   0.27320E+02   0.69434E+00  -0.43345E+00
   0.41983E+03   0.29996E+02   0.27835E+02   0.71405E+00  -0.38311E+00
