         376
  0.175000000000000        1312500.00000000     
         206
  0.525000000000000        3937500.00000000     
         195
  0.875000000000000        6562500.00000000     
         304
   1.22500000000000        9187500.00000000     
          60
   1.57500000000000        11812500.0000000     
         313
   1.92500000000000        14437500.0000000     
         228
   2.27500000000000        17062500.0000000     
         403
   2.62500000000000        19687500.0000000     
          15
   2.97500000000000        22312500.0000000     
         265
   3.32500000000000        24937500.0000000     
         438
   3.67500000000000        27562500.0000000     
         422
   4.02500000000000        30187500.0000000     
         144
   4.37500000000000        32812500.0000000     
         262
   4.72500000000000        35437500.0000000     
         230
   5.07500000000000        38062500.0000000     
         373
   5.42500000000000        40687500.0000000     
         459
   5.77500000000000        43312500.0000000     
         283
   6.12500000000000        45937500.0000000     
         173
   6.47500000000000        48562500.0000000     
         411
   6.82500000000000        51187500.0000000     
         216
   7.17500000000000        53812500.0000000     
         286
   7.52500000000000        56437500.0000000     
         126
   7.87500000000000        59062500.0000000     
         441
   8.22500000000000        61687500.0000000     
         147
   8.57500000000000        64312500.0000000     
          19
   8.92500000000000        66937500.0000000     
          13
   9.27500000000000        69562500.0000000     
         286
   9.62499999999999        72187500.0000000     
          65
   9.97499999999999        74812500.0000000     
         265
   10.3250000000000        77437500.0000000     
         214
   10.6750000000000        80062500.0000000     
           9
   11.0250000000000        82687500.0000000     
         147
   11.3750000000000        85312499.9999999     
         392
   11.7250000000000        87937499.9999999     
         295
   12.0750000000000        90562499.9999999     
          72
   12.4250000000000        93187499.9999999     
         485
   12.7750000000000        95812499.9999999     
         530
   13.1250000000000        98437499.9999999     
         180
   13.4750000000000        101062500.000000     
         353
   13.8250000000000        103687500.000000     
         131
   14.1750000000000        106312500.000000     
         127
   14.5250000000000        108937500.000000     
         516
   14.8750000000000        111562500.000000     
         333
   15.2250000000000        114187500.000000     
         372
   15.5750000000000        116812500.000000     
         333
   15.9250000000000        119437500.000000     
         164
   16.2750000000000        122062500.000000     
         472
   16.6250000000000        124687500.000000     
          41
   16.9750000000000        127312500.000000     
         178
   17.3250000000000        129937500.000000     
          27
   17.6750000000000        132562500.000000     
         505
   18.0250000000000        135187500.000000     
         293
   18.3750000000000        137812500.000000     
         106
   18.7250000000000        140437500.000000     
         377
   19.0750000000000        143062500.000000     
         404
   19.4250000000000        145687500.000000     
         129
   19.7750000000000        148312500.000000     
         304
   20.1250000000000        150937500.000000     
         263
   20.4750000000000        153562500.000000     
         271
   20.8250000000000        156187500.000000     
         185
   21.1750000000000        158812500.000000     
         306
   21.5250000000000        161437500.000000     
         129
   21.8750000000000        164062500.000000     
         127
   22.2250000000000        166687500.000000     
         291
   22.5750000000000        169312500.000000     
         225
   22.9250000000000        171937500.000000     
          67
   23.2750000000000        174562500.000000     
         255
   23.6250000000000        177187500.000000     
         488
   23.9750000000000        179812500.000000     
         503
   24.3250000000000        182437500.000000     
         479
   24.6750000000000        185062500.000000     
         111
   25.0250000000000        187687500.000000     
         386
   25.3750000000000        190312500.000000     
         200
   25.7250000000000        192937500.000000     
         108
   26.0750000000000        195562500.000000     
         384
   26.4250000000000        198187500.000000     
         203
   26.7750000000000        200812500.000000     
         337
   27.1250000000000        203437500.000000     
          57
   27.4750000000000        206062500.000000     
         490
   27.8250000000000        208687500.000000     
         336
   28.1750000000000        211312500.000000     
          43
   28.5250000000000        213937500.000000     
         390
   28.8750000000000        216562500.000000     
         388
   29.2250000000000        219187500.000000     
          34
   29.5750000000000        221812500.000000     
         111
   29.9250000000000        224437500.000000     
         320
   30.2750000000000        227062500.000000     
         304
   30.6250000000000        229687500.000000     
         483
   30.9750000000001        232312500.000000     
         337
   31.3250000000001        234937500.000000     
          93
   31.6750000000001        237562500.000000     
         428
   32.0250000000001        240187500.000000     
         486
   32.3750000000001        242812500.000000     
          16
   32.7250000000001        245437500.000000     
         383
   33.0750000000001        248062500.000000     
         362
   33.4250000000001        250687500.000000     
         237
   33.7750000000001        253312500.000000     
         503
   34.1250000000001        255937500.000000     
         370
   34.4750000000001        258562500.000000     
          71
   34.8250000000001        261187500.000001     
         381
   35.1750000000001        263812500.000001     
         106
   35.5250000000001        266437500.000001     
         518
   35.8750000000001        269062500.000001     
         328
   36.2250000000001        271687500.000001     
         370
   36.5750000000001        274312500.000001     
         207
   36.9250000000001        276937500.000001     
         278
   37.2750000000001        279562500.000001     
          68
   37.6250000000001        282187500.000001     
         430
   37.9750000000001        284812500.000001     
         345
   38.3250000000001        287437500.000001     
         523
   38.6750000000001        290062500.000001     
         458
   39.0250000000001        292687500.000001     
         450
   39.3750000000001        295312500.000001     
         130
   39.7250000000001        297937500.000001     
         383
   40.0750000000001        300562500.000001     
         108
   40.4250000000001        303187500.000001     
          66
   40.7750000000001        305812500.000001     
         207
   41.1250000000001        308437500.000001     
          41
   41.4750000000001        311062500.000001     
         106
   41.8250000000001        313687500.000001     
         255
   42.1750000000001        316312500.000001     
         475
   42.5250000000001        318937500.000001     
         375
   42.8750000000001        321562500.000001     
         331
   43.2250000000001        324187500.000001     
         150
   43.5750000000001        326812500.000001     
         214
   43.9250000000001        329437500.000001     
         486
   44.2750000000001        332062500.000001     
         153
   44.6250000000001        334687500.000001     
         379
   44.9750000000001        337312500.000001     
         265
   45.3250000000001        339937500.000001     
         411
   45.6750000000001        342562500.000001     
         271
   46.0250000000001        345187500.000001     
         373
   46.3750000000001        347812500.000001     
         264
   46.7250000000001        350437500.000001     
         437
   47.0750000000001        353062500.000001     
         336
   47.4250000000001        355687500.000001     
         131
   47.7750000000001        358312500.000001     
         313
   48.1250000000001        360937500.000001     
         488
   48.4750000000001        363562500.000001     
         202
   48.8250000000001        366187500.000001     
         503
   49.1750000000001        368812500.000001     
         530
   49.5250000000001        371437500.000001     
         223
   49.8750000000001        374062500.000001     
         289
   50.2250000000001        376687500.000001     
         121
   50.5750000000001        379312500.000001     
         166
   50.9250000000001        381937500.000001     
         454
   51.2750000000001        384562500.000001     
         318
   51.6250000000001        387187500.000001     
         348
   51.9750000000001        389812500.000001     
         267
   52.3250000000001        392437500.000001     
         267
   52.6750000000001        395062500.000001     
         225
   53.0250000000001        397687500.000001     
          89
   53.3750000000001        400312500.000001     
          19
   53.7250000000001        402937500.000001     
          84
   54.0750000000001        405562500.000001     
         515
   54.4250000000001        408187500.000001     
         509
   54.7750000000001        410812500.000001     
          99
   55.1250000000001        413437500.000001     
           6
   55.4750000000002        416062500.000001     
         279
   55.8250000000002        418687500.000001     
         368
   56.1750000000002        421312500.000001     
         470
   56.5250000000002        423937500.000001     
         103
   56.8750000000002        426562500.000001     
         324
   57.2250000000002        429187500.000001     
         482
   57.5750000000002        431812500.000001     
          94
   57.9250000000002        434437500.000001     
         233
   58.2750000000002        437062500.000001     
         299
   58.6250000000002        439687500.000001     
         338
   58.9750000000002        442312500.000001     
         335
   59.3250000000002        444937500.000001     
         363
   59.6750000000002        447562500.000001     
         474
   60.0250000000002        450187500.000001     
         359
   60.3750000000002        452812500.000001     
         102
   60.7250000000002        455437500.000001     
         244
   61.0750000000002        458062500.000001     
         424
   61.4250000000002        460687500.000001     
          57
   61.7750000000002        463312500.000001     
         500
   62.1250000000002        465937500.000001     
         494
   62.4750000000002        468562500.000001     
         161
   62.8250000000002        471187500.000001     
         535
   63.1750000000002        473812500.000001     
          77
   63.5250000000002        476437500.000001     
           1
   63.8750000000002        479062500.000001     
         274
   64.2250000000002        481687500.000001     
         272
   64.5750000000002        484312500.000001     
         292
   64.9250000000002        486937500.000001     
           5
   65.2750000000002        489562500.000001     
          95
   65.6250000000002        492187500.000001     
         257
   65.9750000000002        494812500.000001     
         530
   66.3250000000001        497437500.000001     
          25
   66.6750000000001        500062500.000001     
         262
   67.0250000000001        502687500.000001     
         365
   67.3750000000001        505312500.000001     
         265
   67.7250000000001        507937500.000001     
         371
   68.0750000000001        510562500.000001     
         101
   68.4250000000001        513187500.000001     
         153
   68.7750000000001        515812500.000001     
         235
   69.1250000000001        518437500.000001     
          75
   69.4750000000001        521062500.000001     
          21
   69.8250000000001        523687500.000001     
         206
   70.1750000000001        526312500.000001     
         336
   70.5250000000001        528937500.000001     
         477
   70.8750000000001        531562500.000001     
          49
   71.2250000000001        534187500.000000     
         222
   71.5750000000001        536812500.000000     
         256
   71.9250000000001        539437500.000000     
         415
   72.2750000000000        542062500.000000     
         158
   72.6250000000000        544687500.000000     
         161
   72.9750000000000        547312500.000000     
          72
   73.3250000000000        549937500.000000     
         351
   73.6750000000000        552562500.000000     
         231
   74.0250000000000        555187500.000000     
         401
   74.3750000000000        557812500.000000     
         531
   74.7250000000000        560437500.000000     
         260
   75.0750000000000        563062500.000000     
         257
   75.4250000000000        565687500.000000     
         152
   75.7750000000000        568312500.000000     
         222
   76.1250000000000        570937500.000000     
          32
   76.4750000000000        573562500.000000     
         125
   76.8250000000000        576187500.000000     
         525
   77.1750000000000        578812500.000000     
         475
   77.5250000000000        581437500.000000     
         306
   77.8750000000000        584062500.000000     
         373
   78.2250000000000        586687500.000000     
         330
   78.5749999999999        589312500.000000     
         278
   78.9249999999999        591937500.000000     
         515
   79.2749999999999        594562500.000000     
         305
   79.6249999999999        597187500.000000     
         513
   79.9749999999999        599812499.999999     
          79
   80.3249999999999        602437499.999999     
         460
   80.6749999999999        605062499.999999     
         451
   81.0249999999999        607687499.999999     
         220
   81.3749999999999        610312499.999999     
          47
   81.7249999999999        612937499.999999     
         423
   82.0749999999999        615562499.999999     
         255
   82.4249999999999        618187499.999999     
          29
   82.7749999999999        620812499.999999     
         529
   83.1249999999999        623437499.999999     
         176
   83.4749999999999        626062499.999999     
         362
   83.8249999999999        628687499.999999     
         105
   84.1749999999999        631312499.999999     
         272
   84.5249999999998        633937499.999999     
         126
   84.8749999999998        636562499.999999     
         261
   85.2249999999998        639187499.999999     
         135
   85.5749999999998        641812499.999999     
         365
   85.9249999999998        644437499.999999     
         523
   86.2749999999998        647062499.999999     
         257
   86.6249999999998        649687499.999999     
         221
   86.9749999999998        652312499.999999     
         314
   87.3249999999998        654937499.999999     
          90
   87.6749999999998        657562499.999998     
          84
   88.0249999999998        660187499.999998     
         509
   88.3749999999998        662812499.999998     
         374
   88.7249999999998        665437499.999998     
         360
   89.0749999999998        668062499.999998     
         130
   89.4249999999998        670687499.999998     
         368
   89.7749999999998        673312499.999998     
         406
   90.1249999999998        675937499.999998     
         210
   90.4749999999998        678562499.999998     
         280
   90.8249999999997        681187499.999998     
          59
   91.1749999999997        683812499.999998     
          17
   91.5249999999997        686437499.999998     
          77
   91.8749999999997        689062499.999998     
         441
   92.2249999999997        691687499.999998     
         332
   92.5749999999997        694312499.999998     
         538
   92.9249999999997        696937499.999998     
         333
   93.2749999999997        699562499.999998     
         274
   93.6249999999997        702187499.999998     
         467
   93.9749999999997        704812499.999998     
         190
   94.3249999999997        707437499.999998     
         228
   94.6749999999997        710062499.999998     
          67
   95.0249999999997        712687499.999998     
           8
   95.3749999999997        715312499.999997     
          38
   95.7249999999997        717937499.999997     
         171
   96.0749999999997        720562499.999997     
         256
   96.4249999999997        723187499.999997     
         160
   96.7749999999997        725812499.999997     
          56
   97.1249999999996        728437499.999997     
         275
   97.4749999999996        731062499.999997     
         135
   97.8249999999996        733687499.999997     
         392
   98.1749999999996        736312499.999997     
          74
   98.5249999999996        738937499.999997     
         501
   98.8749999999996        741562499.999997     
         417
   99.2249999999996        744187499.999997     
         427
   99.5749999999996        746812499.999997     
         291
   99.9249999999996        749437499.999997     
         528
   100.275000000000        752062499.999997     
         372
   100.625000000000        754687499.999997     
          58
   100.975000000000        757312499.999997     
         193
   101.325000000000        759937499.999997     
         520
   101.675000000000        762562499.999997     
          43
   102.025000000000        765187499.999997     
         353
   102.375000000000        767812499.999997     
         334
   102.725000000000        770437499.999997     
         429
   103.075000000000        773062499.999997     
         341
   103.425000000000        775687499.999997     
         297
   103.775000000000        778312499.999997     
         311
   104.125000000000        780937499.999996     
         461
   104.475000000000        783562499.999996     
         150
   104.825000000000        786187499.999996     
         351
   105.175000000000        788812499.999996     
         141
   105.525000000000        791437499.999996     
         405
   105.875000000000        794062499.999996     
         262
   106.224999999999        796687499.999996     
         416
   106.574999999999        799312499.999996     
          33
   106.924999999999        801937499.999996     
         458
   107.274999999999        804562499.999996     
         282
   107.624999999999        807187499.999996     
         439
   107.974999999999        809812499.999996     
         285
   108.324999999999        812437499.999996     
         521
   108.674999999999        815062499.999996     
         318
   109.024999999999        817687499.999996     
         217
   109.374999999999        820312499.999996     
          10
   109.724999999999        822937499.999996     
          63
   110.074999999999        825562499.999996     
         256
   110.424999999999        828187499.999996     
         221
   110.774999999999        830812499.999996     
         253
   111.124999999999        833437499.999996     
          66
   111.474999999999        836062499.999996     
         370
   111.824999999999        838687499.999996     
         445
   112.174999999999        841312499.999995     
         214
   112.524999999999        843937499.999995     
         291
   112.874999999999        846562499.999995     
         448
   113.224999999999        849187499.999995     
         234
   113.574999999999        851812499.999995     
         414
   113.924999999999        854437499.999995     
          65
   114.274999999999        857062499.999995     
         248
   114.624999999999        859687499.999995     
         498
   114.974999999999        862312499.999995     
         194
   115.324999999999        864937499.999995     
         267
   115.674999999999        867562499.999995     
          15
   116.024999999999        870187499.999995     
          58
   116.374999999999        872812499.999995     
         324
   116.724999999999        875437499.999995     
         403
   117.074999999999        878062499.999995     
         195
   117.424999999999        880687499.999995     
          15
   117.774999999999        883312499.999995     
         321
   118.124999999999        885937499.999995     
         465
   118.474999999999        888562499.999995     
         164
   118.824999999999        891187499.999995     
         117
   119.174999999999        893812499.999995     
         240
   119.524999999999        896437499.999995     
         476
   119.874999999999        899062499.999995     
         451
   120.224999999999        901687499.999995     
         135
   120.574999999999        904312499.999995     
         460
   120.924999999999        906937499.999994     
         226
   121.274999999999        909562499.999994     
         138
   121.624999999999        912187499.999994     
          75
   121.974999999999        914812499.999994     
         526
   122.324999999999        917437499.999994     
         362
   122.674999999999        920062499.999994     
         462
   123.024999999999        922687499.999994     
         281
   123.374999999999        925312499.999994     
         260
   123.724999999999        927937499.999994     
         289
   124.074999999999        930562499.999994     
         322
   124.424999999999        933187499.999994     
         106
   124.774999999999        935812499.999994     
         327
   125.124999999999        938437499.999994     
          51
   125.474999999999        941062499.999994     
         308
   125.824999999999        943687499.999994     
         346
   126.174999999999        946312499.999994     
         133
   126.524999999999        948937499.999994     
         387
   126.874999999999        951562499.999994     
         236
   127.224999999999        954187499.999994     
         471
   127.574999999999        956812499.999994     
         145
   127.924999999999        959437499.999994     
          32
   128.274999999999        962062499.999993     
         181
   128.624999999999        964687499.999993     
         139
   128.974999999999        967312499.999993     
         320
   129.324999999999        969937499.999993     
         464
   129.674999999999        972562499.999993     
         424
   130.024999999999        975187499.999993     
         313
   130.374999999999        977812499.999993     
          44
   130.724999999999        980437499.999993     
         120
   131.074999999999        983062499.999993     
         352
   131.424999999999        985687499.999993     
         432
   131.774999999999        988312499.999993     
         387
   132.124999999999        990937499.999993     
         259
   132.474999999999        993562499.999993     
          85
   132.824999999999        996187499.999993     
         514
   133.174999999999        998812499.999993     
         161
   133.524999999999        1001437499.99999     
         126
   133.874999999999        1004062499.99999     
         183
   134.224999999999        1006687499.99999     
          59
   134.574999999999        1009312499.99999     
         441
   134.924999999999        1011937499.99999     
         203
   135.274999999999        1014562499.99999     
         315
   135.624999999999        1017187499.99999     
         372
   135.974999999999        1019812499.99999     
         460
   136.324999999999        1022437499.99999     
         419
   136.674999999999        1025062499.99999     
         215
   137.024999999999        1027687499.99999     
         304
   137.374999999999        1030312499.99999     
         249
   137.724999999999        1032937499.99999     
         431
   138.074999999999        1035562499.99999     
         180
   138.424999999999        1038187499.99999     
         238
   138.774999999999        1040812499.99999     
         293
   139.124999999999        1043437499.99999     
         348
   139.474999999999        1046062499.99999     
         135
   139.824999999999        1048687499.99999     
          41
   140.174999999999        1051312499.99999     
         175
   140.524999999999        1053937499.99999     
          74
   140.874999999999        1056562499.99999     
         410
   141.224999999999        1059187499.99999     
         232
   141.574999999999        1061812499.99999     
         306
   141.924999999999        1064437499.99999     
         181
   142.274999999999        1067062499.99999     
         219
   142.624999999999        1069687499.99999     
         359
   142.974999999999        1072312499.99999     
         432
   143.324999999999        1074937499.99999     
          36
   143.674999999999        1077562499.99999     
         267
   144.024999999999        1080187499.99999     
         178
   144.374999999999        1082812499.99999     
         345
   144.724999999999        1085437499.99999     
          36
   145.074999999999        1088062499.99999     
         334
   145.424999999999        1090687499.99999     
         153
   145.774999999999        1093312499.99999     
          60
   146.124999999999        1095937499.99999     
         492
   146.474999999999        1098562499.99999     
          15
   146.824999999999        1101187499.99999     
           8
   147.174999999999        1103812499.99999     
         316
   147.524999999999        1106437499.99999     
         165
   147.874999999999        1109062499.99999     
          29
   148.224999999999        1111687499.99999     
         430
   148.574999999999        1114312499.99999     
         209
   148.924999999999        1116937499.99999     
         445
   149.274999999999        1119562499.99999     
         426
   149.624999999999        1122187499.99999     
         421
   149.974999999999        1124812499.99999     
          78
   150.324999999999        1127437499.99999     
         301
   150.674999999999        1130062499.99999     
         415
   151.024999999999        1132687499.99999     
         236
   151.374999999999        1135312499.99999     
          43
   151.724999999999        1137937499.99999     
         530
   152.074999999999        1140562499.99999     
         501
   152.424999999999        1143187499.99999     
         342
   152.774999999999        1145812499.99999     
         480
   153.124999999999        1148437499.99999     
          91
   153.474999999999        1151062499.99999     
         298
   153.824999999999        1153687499.99999     
         210
   154.174999999999        1156312499.99999     
         502
   154.524999999999        1158937499.99999     
         339
   154.874999999999        1161562499.99999     
         164
   155.224999999999        1164187499.99999     
         506
   155.574999999999        1166812499.99999     
         219
   155.924999999999        1169437499.99999     
          19
   156.274999999999        1172062499.99999     
         196
   156.624999999999        1174687499.99999     
         252
   156.974999999999        1177312499.99999     
         508
   157.324999999999        1179937499.99999     
         281
   157.674999999999        1182562499.99999     
         342
   158.024999999999        1185187499.99999     
          42
   158.374999999999        1187812499.99999     
         412
   158.724999999999        1190437499.99999     
         152
   159.074999999999        1193062499.99999     
         150
   159.424999999999        1195687499.99999     
           0
   159.774999999999        1198312499.99999     
         207
   160.124999999999        1200937499.99999     
         186
   160.474999999999        1203562499.99999     
         319
   160.824999999999        1206187499.99999     
         540
   161.174999999999        1208812499.99999     
         154
   161.524999999999        1211437499.99999     
         127
   161.874999999999        1214062499.99999     
         250
   162.224999999999        1216687499.99999     
         188
   162.574999999999        1219312499.99999     
         349
   162.924999999999        1221937499.99999     
         148
   163.274999999999        1224562499.99999     
         155
   163.624999999999        1227187499.99999     
         247
   163.974999999999        1229812499.99999     
           6
   164.324999999999        1232437499.99999     
         214
   164.674999999999        1235062499.99999     
         361
   165.024999999999        1237687499.99999     
         274
   165.374999999999        1240312499.99999     
         127
   165.724999999999        1242937499.99999     
         131
   166.074999999999        1245562499.99999     
         350
   166.424999999999        1248187499.99999     
         442
   166.774999999998        1250812499.99999     
         478
   167.124999999998        1253437499.99999     
         280
   167.474999999998        1256062499.99999     
          75
   167.824999999998        1258687499.99999     
          59
   168.174999999998        1261312499.99999     
         138
   168.524999999998        1263937499.99999     
         162
   168.874999999998        1266562499.99999     
          80
   169.224999999998        1269187499.99999     
         226
   169.574999999998        1271812499.99999     
         403
   169.924999999998        1274437499.99999     
         504
   170.274999999998        1277062499.99999     
         510
   170.624999999998        1279687499.99999     
         442
   170.974999999998        1282312499.99999     
         453
   171.324999999998        1284937499.99999     
         423
   171.674999999998        1287562499.99999     
         151
   172.024999999998        1290187499.99999     
          87
   172.374999999998        1292812499.99999     
          25
   172.724999999998        1295437499.99999     
         318
   173.074999999998        1298062499.99999     
         486
   173.424999999998        1300687499.99999     
         199
   173.774999999998        1303312499.99999     
         171
   174.124999999998        1305937499.99999     
         407
   174.474999999998        1308562499.99999     
         427
   174.824999999998        1311187499.99999     
         258
   175.174999999998        1313812499.99999     
         257
   175.524999999998        1316437499.99999     
         379
   175.874999999998        1319062499.99999     
         423
   176.224999999998        1321687499.99999     
         125
   176.574999999998        1324312499.99999     
         102
   176.924999999998        1326937499.99999     
         306
   177.274999999998        1329562499.99999     
         235
   177.624999999998        1332187499.99999     
         258
   177.974999999998        1334812499.99999     
         388
   178.324999999998        1337437499.99999     
         233
   178.674999999998        1340062499.99999     
         538
   179.024999999998        1342687499.99999     
         466
   179.374999999998        1345312499.99999     
         485
   179.724999999998        1347937499.99999     
         171
   180.074999999998        1350562499.99999     
         337
   180.424999999998        1353187499.99999     
         281
   180.774999999998        1355812499.99999     
         205
   181.124999999998        1358437499.99999     
         128
   181.474999999998        1361062499.99999     
         234
   181.824999999998        1363687499.99999     
          41
   182.174999999998        1366312499.99999     
         433
   182.524999999998        1368937499.99999     
         513
   182.874999999998        1371562499.99999     
         538
   183.224999999998        1374187499.99999     
         473
   183.574999999998        1376812499.99999     
         334
   183.924999999998        1379437499.99999     
         480
   184.274999999998        1382062499.99999     
         124
   184.624999999998        1384687499.99999     
         412
   184.974999999998        1387312499.99999     
         209
   185.324999999998        1389937499.99999     
         364
   185.674999999998        1392562499.99999     
         169
   186.024999999998        1395187499.99999     
         352
   186.374999999998        1397812499.99999     
          42
   186.724999999998        1400437499.99999     
          62
   187.074999999998        1403062499.99999     
         464
   187.424999999998        1405687499.99999     
         428
   187.774999999998        1408312499.99999     
         244
   188.124999999998        1410937499.99999     
         520
   188.474999999998        1413562499.99999     
         352
   188.824999999998        1416187499.99999     
         438
   189.174999999998        1418812499.99999     
         436
   189.524999999998        1421437499.99999     
          81
   189.874999999998        1424062499.99999     
         527
   190.224999999998        1426687499.99999     
         448
   190.574999999998        1429312499.99999     
          26
   190.924999999998        1431937499.99999     
         304
   191.274999999998        1434562499.99999     
         487
   191.624999999998        1437187499.99999     
          86
   191.974999999998        1439812499.99999     
         101
   192.324999999998        1442437499.99999     
         334
   192.674999999998        1445062499.99999     
         115
   193.024999999998        1447687499.99999     
          93
   193.374999999998        1450312499.99999     
         386
   193.724999999998        1452937499.99999     
         417
   194.074999999998        1455562499.99999     
         297
   194.424999999998        1458187499.99999     
         519
   194.774999999998        1460812499.99999     
           1
   195.124999999998        1463437499.99999     
          47
   195.474999999998        1466062499.99999     
         520
   195.824999999998        1468687499.99999     
         427
   196.174999999998        1471312499.99999     
          49
   196.524999999998        1473937499.99999     
         199
   196.874999999998        1476562499.99998     
          78
   197.224999999998        1479187499.99998     
         290
   197.574999999998        1481812499.99998     
         140
   197.924999999998        1484437499.99998     
         504
   198.274999999998        1487062499.99998     
         192
   198.624999999998        1489687499.99998     
          44
   198.974999999998        1492312499.99998     
          71
   199.324999999998        1494937499.99998     
         375
   199.674999999998        1497562499.99998     
         498
   200.024999999998        1500187499.99998     
         266
   200.374999999998        1502812499.99998     
         148
   200.724999999998        1505437499.99998     
         418
   201.074999999998        1508062499.99998     
         460
   201.424999999998        1510687499.99998     
         367
   201.774999999998        1513312499.99998     
         387
   202.124999999998        1515937499.99998     
         466
   202.474999999998        1518562499.99998     
          80
   202.824999999998        1521187499.99998     
          64
   203.174999999998        1523812499.99998     
         215
   203.524999999998        1526437499.99998     
         325
   203.874999999998        1529062499.99998     
          80
   204.224999999998        1531687499.99998     
         299
   204.574999999998        1534312499.99998     
         446
   204.924999999998        1536937499.99998     
         439
   205.274999999998        1539562499.99998     
         148
   205.624999999998        1542187499.99998     
          66
   205.974999999998        1544812499.99998     
         531
   206.324999999998        1547437499.99998     
         420
   206.674999999998        1550062499.99998     
         391
   207.024999999998        1552687499.99998     
         140
   207.374999999998        1555312499.99998     
          97
   207.724999999998        1557937499.99998     
         388
   208.074999999998        1560562499.99998     
         145
   208.424999999998        1563187499.99998     
         104
   208.774999999998        1565812499.99998     
           4
   209.124999999998        1568437499.99998     
         181
   209.474999999998        1571062499.99998     
         522
   209.824999999998        1573687499.99998     
         474
   210.174999999998        1576312499.99998     
          30
   210.524999999998        1578937499.99998     
         347
   210.874999999998        1581562499.99998     
         286
   211.224999999998        1584187499.99998     
          27
   211.574999999998        1586812499.99998     
         195
   211.924999999998        1589437499.99998     
         405
   212.274999999998        1592062499.99998     
         212
   212.624999999998        1594687499.99998     
          38
   212.974999999998        1597312499.99998     
         245
   213.324999999998        1599937499.99998     
         327
   213.674999999998        1602562499.99998     
         151
   214.024999999998        1605187499.99998     
          39
   214.374999999998        1607812499.99998     
         374
   214.724999999998        1610437499.99998     
         196
   215.074999999998        1613062499.99998     
         116
   215.424999999998        1615687499.99998     
         485
   215.774999999998        1618312499.99998     
          24
   216.124999999998        1620937499.99998     
         506
   216.474999999998        1623562499.99998     
         135
   216.824999999998        1626187499.99998     
          77
   217.174999999998        1628812499.99998     
          88
   217.524999999998        1631437499.99998     
         360
   217.874999999998        1634062499.99998     
         493
   218.224999999998        1636687499.99998     
          46
   218.574999999998        1639312499.99998     
         205
   218.924999999998        1641937499.99998     
         148
   219.274999999998        1644562499.99998     
         494
   219.624999999998        1647187499.99998     
         524
   219.974999999998        1649812499.99998     
          93
   220.324999999998        1652437499.99998     
         272
   220.674999999998        1655062499.99998     
         384
   221.024999999998        1657687499.99998     
         287
   221.374999999998        1660312499.99998     
         490
   221.724999999998        1662937499.99998     
         327
   222.074999999998        1665562499.99998     
          44
   222.424999999998        1668187499.99998     
         262
   222.774999999998        1670812499.99998     
          90
   223.124999999998        1673437499.99998     
         309
   223.474999999998        1676062499.99998     
         360
   223.824999999998        1678687499.99998     
         239
   224.174999999998        1681312499.99998     
         359
   224.524999999998        1683937499.99998     
         435
   224.874999999998        1686562499.99998     
         139
   225.224999999998        1689187499.99998     
         132
   225.574999999998        1691812499.99998     
         324
   225.924999999998        1694437499.99998     
         398
   226.274999999998        1697062499.99998     
         173
   226.624999999998        1699687499.99998     
         107
   226.974999999998        1702312499.99998     
          50
   227.324999999998        1704937499.99998     
         522
   227.674999999998        1707562499.99998     
         407
   228.024999999998        1710187499.99998     
         423
   228.374999999997        1712812499.99998     
          93
   228.724999999997        1715437499.99998     
          30
   229.074999999997        1718062499.99998     
         158
   229.424999999997        1720687499.99998     
         122
   229.774999999997        1723312499.99998     
          72
   230.124999999997        1725937499.99998     
         157
   230.474999999997        1728562499.99998     
         485
   230.824999999997        1731187499.99998     
           9
   231.174999999997        1733812499.99998     
         121
   231.524999999997        1736437499.99998     
         322
   231.874999999997        1739062499.99998     
         402
   232.224999999997        1741687499.99998     
         359
   232.574999999997        1744312499.99998     
          80
   232.924999999997        1746937499.99998     
         526
   233.274999999997        1749562499.99998     
          98
   233.624999999997        1752187499.99998     
         480
   233.974999999997        1754812499.99998     
         166
   234.324999999997        1757437499.99998     
         435
   234.674999999997        1760062499.99998     
         523
   235.024999999997        1762687499.99998     
         450
   235.374999999997        1765312499.99998     
         495
   235.724999999997        1767937499.99998     
         335
   236.074999999997        1770562499.99998     
         220
   236.424999999997        1773187499.99998     
         476
   236.774999999997        1775812499.99998     
         366
   237.124999999997        1778437499.99998     
         500
   237.474999999997        1781062499.99998     
          93
   237.824999999997        1783687499.99998     
         325
   238.174999999997        1786312499.99998     
         514
   238.524999999997        1788937499.99998     
         494
   238.874999999997        1791562499.99998     
         417
   239.224999999997        1794187499.99998     
          85
   239.574999999997        1796812499.99998     
          45
   239.924999999997        1799437499.99998     
         223
   240.274999999997        1802062499.99998     
         386
   240.624999999997        1804687499.99998     
         526
   240.974999999997        1807312499.99998     
          84
   241.324999999997        1809937499.99998     
         355
   241.674999999997        1812562499.99998     
         256
   242.024999999997        1815187499.99998     
         515
   242.374999999997        1817812499.99998     
         348
   242.724999999997        1820437499.99998     
         331
   243.074999999997        1823062499.99998     
         146
   243.424999999997        1825687499.99998     
           3
   243.774999999997        1828312499.99998     
         414
   244.124999999997        1830937499.99998     
          18
   244.474999999997        1833562499.99998     
         303
   244.824999999997        1836187499.99998     
         105
   245.174999999997        1838812499.99998     
         368
   245.524999999997        1841437499.99998     
         219
   245.874999999997        1844062499.99998     
          71
   246.224999999997        1846687499.99998     
          28
   246.574999999997        1849312499.99998     
         478
   246.924999999997        1851937499.99998     
          36
   247.274999999997        1854562499.99998     
         537
   247.624999999997        1857187499.99998     
         197
   247.974999999997        1859812499.99998     
         357
   248.324999999997        1862437499.99998     
         371
   248.674999999997        1865062499.99998     
          95
   249.024999999997        1867687499.99998     
         246
   249.374999999997        1870312499.99998     
         377
   249.724999999997        1872937499.99998     
         489
   250.074999999997        1875562499.99998     
         350
   250.424999999997        1878187499.99998     
          20
   250.774999999997        1880812499.99998     
         190
   251.124999999997        1883437499.99998     
         431
   251.474999999997        1886062499.99998     
         113
   251.824999999997        1888687499.99998     
         123
   252.174999999997        1891312499.99998     
         234
   252.524999999997        1893937499.99998     
         136
   252.874999999997        1896562499.99998     
         256
   253.224999999997        1899187499.99998     
         407
   253.574999999997        1901812499.99998     
         109
   253.924999999997        1904437499.99998     
         435
   254.274999999997        1907062499.99998     
         110
   254.624999999997        1909687499.99998     
          90
   254.974999999997        1912312499.99998     
          11
   255.324999999997        1914937499.99998     
         527
   255.674999999997        1917562499.99998     
         146
   256.024999999997        1920187499.99998     
         418
   256.374999999997        1922812499.99998     
         364
   256.724999999997        1925437499.99998     
         450
   257.074999999997        1928062499.99998     
          31
   257.424999999997        1930687499.99998     
          74
   257.774999999997        1933312499.99998     
         330
   258.124999999997        1935937499.99998     
         177
   258.474999999997        1938562499.99998     
         224
   258.824999999997        1941187499.99998     
         176
   259.174999999997        1943812499.99998     
         527
   259.524999999997        1946437499.99998     
         278
   259.874999999997        1949062499.99998     
         275
   260.224999999997        1951687499.99998     
         345
   260.574999999997        1954312499.99998     
           0
   260.924999999997        1956937499.99998     
         326
   261.274999999997        1959562499.99998     
         536
   261.624999999997        1962187499.99998     
          41
   261.974999999997        1964812499.99998     
         347
   262.324999999997        1967437499.99998     
         263
   262.674999999998        1970062499.99998     
         510
   263.024999999998        1972687499.99998     
          10
   263.374999999998        1975312499.99998     
         241
   263.724999999998        1977937499.99998     
         506
   264.074999999998        1980562499.99998     
         372
   264.424999999998        1983187499.99998     
         311
   264.774999999998        1985812499.99998     
         296
   265.124999999998        1988437499.99998     
         467
   265.474999999998        1991062499.99998     
         129
   265.824999999998        1993687499.99998     
         390
   266.174999999998        1996312499.99998     
         275
   266.524999999998        1998937499.99998     
          41
   266.874999999998        2001562499.99998     
         348
   267.224999999998        2004187499.99998     
         118
   267.574999999998        2006812499.99998     
         119
   267.924999999998        2009437499.99998     
         102
   268.274999999998        2012062499.99998     
         241
   268.624999999998        2014687499.99998     
         336
   268.974999999998        2017312499.99998     
         494
   269.324999999998        2019937499.99998     
         337
   269.674999999998        2022562499.99998     
         291
   270.024999999998        2025187499.99998     
         406
   270.374999999998        2027812499.99998     
          26
   270.724999999998        2030437499.99999     
         447
   271.074999999998        2033062499.99999     
         348
   271.424999999998        2035687499.99999     
         492
   271.774999999998        2038312499.99999     
         331
   272.124999999998        2040937499.99999     
         283
   272.474999999998        2043562499.99999     
          85
   272.824999999998        2046187499.99999     
         350
   273.174999999998        2048812499.99999     
          16
   273.524999999998        2051437499.99999     
         426
   273.874999999998        2054062499.99999     
         278
   274.224999999998        2056687499.99999     
          52
   274.574999999998        2059312499.99999     
         276
   274.924999999998        2061937499.99999     
         533
   275.274999999998        2064562499.99999     
         296
   275.624999999998        2067187499.99999     
         447
   275.974999999998        2069812499.99999     
         354
   276.324999999998        2072437499.99999     
         438
   276.674999999998        2075062499.99999     
          82
   277.024999999998        2077687499.99999     
         352
   277.374999999998        2080312499.99999     
         521
   277.724999999998        2082937499.99999     
         222
   278.074999999999        2085562499.99999     
         468
   278.424999999999        2088187499.99999     
         168
   278.774999999999        2090812499.99999     
         172
   279.124999999999        2093437499.99999     
          59
   279.474999999999        2096062499.99999     
         452
   279.824999999999        2098687499.99999     
         456
   280.174999999999        2101312499.99999     
         493
   280.524999999999        2103937499.99999     
         167
   280.874999999999        2106562499.99999     
         415
   281.224999999999        2109187499.99999     
         402
   281.574999999999        2111812499.99999     
          24
   281.924999999999        2114437499.99999     
         499
   282.274999999999        2117062499.99999     
         367
   282.624999999999        2119687499.99999     
         326
   282.974999999999        2122312499.99999     
         191
   283.324999999999        2124937499.99999     
         159
   283.674999999999        2127562499.99999     
         351
   284.024999999999        2130187499.99999     
         317
   284.374999999999        2132812499.99999     
         126
   284.724999999999        2135437499.99999     
         356
   285.074999999999        2138062499.99999     
         160
   285.424999999999        2140687499.99999     
          66
   285.774999999999        2143312499.99999     
         138
   286.124999999999        2145937499.99999     
         214
   286.474999999999        2148562499.99999     
         150
   286.824999999999        2151187499.99999     
         230
   287.174999999999        2153812499.99999     
         412
   287.524999999999        2156437499.99999     
          44
   287.874999999999        2159062499.99999     
         166
   288.224999999999        2161687499.99999     
         414
   288.574999999999        2164312499.99999     
         185
   288.924999999999        2166937499.99999     
         442
   289.274999999999        2169562499.99999     
          65
   289.624999999999        2172187499.99999     
         411
   289.974999999999        2174812499.99999     
         357
   290.324999999999        2177437499.99999     
         491
   290.674999999999        2180062499.99999     
         108
   291.024999999999        2182687500.00000     
          28
   291.374999999999        2185312500.00000     
         403
   291.724999999999        2187937500.00000     
         227
   292.074999999999        2190562500.00000     
         333
   292.424999999999        2193187500.00000     
          99
   292.774999999999        2195812500.00000     
         386
   293.124999999999        2198437500.00000     
         537
   293.475000000000        2201062500.00000     
          14
   293.825000000000        2203687500.00000     
         331
   294.175000000000        2206312500.00000     
         119
   294.525000000000        2208937500.00000     
         262
   294.875000000000        2211562500.00000     
          21
   295.225000000000        2214187500.00000     
         405
   295.575000000000        2216812500.00000     
         334
   295.925000000000        2219437500.00000     
         187
   296.275000000000        2222062500.00000     
         333
   296.625000000000        2224687500.00000     
         309
   296.975000000000        2227312500.00000     
         210
   297.325000000000        2229937500.00000     
          77
   297.675000000000        2232562500.00000     
         461
   298.025000000000        2235187500.00000     
         452
   298.375000000000        2237812500.00000     
         333
   298.725000000000        2240437500.00000     
         527
   299.075000000000        2243062500.00000     
         231
   299.425000000000        2245687500.00000     
         228
   299.775000000000        2248312500.00000     
         471
   300.125000000000        2250937500.00000     
         357
   300.475000000000        2253562500.00000     
         227
   300.825000000000        2256187500.00000     
         518
   301.175000000000        2258812500.00000     
         123
   301.525000000000        2261437500.00000     
         509
   301.875000000000        2264062500.00000     
         234
   302.225000000000        2266687500.00000     
         420
   302.575000000000        2269312500.00000     
         374
   302.925000000000        2271937500.00000     
         302
   303.275000000000        2274562500.00000     
         348
   303.625000000000        2277187500.00000     
          93
   303.975000000000        2279812500.00000     
         140
   304.325000000000        2282437500.00000     
          97
   304.675000000000        2285062500.00000     
          40
   305.025000000000        2287687500.00000     
         154
   305.375000000000        2290312500.00000     
         174
   305.725000000000        2292937500.00000     
         168
   306.075000000000        2295562500.00000     
         539
   306.425000000000        2298187500.00000     
         492
   306.775000000000        2300812500.00000     
         459
   307.125000000000        2303437500.00000     
         504
   307.475000000000        2306062500.00000     
         365
   307.825000000000        2308687500.00000     
          39
   308.175000000000        2311312500.00000     
           0
   308.525000000000        2313937500.00000     
          37
   308.875000000001        2316562500.00000     
          90
   309.225000000001        2319187500.00000     
          23
   309.575000000001        2321812500.00000     
         502
   309.925000000001        2324437500.00000     
         106
   310.275000000001        2327062500.00000     
         451
   310.625000000001        2329687500.00000     
         206
   310.975000000001        2332312500.00000     
         462
   311.325000000001        2334937500.00001     
         256
   311.675000000001        2337562500.00001     
         165
   312.025000000001        2340187500.00001     
         316
   312.375000000001        2342812500.00001     
         412
   312.725000000001        2345437500.00001     
         512
   313.075000000001        2348062500.00001     
         117
   313.425000000001        2350687500.00001     
         265
   313.775000000001        2353312500.00001     
          17
   314.125000000001        2355937500.00001     
         328
   314.475000000001        2358562500.00001     
         412
   314.825000000001        2361187500.00001     
         418
   315.175000000001        2363812500.00001     
          69
   315.525000000001        2366437500.00001     
         119
   315.875000000001        2369062500.00001     
         310
   316.225000000001        2371687500.00001     
         226
   316.575000000001        2374312500.00001     
         302
   316.925000000001        2376937500.00001     
          74
   317.275000000001        2379562500.00001     
         132
   317.625000000001        2382187500.00001     
         107
   317.975000000001        2384812500.00001     
         112
   318.325000000001        2387437500.00001     
         138
   318.675000000001        2390062500.00001     
         142
   319.025000000001        2392687500.00001     
         311
   319.375000000001        2395312500.00001     
         455
   319.725000000001        2397937500.00001     
         383
   320.075000000001        2400562500.00001     
         537
   320.425000000001        2403187500.00001     
         183
   320.775000000001        2405812500.00001     
          28
   321.125000000001        2408437500.00001     
         496
   321.475000000001        2411062500.00001     
         255
   321.825000000001        2413687500.00001     
         215
   322.175000000001        2416312500.00001     
         107
   322.525000000001        2418937500.00001     
          92
   322.875000000001        2421562500.00001     
         414
   323.225000000001        2424187500.00001     
         294
   323.575000000001        2426812500.00001     
         106
   323.925000000001        2429437500.00001     
         316
   324.275000000002        2432062500.00001     
         478
   324.625000000002        2434687500.00001     
         148
   324.975000000002        2437312500.00001     
          50
   325.325000000002        2439937500.00001     
         222
   325.675000000002        2442562500.00001     
           8
   326.025000000002        2445187500.00001     
          94
   326.375000000002        2447812500.00001     
         477
   326.725000000002        2450437500.00001     
         494
   327.075000000002        2453062500.00001     
         367
   327.425000000002        2455687500.00001     
          96
   327.775000000002        2458312500.00001     
         527
   328.125000000002        2460937500.00001     
         135
   328.475000000002        2463562500.00001     
         179
   328.825000000002        2466187500.00001     
         443
   329.175000000002        2468812500.00001     
         374
   329.525000000002        2471437500.00001     
         176
   329.875000000002        2474062500.00001     
         240
   330.225000000002        2476687500.00001     
         175
   330.575000000002        2479312500.00001     
          24
   330.925000000002        2481937500.00001     
           8
   331.275000000002        2484562500.00001     
         224
   331.625000000002        2487187500.00001     
         170
   331.975000000002        2489812500.00002     
          45
   332.325000000002        2492437500.00002     
         188
   332.675000000002        2495062500.00002     
         104
   333.025000000002        2497687500.00002     
         331
   333.375000000002        2500312500.00002     
         349
   333.725000000002        2502937500.00002     
         112
   334.075000000002        2505562500.00002     
         472
   334.425000000002        2508187500.00002     
         191
   334.775000000002        2510812500.00002     
         134
   335.125000000002        2513437500.00002     
          78
   335.475000000002        2516062500.00002     
         534
   335.825000000002        2518687500.00002     
         410
   336.175000000002        2521312500.00002     
          43
   336.525000000002        2523937500.00002     
          94
   336.875000000002        2526562500.00002     
          59
   337.225000000002        2529187500.00002     
          24
   337.575000000002        2531812500.00002     
         184
   337.925000000002        2534437500.00002     
         123
   338.275000000002        2537062500.00002     
         327
   338.625000000002        2539687500.00002     
         246
   338.975000000002        2542312500.00002     
         511
   339.325000000002        2544937500.00002     
          74
   339.675000000003        2547562500.00002     
         137
   340.025000000003        2550187500.00002     
         285
   340.375000000003        2552812500.00002     
          88
   340.725000000003        2555437500.00002     
         517
   341.075000000003        2558062500.00002     
         265
   341.425000000003        2560687500.00002     
         141
   341.775000000003        2563312500.00002     
         531
   342.125000000003        2565937500.00002     
         277
   342.475000000003        2568562500.00002     
         287
   342.825000000003        2571187500.00002     
          89
   343.175000000003        2573812500.00002     
         348
   343.525000000003        2576437500.00002     
         266
   343.875000000003        2579062500.00002     
         452
   344.225000000003        2581687500.00002     
         326
   344.575000000003        2584312500.00002     
         519
   344.925000000003        2586937500.00002     
         345
   345.275000000003        2589562500.00002     
         367
   345.625000000003        2592187500.00002     
         371
   345.975000000003        2594812500.00002     
         253
   346.325000000003        2597437500.00002     
         520
   346.675000000003        2600062500.00002     
         248
   347.025000000003        2602687500.00002     
         159
   347.375000000003        2605312500.00002     
         209
   347.725000000003        2607937500.00002     
         505
   348.075000000003        2610562500.00002     
          16
   348.425000000003        2613187500.00002     
         247
   348.775000000003        2615812500.00002     
         192
   349.125000000003        2618437500.00002     
         265
   349.475000000003        2621062500.00002     
          37
   349.825000000003        2623687500.00002     
         367
   350.175000000003        2626312500.00002     
         225
   350.525000000003        2628937500.00002     
         532
   350.875000000003        2631562500.00002     
          34
   351.225000000003        2634187500.00002     
         453
   351.575000000003        2636812500.00002     
         496
   351.925000000003        2639437500.00002     
         538
   352.275000000003        2642062500.00002     
         267
   352.625000000003        2644687500.00003     
          54
   352.975000000003        2647312500.00003     
         539
   353.325000000003        2649937500.00003     
          57
   353.675000000003        2652562500.00003     
         202
   354.025000000003        2655187500.00003     
         533
   354.375000000003        2657812500.00003     
         408
   354.725000000003        2660437500.00003     
         164
   355.075000000004        2663062500.00003     
         461
   355.425000000004        2665687500.00003     
         228
   355.775000000004        2668312500.00003     
         171
   356.125000000004        2670937500.00003     
         370
   356.475000000004        2673562500.00003     
          60
   356.825000000004        2676187500.00003     
         236
   357.175000000004        2678812500.00003     
         106
   357.525000000004        2681437500.00003     
         374
   357.875000000004        2684062500.00003     
         169
   358.225000000004        2686687500.00003     
         491
   358.575000000004        2689312500.00003     
         124
   358.925000000004        2691937500.00003     
          74
   359.275000000004        2694562500.00003     
         151
   359.625000000004        2697187500.00003     
         208
   359.975000000004        2699812500.00003     
         365
   360.325000000004        2702437500.00003     
         410
   360.675000000004        2705062500.00003     
         426
   361.025000000004        2707687500.00003     
         461
   361.375000000004        2710312500.00003     
         302
   361.725000000004        2712937500.00003     
         460
   362.075000000004        2715562500.00003     
         414
   362.425000000004        2718187500.00003     
         369
   362.775000000004        2720812500.00003     
          98
   363.125000000004        2723437500.00003     
          60
   363.475000000004        2726062500.00003     
         109
   363.825000000004        2728687500.00003     
         515
   364.175000000004        2731312500.00003     
         495
   364.525000000004        2733937500.00003     
         173
   364.875000000004        2736562500.00003     
          61
   365.225000000004        2739187500.00003     
         209
   365.575000000004        2741812500.00003     
         194
   365.925000000004        2744437500.00003     
         103
   366.275000000004        2747062500.00003     
         137
   366.625000000004        2749687500.00003     
         376
   366.975000000004        2752312500.00003     
         189
   367.325000000004        2754937500.00003     
           5
   367.675000000004        2757562500.00003     
         388
   368.025000000004        2760187500.00003     
         150
   368.375000000004        2762812500.00003     
           8
   368.725000000004        2765437500.00003     
         150
   369.075000000004        2768062500.00003     
          12
   369.425000000004        2770687500.00003     
         107
   369.775000000004        2773312500.00003     
         297
   370.125000000004        2775937500.00003     
         500
   370.475000000005        2778562500.00003     
         178
   370.825000000005        2781187500.00003     
         231
   371.175000000005        2783812500.00003     
         291
   371.525000000005        2786437500.00003     
          40
   371.875000000005        2789062500.00003     
         205
   372.225000000005        2791687500.00003     
          65
   372.575000000005        2794312500.00003     
         188
   372.925000000005        2796937500.00003     
         283
   373.275000000005        2799562500.00004     
         485
   373.625000000005        2802187500.00004     
         423
   373.975000000005        2804812500.00004     
          90
   374.325000000005        2807437500.00004     
         424
   374.675000000005        2810062500.00004     
         396
   375.025000000005        2812687500.00004     
         521
   375.375000000005        2815312500.00004     
         202
   375.725000000005        2817937500.00004     
         241
   376.075000000005        2820562500.00004     
         374
   376.425000000005        2823187500.00004     
         202
   376.775000000005        2825812500.00004     
          76
   377.125000000005        2828437500.00004     
         186
   377.475000000005        2831062500.00004     
         465
   377.825000000005        2833687500.00004     
         221
   378.175000000005        2836312500.00004     
         215
   378.525000000005        2838937500.00004     
         307
   378.875000000005        2841562500.00004     
         112
   379.225000000005        2844187500.00004     
         176
   379.575000000005        2846812500.00004     
         187
   379.925000000005        2849437500.00004     
           0
   380.275000000005        2852062500.00004     
         425
   380.625000000005        2854687500.00004     
          10
   380.975000000005        2857312500.00004     
         151
   381.325000000005        2859937500.00004     
         207
   381.675000000005        2862562500.00004     
          24
   382.025000000005        2865187500.00004     
         534
   382.375000000005        2867812500.00004     
         356
   382.725000000005        2870437500.00004     
         489
   383.075000000005        2873062500.00004     
         121
   383.425000000005        2875687500.00004     
         454
   383.775000000005        2878312500.00004     
         349
   384.125000000005        2880937500.00004     
         385
   384.475000000005        2883562500.00004     
         166
   384.825000000005        2886187500.00004     
         349
   385.175000000005        2888812500.00004     
         235
   385.525000000005        2891437500.00004     
         367
   385.875000000006        2894062500.00004     
         532
   386.225000000006        2896687500.00004     
          66
   386.575000000006        2899312500.00004     
          39
   386.925000000006        2901937500.00004     
         334
   387.275000000006        2904562500.00004     
         139
   387.625000000006        2907187500.00004     
          34
   387.975000000006        2909812500.00004     
         227
   388.325000000006        2912437500.00004     
          24
   388.675000000006        2915062500.00004     
         499
   389.025000000006        2917687500.00004     
         355
   389.375000000006        2920312500.00004     
         338
   389.725000000006        2922937500.00004     
         255
   390.075000000006        2925562500.00004     
         483
   390.425000000006        2928187500.00004     
          64
   390.775000000006        2930812500.00004     
          27
   391.125000000006        2933437500.00004     
         365
   391.475000000006        2936062500.00004     
          23
   391.825000000006        2938687500.00004     
         182
   392.175000000006        2941312500.00004     
          96
   392.525000000006        2943937500.00004     
         348
   392.875000000006        2946562500.00004     
         514
   393.225000000006        2949187500.00004     
         442
   393.575000000006        2951812500.00005     
         275
   393.925000000006        2954437500.00005     
         411
   394.275000000006        2957062500.00005     
         482
   394.625000000006        2959687500.00005     
         399
   394.975000000006        2962312500.00005     
         306
   395.325000000006        2964937500.00005     
         476
   395.675000000006        2967562500.00005     
         436
   396.025000000006        2970187500.00005     
         405
   396.375000000006        2972812500.00005     
         254
   396.725000000006        2975437500.00005     
         184
   397.075000000006        2978062500.00005     
         343
   397.425000000006        2980687500.00005     
         519
   397.775000000006        2983312500.00005     
         143
   398.125000000006        2985937500.00005     
         297
   398.475000000006        2988562500.00005     
         419
   398.825000000006        2991187500.00005     
         232
   399.175000000006        2993812500.00005     
          23
   399.525000000006        2996437500.00005     
         394
   399.875000000006        2999062500.00005     
         169
   400.225000000006        3001687500.00005     
         139
   400.575000000006        3004312500.00005     
         453
   400.925000000006        3006937500.00005     
           6
   401.275000000007        3009562500.00005     
         126
   401.625000000007        3012187500.00005     
         425
   401.975000000007        3014812500.00005     
         519
   402.325000000007        3017437500.00005     
         362
   402.675000000007        3020062500.00005     
         394
   403.025000000007        3022687500.00005     
         192
   403.375000000007        3025312500.00005     
         300
   403.725000000007        3027937500.00005     
         170
   404.075000000007        3030562500.00005     
         188
   404.425000000007        3033187500.00005     
         229
   404.775000000007        3035812500.00005     
         455
   405.125000000007        3038437500.00005     
         296
   405.475000000007        3041062500.00005     
         500
   405.825000000007        3043687500.00005     
         200
   406.175000000007        3046312500.00005     
         514
   406.525000000007        3048937500.00005     
         332
   406.875000000007        3051562500.00005     
         244
   407.225000000007        3054187500.00005     
          32
   407.575000000007        3056812500.00005     
         226
   407.925000000007        3059437500.00005     
         327
   408.275000000007        3062062500.00005     
         430
   408.625000000007        3064687500.00005     
         270
   408.975000000007        3067312500.00005     
         460
   409.325000000007        3069937500.00005     
         115
   409.675000000007        3072562500.00005     
         221
   410.025000000007        3075187500.00005     
         487
   410.375000000007        3077812500.00005     
         171
   410.725000000007        3080437500.00005     
          94
   411.075000000007        3083062500.00005     
         324
   411.425000000007        3085687500.00005     
         414
   411.775000000007        3088312500.00005     
         477
   412.125000000007        3090937500.00005     
         269
   412.475000000007        3093562500.00005     
         455
   412.825000000007        3096187500.00005     
         466
   413.175000000007        3098812500.00005     
         211
   413.525000000007        3101437500.00005     
          19
   413.875000000007        3104062500.00005     
         468
   414.225000000007        3106687500.00006     
         305
   414.575000000007        3109312500.00006     
         200
   414.925000000007        3111937500.00006     
         213
   415.275000000007        3114562500.00006     
         208
   415.625000000007        3117187500.00006     
         259
   415.975000000007        3119812500.00006     
         300
   416.325000000007        3122437500.00006     
         464
   416.675000000008        3125062500.00006     
         450
   417.025000000008        3127687500.00006     
         384
   417.375000000008        3130312500.00006     
         528
   417.725000000008        3132937500.00006     
          24
   418.075000000008        3135562500.00006     
         205
   418.425000000008        3138187500.00006     
         365
   418.775000000008        3140812500.00006     
         104
   419.125000000008        3143437500.00006     
         500
   419.475000000008        3146062500.00006     
         256
   419.825000000008        3148687500.00006     
